Datetime,Open,High,Low,Close,Adj Close,Volume
2024-03-06 09:00:00+09:00,1753.5,1755.0,1743.5,1744.0,1744.0,0
2024-03-06 09:01:00+09:00,1744.5,1747.5,1731.0,1744.5,1744.5,109600
2024-03-06 09:02:00+09:00,1745.0,1761.5,1745.0,1757.0,1757.0,222800
2024-03-06 09:03:00+09:00,1758.0,1763.0,1748.5,1753.5,1753.5,136800
2024-03-06 09:04:00+09:00,1754.0,1763.0,1751.0,1760.0,1760.0,99100
2024-03-06 09:05:00+09:00,1760.5,1761.0,1754.0,1757.0,1757.0,61900
2024-03-06 09:06:00+09:00,1757.0,1759.0,1756.0,1757.5,1757.5,40300
2024-03-06 09:07:00+09:00,1758.0,1773.0,1758.0,1770.5,1770.5,128900
2024-03-06 09:08:00+09:00,1771.0,1774.0,1766.0,1766.0,1766.0,75700
2024-03-06 09:09:00+09:00,1765.5,1768.0,1759.5,1760.5,1760.5,70200
2024-03-06 09:10:00+09:00,1760.0,1767.0,1759.0,1765.0,1765.0,57800
2024-03-06 09:11:00+09:00,1765.0,1766.0,1751.0,1754.5,1754.5,93300
2024-03-06 09:12:00+09:00,1754.0,1759.0,1753.0,1756.0,1756.0,42100
2024-03-06 09:13:00+09:00,1756.5,1762.0,1756.0,1758.5,1758.5,33100
2024-03-06 09:14:00+09:00,1758.5,1760.5,1757.0,1759.5,1759.5,30600
2024-03-06 09:15:00+09:00,1759.5,1759.5,1752.0,1753.0,1753.0,40000
2024-03-06 09:16:00+09:00,1753.0,1759.5,1752.5,1759.5,1759.5,48100
2024-03-06 09:17:00+09:00,1759.0,1763.5,1759.0,1763.0,1763.0,41600
2024-03-06 09:18:00+09:00,1764.0,1767.0,1761.0,1761.0,1761.0,89400
2024-03-06 09:19:00+09:00,1761.0,1764.5,1759.0,1759.0,1759.0,33600
2024-03-06 09:20:00+09:00,1759.5,1760.0,1755.5,1757.0,1757.0,28100
2024-03-06 09:21:00+09:00,1756.5,1757.0,1752.5,1754.0,1754.0,30300
2024-03-06 09:22:00+09:00,1754.5,1758.5,1753.5,1758.5,1758.5,17200
2024-03-06 09:23:00+09:00,1758.5,1759.0,1753.5,1753.5,1753.5,21600
2024-03-06 09:24:00+09:00,1754.0,1762.0,1754.0,1759.5,1759.5,41800
2024-03-06 09:25:00+09:00,1760.0,1760.5,1756.5,1756.5,1756.5,25400
2024-03-06 09:26:00+09:00,1756.5,1759.0,1756.0,1758.5,1758.5,22300
2024-03-06 09:27:00+09:00,1758.0,1761.0,1758.0,1760.5,1760.5,30600
2024-03-06 09:28:00+09:00,1761.0,1764.0,1760.0,1762.5,1762.5,31500
2024-03-06 09:29:00+09:00,1762.5,1763.0,1759.0,1760.0,1760.0,23500
2024-03-06 09:30:00+09:00,1760.0,1765.5,1759.5,1764.0,1764.0,28400
2024-03-06 09:31:00+09:00,1764.5,1765.0,1763.0,1763.0,1763.0,21000
2024-03-06 09:32:00+09:00,1764.0,1766.0,1762.5,1763.5,1763.5,82900
2024-03-06 09:33:00+09:00,1763.5,1765.5,1763.5,1764.5,1764.5,17000
2024-03-06 09:34:00+09:00,1764.5,1769.0,1764.0,1768.0,1768.0,39300
2024-03-06 09:35:00+09:00,1768.0,1769.0,1763.0,1764.0,1764.0,20100
2024-03-06 09:36:00+09:00,1764.5,1768.0,1764.5,1766.5,1766.5,15000
2024-03-06 09:37:00+09:00,1767.0,1768.0,1765.5,1767.0,1767.0,9300
2024-03-06 09:38:00+09:00,1767.0,1768.0,1765.0,1765.5,1765.5,19400
2024-03-06 09:39:00+09:00,1765.0,1765.5,1763.0,1764.5,1764.5,22700
2024-03-06 09:40:00+09:00,1763.5,1764.5,1761.5,1762.0,1762.0,10000
2024-03-06 09:41:00+09:00,1762.5,1765.5,1762.0,1765.0,1765.0,27600
2024-03-06 09:42:00+09:00,1765.0,1766.5,1765.0,1766.0,1766.0,9500
2024-03-06 09:43:00+09:00,1763.5,1767.5,1763.0,1767.0,1767.0,43900
2024-03-06 09:44:00+09:00,1767.5,1771.5,1767.5,1770.0,1770.0,60600
2024-03-06 09:45:00+09:00,1770.5,1771.5,1770.0,1771.0,1771.0,9600
2024-03-06 09:46:00+09:00,1771.0,1772.0,1768.0,1768.5,1768.5,17200
2024-03-06 09:47:00+09:00,1768.5,1770.0,1768.0,1770.0,1770.0,9000
2024-03-06 09:48:00+09:00,1770.5,1770.5,1769.0,1770.0,1770.0,13100
2024-03-06 09:49:00+09:00,1770.0,1771.5,1769.0,1771.0,1771.0,30800
2024-03-06 09:50:00+09:00,1770.0,1771.5,1770.0,1771.5,1771.5,9000
2024-03-06 09:51:00+09:00,1770.5,1771.0,1769.0,1770.0,1770.0,18900
2024-03-06 09:52:00+09:00,1769.0,1776.5,1767.0,1774.0,1774.0,71300
2024-03-06 09:53:00+09:00,1774.0,1775.0,1771.0,1774.0,1774.0,14900
2024-03-06 09:54:00+09:00,1773.5,1774.5,1773.5,1774.5,1774.5,20200
2024-03-06 09:55:00+09:00,1773.0,1774.5,1773.0,1774.0,1774.0,21300
2024-03-06 09:56:00+09:00,1774.0,1776.0,1773.0,1774.5,1774.5,17700
2024-03-06 09:57:00+09:00,1775.0,1775.0,1774.5,1774.5,1774.5,200
2024-03-06 09:58:00+09:00,1774.5,1774.5,1773.5,1774.0,1774.0,24400
2024-03-06 09:59:00+09:00,1774.0,1774.5,1771.0,1772.5,1772.5,28300
2024-03-06 10:00:00+09:00,1772.5,1777.5,1772.5,1777.5,1777.5,35000
2024-03-06 10:01:00+09:00,1777.5,1778.0,1777.0,1778.0,1778.0,7200
2024-03-06 10:02:00+09:00,1777.0,1779.0,1776.5,1779.0,1779.0,32400
2024-03-06 10:03:00+09:00,1778.5,1780.5,1776.5,1778.0,1778.0,51300
2024-03-06 10:04:00+09:00,1778.0,1780.0,1778.0,1780.0,1780.0,22000
2024-03-06 10:05:00+09:00,1780.0,1780.0,1776.5,1777.5,1777.5,20300
2024-03-06 10:06:00+09:00,1778.0,1778.5,1777.5,1778.5,1778.5,12200
2024-03-06 10:07:00+09:00,1778.5,1783.0,1778.0,1781.5,1781.5,52100
2024-03-06 10:08:00+09:00,1781.5,1782.0,1775.5,1777.0,1777.0,41900
2024-03-06 10:09:00+09:00,1777.5,1779.5,1777.5,1779.5,1779.5,21500
2024-03-06 10:10:00+09:00,1779.0,1780.0,1778.0,1779.0,1779.0,18400
2024-03-06 10:11:00+09:00,1779.0,1779.5,1778.0,1779.5,1779.5,17500
2024-03-06 10:12:00+09:00,1779.5,1780.5,1779.0,1780.5,1780.5,11200
2024-03-06 10:13:00+09:00,1780.5,1781.0,1779.0,1779.5,1779.5,22100
2024-03-06 10:14:00+09:00,1779.5,1780.0,1778.0,1779.5,1779.5,20000
2024-03-06 10:15:00+09:00,1780.0,1781.0,1780.0,1781.0,1781.0,14400
2024-03-06 10:16:00+09:00,1781.0,1781.5,1780.0,1781.0,1781.0,24500
2024-03-06 10:17:00+09:00,1781.0,1784.5,1781.0,1783.5,1783.5,40700
2024-03-06 10:18:00+09:00,1783.5,1787.5,1783.0,1783.0,1783.0,94800
2024-03-06 10:19:00+09:00,1783.0,1786.0,1783.0,1785.5,1785.5,12400
2024-03-06 10:20:00+09:00,1785.5,1786.0,1783.0,1784.0,1784.0,15700
2024-03-06 10:21:00+09:00,1784.0,1784.5,1783.5,1784.0,1784.0,5200
2024-03-06 10:22:00+09:00,1780.5,1781.0,1778.5,1778.5,1778.5,60800
2024-03-06 10:23:00+09:00,1778.5,1781.0,1778.0,1780.0,1780.0,29600
2024-03-06 10:24:00+09:00,1780.0,1780.5,1778.0,1779.5,1779.5,19400
2024-03-06 10:25:00+09:00,1780.0,1780.0,1778.5,1779.5,1779.5,11500
2024-03-06 10:26:00+09:00,1779.5,1780.0,1779.0,1779.5,1779.5,9400
2024-03-06 10:27:00+09:00,1779.0,1780.0,1779.0,1779.0,1779.0,10300
2024-03-06 10:28:00+09:00,1779.0,1780.0,1779.0,1779.0,1779.0,19800
2024-03-06 10:29:00+09:00,1779.5,1779.5,1779.0,1779.0,1779.0,4700
2024-03-06 10:30:00+09:00,1779.5,1780.0,1774.5,1776.0,1776.0,58400
2024-03-06 10:31:00+09:00,1776.0,1777.0,1775.5,1776.5,1776.5,17100
2024-03-06 10:32:00+09:00,1777.5,1778.0,1777.0,1777.0,1777.0,11500
2024-03-06 10:33:00+09:00,1777.0,1778.0,1775.0,1776.5,1776.5,12900
2024-03-06 10:34:00+09:00,1776.5,1778.0,1776.0,1777.0,1777.0,13100
2024-03-06 10:35:00+09:00,1777.5,1777.5,1773.5,1774.0,1774.0,18800
2024-03-06 10:36:00+09:00,1773.5,1773.5,1770.0,1770.0,1770.0,23500
2024-03-06 10:37:00+09:00,1770.0,1770.5,1767.5,1769.5,1769.5,24500
2024-03-06 10:38:00+09:00,1769.5,1771.0,1769.5,1770.5,1770.5,12500
2024-03-06 10:39:00+09:00,1771.0,1772.0,1770.5,1771.0,1771.0,13100
2024-03-06 10:40:00+09:00,1771.0,1772.0,1769.5,1769.5,1769.5,12400
2024-03-06 10:41:00+09:00,1769.0,1771.0,1768.5,1770.5,1770.5,6900
2024-03-06 10:42:00+09:00,1770.5,1771.0,1770.5,1771.0,1771.0,8300
2024-03-06 10:43:00+09:00,1771.0,1773.0,1770.5,1773.0,1773.0,26100
2024-03-06 10:44:00+09:00,1773.0,1774.0,1773.0,1774.0,1774.0,13500
2024-03-06 10:45:00+09:00,1774.5,1775.5,1772.5,1772.5,1772.5,20200
2024-03-06 10:46:00+09:00,1773.0,1775.0,1773.0,1775.0,1775.0,10500
2024-03-06 10:47:00+09:00,1775.0,1778.0,1775.0,1778.0,1778.0,15800
2024-03-06 10:48:00+09:00,1778.0,1779.0,1777.0,1777.0,1777.0,13700
2024-03-06 10:49:00+09:00,1777.5,1778.0,1777.0,1777.5,1777.5,6200
2024-03-06 10:50:00+09:00,1777.5,1781.0,1777.0,1780.0,1780.0,58000
2024-03-06 10:51:00+09:00,1780.0,1780.0,1778.0,1778.5,1778.5,17500
2024-03-06 10:52:00+09:00,1778.5,1779.5,1778.5,1778.5,1778.5,9700
2024-03-06 10:53:00+09:00,1778.5,1779.5,1777.5,1779.0,1779.0,18800
2024-03-06 10:54:00+09:00,1779.5,1781.5,1779.0,1780.0,1780.0,28800
2024-03-06 10:55:00+09:00,1779.5,1780.5,1779.5,1780.0,1780.0,7200
2024-03-06 10:56:00+09:00,1780.0,1780.0,1779.0,1779.0,1779.0,9000
2024-03-06 10:57:00+09:00,1779.5,1780.0,1779.0,1779.5,1779.5,11100
2024-03-06 10:58:00+09:00,1779.5,1780.0,1777.0,1779.0,1779.0,21800
2024-03-06 10:59:00+09:00,1778.5,1779.5,1778.5,1778.5,1778.5,5100
2024-03-06 11:00:00+09:00,1779.0,1779.0,1776.0,1777.0,1777.0,19100
2024-03-06 11:01:00+09:00,1777.0,1778.5,1777.0,1777.5,1777.5,11000
2024-03-06 11:02:00+09:00,1777.0,1778.0,1777.0,1777.5,1777.5,6000
2024-03-06 11:03:00+09:00,1777.5,1778.0,1776.5,1776.5,1776.5,6500
2024-03-06 11:04:00+09:00,1776.5,1777.0,1774.0,1774.5,1774.5,9500
2024-03-06 11:05:00+09:00,1775.0,1775.0,1774.5,1774.5,1774.5,5100
2024-03-06 11:06:00+09:00,1774.0,1775.5,1773.5,1775.5,1775.5,15200
2024-03-06 11:07:00+09:00,1776.0,1776.5,1776.0,1776.0,1776.0,9300
2024-03-06 11:08:00+09:00,1775.5,1778.5,1775.5,1778.0,1778.0,12300
2024-03-06 11:09:00+09:00,1778.0,1778.5,1778.0,1778.5,1778.5,4200
2024-03-06 11:10:00+09:00,1778.5,1780.0,1778.0,1780.0,1780.0,21100
2024-03-06 11:11:00+09:00,1780.0,1781.5,1780.0,1781.5,1781.5,12900
2024-03-06 11:12:00+09:00,1781.5,1784.0,1781.5,1784.0,1784.0,17500
2024-03-06 11:13:00+09:00,1783.5,1783.5,1779.5,1781.5,1781.5,17900
2024-03-06 11:14:00+09:00,1782.0,1784.0,1782.0,1783.5,1783.5,15700
2024-03-06 11:15:00+09:00,1783.5,1784.5,1783.5,1784.0,1784.0,10000
2024-03-06 11:16:00+09:00,1784.0,1791.5,1782.5,1791.0,1791.0,73200
2024-03-06 11:17:00+09:00,1791.0,1791.0,1789.0,1789.5,1789.5,12900
2024-03-06 11:18:00+09:00,1789.5,1792.5,1789.0,1792.5,1792.5,14600
2024-03-06 11:19:00+09:00,1793.0,1793.5,1787.5,1789.0,1789.0,27600
2024-03-06 11:20:00+09:00,1789.0,1789.0,1788.0,1788.0,1788.0,16000
2024-03-06 11:21:00+09:00,1788.0,1788.5,1788.0,1788.5,1788.5,7900
2024-03-06 11:22:00+09:00,1788.0,1789.0,1785.5,1789.0,1789.0,23200
2024-03-06 11:23:00+09:00,1789.0,1789.5,1789.0,1789.5,1789.5,11900
2024-03-06 11:24:00+09:00,1789.5,1791.0,1788.5,1789.0,1789.0,14700
2024-03-06 11:25:00+09:00,1788.5,1789.0,1785.5,1785.5,1785.5,10900
2024-03-06 11:26:00+09:00,1785.0,1788.0,1785.0,1788.0,1788.0,10800
2024-03-06 11:27:00+09:00,1788.0,1788.5,1787.0,1787.5,1787.5,6300
2024-03-06 11:28:00+09:00,1787.0,1788.5,1787.0,1787.5,1787.5,11600
2024-03-06 11:29:00+09:00,1787.5,1788.5,1786.5,1787.0,1787.0,8700
2024-03-06 11:30:00+09:00,1787.0,1787.0,1786.0,1786.0,1786.0,8100
2024-03-06 11:35:00+09:00,1786.0,1786.0,1786.0,1786.0,1786.0,0
2024-03-06 12:30:00+09:00,1790.0,1792.5,1781.0,1786.5,1786.5,5128100
2024-03-06 12:31:00+09:00,1786.5,1786.5,1783.5,1784.0,1784.0,37300
2024-03-06 12:32:00+09:00,1784.5,1784.5,1781.5,1783.0,1783.0,24300
2024-03-06 12:33:00+09:00,1782.5,1784.0,1782.5,1783.0,1783.0,8800
2024-03-06 12:34:00+09:00,1789.0,1789.0,1787.5,1787.5,1787.5,69300
2024-03-06 12:35:00+09:00,1787.5,1789.5,1786.5,1789.0,1789.0,31600
2024-03-06 12:36:00+09:00,1789.5,1791.0,1786.5,1787.0,1787.0,31500
2024-03-06 12:37:00+09:00,1787.0,1788.0,1787.0,1788.0,1788.0,17300
2024-03-06 12:38:00+09:00,1788.0,1790.5,1787.5,1789.5,1789.5,25500
2024-03-06 12:39:00+09:00,1789.5,1789.5,1787.5,1788.5,1788.5,14600
2024-03-06 12:40:00+09:00,1788.5,1792.0,1788.5,1792.0,1792.0,31400
2024-03-06 12:41:00+09:00,1792.0,1792.0,1789.5,1792.0,1792.0,28300
2024-03-06 12:42:00+09:00,1792.0,1795.0,1791.5,1795.0,1795.0,19500
2024-03-06 12:43:00+09:00,1794.5,1796.0,1794.0,1794.5,1794.5,23100
2024-03-06 12:44:00+09:00,1794.0,1795.0,1793.5,1794.5,1794.5,13500
2024-03-06 12:45:00+09:00,1795.0,1796.0,1791.0,1792.5,1792.5,30900
2024-03-06 12:46:00+09:00,1793.0,1795.0,1792.5,1795.0,1795.0,7300
2024-03-06 12:47:00+09:00,1794.5,1795.5,1794.0,1794.5,1794.5,20200
2024-03-06 12:48:00+09:00,1795.0,1795.5,1793.5,1794.0,1794.0,20800
2024-03-06 12:49:00+09:00,1793.5,1795.5,1793.5,1795.5,1795.5,13000
2024-03-06 12:50:00+09:00,1795.0,1796.0,1794.0,1794.5,1794.5,13300
2024-03-06 12:51:00+09:00,1794.5,1795.5,1794.5,1795.0,1795.0,4000
2024-03-06 12:52:00+09:00,1795.0,1795.0,1793.0,1793.5,1793.5,16700
2024-03-06 12:53:00+09:00,1793.5,1793.5,1789.0,1790.0,1790.0,31700
2024-03-06 12:54:00+09:00,1790.5,1792.5,1790.0,1791.5,1791.5,25400
2024-03-06 12:55:00+09:00,1792.0,1793.0,1791.5,1792.0,1792.0,10500
2024-03-06 12:56:00+09:00,1792.0,1792.5,1791.5,1792.0,1792.0,6300
2024-03-06 12:57:00+09:00,1792.0,1792.0,1790.0,1790.0,1790.0,19200
2024-03-06 12:58:00+09:00,1790.0,1791.0,1789.5,1791.0,1791.0,5300
2024-03-06 12:59:00+09:00,1791.0,1791.5,1790.5,1791.0,1791.0,10200
2024-03-06 13:00:00+09:00,1791.0,1791.0,1789.0,1790.5,1790.5,73800
2024-03-06 13:01:00+09:00,1790.0,1790.0,1789.5,1790.0,1790.0,9100
2024-03-06 13:02:00+09:00,1790.0,1790.0,1789.0,1789.0,1789.0,17700
2024-03-06 13:03:00+09:00,1788.5,1788.5,1785.5,1787.0,1787.0,57200
2024-03-06 13:04:00+09:00,1787.5,1788.0,1785.0,1785.0,1785.0,30000
2024-03-06 13:05:00+09:00,1785.5,1785.5,1784.5,1785.5,1785.5,7200
2024-03-06 13:06:00+09:00,1786.0,1787.0,1786.0,1787.0,1787.0,5400
2024-03-06 13:07:00+09:00,1787.0,1788.5,1787.0,1787.5,1787.5,15300
2024-03-06 13:08:00+09:00,1787.0,1788.0,1786.5,1788.0,1788.0,12500
2024-03-06 13:09:00+09:00,1788.0,1789.5,1788.0,1789.5,1789.5,7300
2024-03-06 13:10:00+09:00,1790.0,1792.5,1790.0,1792.5,1792.5,25000
2024-03-06 13:11:00+09:00,1792.5,1792.5,1791.0,1791.5,1791.5,6500
2024-03-06 13:12:00+09:00,1791.5,1793.0,1791.5,1792.5,1792.5,5400
2024-03-06 13:13:00+09:00,1792.5,1792.5,1791.5,1792.0,1792.0,10900
2024-03-06 13:14:00+09:00,1792.0,1792.5,1791.5,1792.0,1792.0,10500
2024-03-06 13:15:00+09:00,1792.0,1792.0,1791.0,1791.0,1791.0,11300
2024-03-06 13:16:00+09:00,1791.5,1791.5,1790.5,1790.5,1790.5,16100
2024-03-06 13:17:00+09:00,1791.0,1791.0,1790.0,1790.5,1790.5,10200
2024-03-06 13:18:00+09:00,1790.5,1791.0,1790.5,1791.0,1791.0,5300
2024-03-06 13:19:00+09:00,1791.0,1792.0,1790.5,1791.0,1791.0,22400
2024-03-06 13:20:00+09:00,1790.5,1790.5,1789.0,1790.0,1790.0,11200
2024-03-06 13:21:00+09:00,1789.0,1789.5,1788.5,1789.5,1789.5,15800
2024-03-06 13:22:00+09:00,1789.0,1789.5,1789.0,1789.0,1789.0,2500
2024-03-06 13:23:00+09:00,1789.0,1789.5,1789.0,1789.0,1789.0,14600
2024-03-06 13:24:00+09:00,1789.5,1789.5,1788.0,1789.0,1789.0,7600
2024-03-06 13:25:00+09:00,1789.5,1789.5,1785.0,1785.5,1785.5,21600
2024-03-06 13:26:00+09:00,1786.0,1787.5,1785.0,1787.0,1787.0,10800
2024-03-06 13:27:00+09:00,1788.0,1788.0,1786.0,1786.5,1786.5,7200
2024-03-06 13:28:00+09:00,1787.0,1788.0,1786.5,1786.5,1786.5,11600
2024-03-06 13:29:00+09:00,1786.5,1787.0,1785.5,1786.0,1786.0,7800
2024-03-06 13:30:00+09:00,1786.0,1786.5,1785.5,1785.5,1785.5,3800
2024-03-06 13:31:00+09:00,1785.5,1786.0,1785.0,1785.0,1785.0,8900
2024-03-06 13:32:00+09:00,1785.0,1786.0,1785.0,1786.0,1786.0,6900
2024-03-06 13:33:00+09:00,1785.5,1785.5,1784.5,1784.5,1784.5,7200
2024-03-06 13:34:00+09:00,1785.0,1785.5,1782.0,1783.0,1783.0,25300
2024-03-06 13:35:00+09:00,1782.5,1782.5,1781.0,1781.5,1781.5,10200
2024-03-06 13:36:00+09:00,1781.5,1781.5,1780.0,1780.0,1780.0,14700
2024-03-06 13:37:00+09:00,1780.0,1780.5,1779.0,1780.0,1780.0,8900
2024-03-06 13:38:00+09:00,1780.5,1780.5,1780.0,1780.0,1780.0,6700
2024-03-06 13:39:00+09:00,1780.5,1780.5,1778.0,1778.5,1778.5,10800
2024-03-06 13:40:00+09:00,1778.5,1778.5,1777.0,1778.0,1778.0,20100
2024-03-06 13:41:00+09:00,1778.0,1779.0,1776.5,1778.0,1778.0,23400
2024-03-06 13:42:00+09:00,1777.5,1778.0,1775.0,1776.5,1776.5,11400
2024-03-06 13:43:00+09:00,1776.5,1778.0,1775.5,1775.5,1775.5,9300
2024-03-06 13:44:00+09:00,1775.5,1777.0,1775.5,1777.0,1777.0,8200
2024-03-06 13:45:00+09:00,1777.0,1777.0,1775.5,1777.0,1777.0,8500
2024-03-06 13:46:00+09:00,1777.0,1780.5,1777.0,1780.0,1780.0,37400
2024-03-06 13:47:00+09:00,1780.5,1782.5,1780.0,1781.0,1781.0,13900
2024-03-06 13:48:00+09:00,1781.0,1782.5,1781.0,1782.5,1782.5,5000
2024-03-06 13:49:00+09:00,1782.5,1782.5,1780.5,1781.0,1781.0,11300
2024-03-06 13:50:00+09:00,1781.0,1781.0,1780.5,1780.5,1780.5,6600
2024-03-06 13:51:00+09:00,1781.0,1781.0,1781.0,1781.0,1781.0,1400
2024-03-06 13:52:00+09:00,1780.5,1780.5,1777.5,1778.0,1778.0,22700
2024-03-06 13:53:00+09:00,1778.0,1781.0,1778.0,1781.0,1781.0,24600
2024-03-06 13:54:00+09:00,1781.5,1782.0,1780.5,1780.5,1780.5,5600
2024-03-06 13:55:00+09:00,1780.0,1780.0,1779.5,1780.0,1780.0,5900
2024-03-06 13:56:00+09:00,1779.5,1780.0,1779.0,1780.0,1780.0,5000
2024-03-06 13:57:00+09:00,1780.0,1780.0,1779.0,1780.0,1780.0,11400
2024-03-06 13:58:00+09:00,1779.0,1779.5,1778.0,1778.5,1778.5,8100
2024-03-06 13:59:00+09:00,1779.5,1779.5,1778.5,1779.0,1779.0,4900
2024-03-06 14:00:00+09:00,1779.0,1779.5,1779.0,1779.0,1779.0,4600
2024-03-06 14:02:00+09:00,1779.0,1779.5,1777.5,1778.0,1778.0,20500
2024-03-06 14:03:00+09:00,1778.0,1778.5,1778.0,1778.5,1778.5,900
2024-03-06 14:04:00+09:00,1778.5,1778.5,1778.0,1778.5,1778.5,4700
2024-03-06 14:05:00+09:00,1778.5,1779.0,1778.5,1778.5,1778.5,14400
2024-03-06 14:06:00+09:00,1779.0,1779.0,1779.0,1779.0,1779.0,8200
2024-03-06 14:07:00+09:00,1778.5,1778.5,1778.0,1778.0,1778.0,7700
2024-03-06 14:08:00+09:00,1777.5,1778.0,1777.0,1777.5,1777.5,6500
2024-03-06 14:09:00+09:00,1777.0,1777.5,1776.5,1777.5,1777.5,9200
2024-03-06 14:10:00+09:00,1777.5,1781.0,1777.5,1781.0,1781.0,20700
2024-03-06 14:11:00+09:00,1781.5,1782.5,1781.5,1782.5,1782.5,4200
2024-03-06 14:12:00+09:00,1782.0,1783.0,1781.5,1782.0,1782.0,20100
2024-03-06 14:13:00+09:00,1782.0,1782.5,1781.5,1781.5,1781.5,4900
2024-03-06 14:14:00+09:00,1781.5,1781.5,1780.5,1781.0,1781.0,4600
2024-03-06 14:15:00+09:00,1781.0,1782.0,1781.0,1781.5,1781.5,4000
2024-03-06 14:16:00+09:00,1782.0,1783.5,1782.0,1783.5,1783.5,16200
2024-03-06 14:17:00+09:00,1783.5,1784.0,1783.5,1783.5,1783.5,4200
2024-03-06 14:18:00+09:00,1783.5,1785.5,1783.5,1784.0,1784.0,35000
2024-03-06 14:19:00+09:00,1783.5,1784.0,1782.5,1782.5,1782.5,5800
2024-03-06 14:20:00+09:00,1782.5,1783.5,1782.0,1783.5,1783.5,10200
2024-03-06 14:21:00+09:00,1784.0,1785.0,1783.5,1784.0,1784.0,10900
2024-03-06 14:22:00+09:00,1784.0,1785.0,1783.0,1784.0,1784.0,13300
2024-03-06 14:23:00+09:00,1783.5,1783.5,1783.0,1783.5,1783.5,7200
2024-03-06 14:24:00+09:00,1783.5,1783.5,1781.5,1781.5,1781.5,11000
2024-03-06 14:25:00+09:00,1781.5,1783.5,1780.5,1780.5,1780.5,19800
2024-03-06 14:26:00+09:00,1780.5,1780.5,1779.0,1780.0,1780.0,10000
2024-03-06 14:27:00+09:00,1780.0,1780.0,1779.5,1780.0,1780.0,5100
2024-03-06 14:28:00+09:00,1780.0,1780.0,1776.5,1776.5,1776.5,19200
2024-03-06 14:29:00+09:00,1777.0,1777.5,1776.5,1776.5,1776.5,22500
2024-03-06 14:30:00+09:00,1776.0,1777.0,1775.0,1776.5,1776.5,23900
2024-03-06 14:31:00+09:00,1776.0,1776.5,1774.0,1775.5,1775.5,25900
2024-03-06 14:32:00+09:00,1775.0,1775.5,1774.0,1775.0,1775.0,14500
2024-03-06 14:33:00+09:00,1775.5,1776.0,1775.5,1775.5,1775.5,7700
2024-03-06 14:34:00+09:00,1776.0,1776.0,1775.5,1775.5,1775.5,18600
2024-03-06 14:35:00+09:00,1775.0,1776.0,1775.0,1775.0,1775.0,15500
2024-03-06 14:36:00+09:00,1775.5,1776.0,1775.5,1775.5,1775.5,11900
2024-03-06 14:37:00+09:00,1775.5,1776.0,1775.0,1776.0,1776.0,6200
2024-03-06 14:38:00+09:00,1775.5,1782.0,1775.5,1782.0,1782.0,34900
2024-03-06 14:39:00+09:00,1781.5,1783.5,1781.0,1783.0,1783.0,19000
2024-03-06 14:40:00+09:00,1783.0,1784.5,1782.5,1784.5,1784.5,10000
2024-03-06 14:41:00+09:00,1784.0,1785.0,1782.0,1782.0,1782.0,25200
2024-03-06 14:42:00+09:00,1783.0,1784.5,1783.0,1784.0,1784.0,17100
2024-03-06 14:43:00+09:00,1784.0,1784.0,1782.0,1783.0,1783.0,16900
2024-03-06 14:44:00+09:00,1783.0,1783.5,1782.0,1782.0,1782.0,20700
2024-03-06 14:45:00+09:00,1782.5,1782.5,1781.5,1782.5,1782.5,14600
2024-03-06 14:46:00+09:00,1782.5,1785.0,1782.5,1784.5,1784.5,48800
2024-03-06 14:47:00+09:00,1784.5,1784.5,1783.5,1783.5,1783.5,11200
2024-03-06 14:48:00+09:00,1783.5,1783.5,1781.5,1782.5,1782.5,20000
2024-03-06 14:49:00+09:00,1782.0,1783.0,1782.0,1782.5,1782.5,9500
2024-03-06 14:50:00+09:00,1783.0,1784.0,1782.5,1782.5,1782.5,23500
2024-03-06 14:51:00+09:00,1783.0,1783.0,1781.0,1781.0,1781.0,15500
2024-03-06 14:52:00+09:00,1781.5,1781.5,1777.0,1778.5,1778.5,32300
2024-03-06 14:53:00+09:00,1778.5,1779.0,1778.0,1778.5,1778.5,14100
2024-03-06 14:54:00+09:00,1778.5,1779.0,1777.5,1778.5,1778.5,46300
2024-03-06 14:55:00+09:00,1778.5,1778.5,1775.0,1776.0,1776.0,55300
2024-03-06 14:56:00+09:00,1776.5,1779.0,1776.5,1779.0,1779.0,22000
2024-03-06 14:57:00+09:00,1779.0,1780.0,1778.0,1778.5,1778.5,37400
2024-03-06 14:58:00+09:00,1779.0,1780.0,1778.0,1778.5,1778.5,43200
2024-03-06 14:59:00+09:00,1778.5,1784.0,1777.0,1780.0,1780.0,97200
2024-03-07 09:00:00+09:00,1774.5,1774.5,1751.5,1755.0,1755.0,334400
2024-03-07 09:01:00+09:00,1755.5,1772.0,1752.0,1770.5,1770.5,48700
2024-03-07 09:02:00+09:00,1771.0,1774.5,1766.0,1767.5,1767.5,37900
2024-03-07 09:03:00+09:00,1766.5,1770.5,1765.0,1766.5,1766.5,39000
2024-03-07 09:04:00+09:00,1767.0,1767.5,1761.0,1764.0,1764.0,23900
2024-03-07 09:05:00+09:00,1764.5,1768.5,1761.5,1763.0,1763.0,28600
2024-03-07 09:06:00+09:00,1762.5,1765.5,1762.0,1764.0,1764.0,32900
2024-03-07 09:07:00+09:00,1763.5,1765.5,1758.0,1760.0,1760.0,50300
2024-03-07 09:08:00+09:00,1760.5,1762.5,1757.0,1758.0,1758.0,21700
2024-03-07 09:09:00+09:00,1757.5,1759.0,1753.5,1754.5,1754.5,25100
2024-03-07 09:10:00+09:00,1754.5,1755.5,1749.0,1749.0,1749.0,101400
2024-03-07 09:11:00+09:00,1749.5,1756.0,1749.5,1754.0,1754.0,34100
2024-03-07 09:12:00+09:00,1753.5,1754.5,1749.0,1749.0,1749.0,18300
2024-03-07 09:13:00+09:00,1750.0,1752.0,1749.0,1751.5,1751.5,17100
2024-03-07 09:14:00+09:00,1751.0,1753.0,1750.0,1750.5,1750.5,21100
2024-03-07 09:15:00+09:00,1751.0,1755.5,1750.5,1752.0,1752.0,30500
2024-03-07 09:16:00+09:00,1753.0,1755.0,1744.5,1745.5,1745.5,105000
2024-03-07 09:17:00+09:00,1746.0,1749.0,1746.0,1748.5,1748.5,23100
2024-03-07 09:18:00+09:00,1748.5,1756.0,1748.5,1756.0,1756.0,67300
2024-03-07 09:19:00+09:00,1756.5,1756.5,1751.5,1753.5,1753.5,11800
2024-03-07 09:20:00+09:00,1753.5,1757.0,1753.5,1756.5,1756.5,18600
2024-03-07 09:21:00+09:00,1755.5,1755.5,1751.5,1752.5,1752.5,14500
2024-03-07 09:22:00+09:00,1753.5,1754.5,1752.0,1754.5,1754.5,11200
2024-03-07 09:23:00+09:00,1755.0,1755.0,1754.0,1755.0,1755.0,9100
2024-03-07 09:24:00+09:00,1755.0,1759.0,1755.0,1757.0,1757.0,19300
2024-03-07 09:25:00+09:00,1757.0,1761.0,1757.0,1760.5,1760.5,17100
2024-03-07 09:26:00+09:00,1760.0,1760.0,1756.0,1756.0,1756.0,14500
2024-03-07 09:27:00+09:00,1757.0,1759.5,1757.0,1759.5,1759.5,7400
2024-03-07 09:28:00+09:00,1759.0,1759.0,1758.0,1758.0,1758.0,7600
2024-03-07 09:29:00+09:00,1758.0,1760.0,1758.0,1758.5,1758.5,15500
2024-03-07 09:30:00+09:00,1758.5,1763.5,1758.5,1763.5,1763.5,19400
2024-03-07 09:31:00+09:00,1763.0,1764.0,1762.0,1763.0,1763.0,9900
2024-03-07 09:32:00+09:00,1762.5,1763.0,1761.0,1761.0,1761.0,17900
2024-03-07 09:33:00+09:00,1762.0,1764.5,1761.0,1764.5,1764.5,22600
2024-03-07 09:34:00+09:00,1765.0,1767.5,1763.5,1767.5,1767.5,19200
2024-03-07 09:35:00+09:00,1768.0,1768.5,1766.0,1766.0,1766.0,16400
2024-03-07 09:36:00+09:00,1766.0,1767.0,1765.0,1765.0,1765.0,15700
2024-03-07 09:37:00+09:00,1764.5,1765.0,1761.5,1762.0,1762.0,14300
2024-03-07 09:38:00+09:00,1761.5,1763.0,1760.0,1760.5,1760.5,16900
2024-03-07 09:39:00+09:00,1760.0,1761.5,1760.0,1761.5,1761.5,13000
2024-03-07 09:40:00+09:00,1762.0,1762.5,1760.0,1761.5,1761.5,5800
2024-03-07 09:41:00+09:00,1761.5,1763.0,1761.0,1762.5,1762.5,9600
2024-03-07 09:42:00+09:00,1762.5,1762.5,1762.0,1762.5,1762.5,1400
2024-03-07 09:43:00+09:00,1762.0,1762.5,1761.0,1761.5,1761.5,18600
2024-03-07 09:44:00+09:00,1761.5,1764.0,1761.5,1764.0,1764.0,18400
2024-03-07 09:45:00+09:00,1764.0,1764.0,1760.5,1760.5,1760.5,6500
2024-03-07 09:46:00+09:00,1761.0,1761.0,1757.5,1757.5,1757.5,13100
2024-03-07 09:47:00+09:00,1757.5,1758.5,1757.0,1758.5,1758.5,9000
2024-03-07 09:48:00+09:00,1758.5,1759.0,1756.0,1757.5,1757.5,11700
2024-03-07 09:49:00+09:00,1757.5,1759.0,1756.0,1758.5,1758.5,9300
2024-03-07 09:50:00+09:00,1758.0,1761.0,1758.0,1761.0,1761.0,16800
2024-03-07 09:51:00+09:00,1760.5,1761.5,1760.5,1760.5,1760.5,6100
2024-03-07 09:52:00+09:00,1760.5,1762.0,1760.0,1761.0,1761.0,8800
2024-03-07 09:53:00+09:00,1761.0,1761.0,1759.5,1760.5,1760.5,23500
2024-03-07 09:54:00+09:00,1760.5,1761.0,1758.5,1759.0,1759.0,7600
2024-03-07 09:55:00+09:00,1760.0,1761.5,1759.0,1760.5,1760.5,8100
2024-03-07 09:56:00+09:00,1760.5,1762.0,1760.5,1762.0,1762.0,7100
2024-03-07 09:58:00+09:00,1761.0,1764.5,1760.0,1764.5,1764.5,45600
2024-03-07 09:59:00+09:00,1764.5,1767.0,1764.5,1766.5,1766.5,49800
2024-03-07 10:00:00+09:00,1766.5,1767.0,1763.0,1763.0,1763.0,11200
2024-03-07 10:01:00+09:00,1764.0,1764.0,1760.5,1760.5,1760.5,8500
2024-03-07 10:02:00+09:00,1760.5,1761.5,1760.5,1761.0,1761.0,5800
2024-03-07 10:03:00+09:00,1760.5,1760.5,1757.0,1757.0,1757.0,13100
2024-03-07 10:04:00+09:00,1756.5,1757.0,1752.5,1752.5,1752.5,18800
2024-03-07 10:05:00+09:00,1752.5,1753.5,1752.0,1753.0,1753.0,10300
2024-03-07 10:06:00+09:00,1753.0,1756.0,1752.5,1754.0,1754.0,11000
2024-03-07 10:07:00+09:00,1754.5,1756.0,1754.5,1755.5,1755.5,5700
2024-03-07 10:08:00+09:00,1756.0,1756.0,1753.0,1753.0,1753.0,6800
2024-03-07 10:09:00+09:00,1753.5,1755.0,1753.0,1754.5,1754.5,8400
2024-03-07 10:10:00+09:00,1754.0,1754.0,1750.5,1750.5,1750.5,13300
2024-03-07 10:11:00+09:00,1751.5,1752.0,1751.0,1751.0,1751.0,1200
2024-03-07 10:12:00+09:00,1751.5,1753.5,1750.0,1752.5,1752.5,30900
2024-03-07 10:13:00+09:00,1752.5,1753.0,1751.0,1753.0,1753.0,8800
2024-03-07 10:14:00+09:00,1753.5,1754.5,1753.0,1754.5,1754.5,4600
2024-03-07 10:15:00+09:00,1754.5,1755.0,1752.5,1753.5,1753.5,32800
2024-03-07 10:16:00+09:00,1753.0,1755.0,1753.0,1753.5,1753.5,8900
2024-03-07 10:17:00+09:00,1753.5,1755.5,1753.5,1755.0,1755.0,7200
2024-03-07 10:18:00+09:00,1754.0,1755.0,1754.0,1755.0,1755.0,6200
2024-03-07 10:19:00+09:00,1754.5,1755.0,1754.0,1755.0,1755.0,4500
2024-03-07 10:20:00+09:00,1755.0,1756.5,1754.0,1754.0,1754.0,13000
2024-03-07 10:21:00+09:00,1753.0,1753.0,1753.0,1753.0,1753.0,14200
2024-03-07 10:22:00+09:00,1753.5,1756.5,1752.5,1756.5,1756.5,11900
2024-03-07 10:23:00+09:00,1755.5,1756.0,1755.0,1755.0,1755.0,9700
2024-03-07 10:24:00+09:00,1754.5,1756.5,1754.0,1756.0,1756.0,7200
2024-03-07 10:25:00+09:00,1757.0,1757.5,1756.0,1757.0,1757.0,8600
2024-03-07 10:26:00+09:00,1756.5,1757.0,1756.5,1756.5,1756.5,3700
2024-03-07 10:27:00+09:00,1757.0,1758.0,1756.0,1758.0,1758.0,18800
2024-03-07 10:28:00+09:00,1757.5,1757.5,1756.5,1757.0,1757.0,4700
2024-03-07 10:29:00+09:00,1756.5,1757.5,1756.0,1757.5,1757.5,5800
2024-03-07 10:30:00+09:00,1757.5,1759.5,1757.5,1758.5,1758.5,8500
2024-03-07 10:31:00+09:00,1758.5,1761.0,1758.5,1761.0,1761.0,10300
2024-03-07 10:32:00+09:00,1760.0,1760.0,1759.0,1759.0,1759.0,3300
2024-03-07 10:33:00+09:00,1759.0,1759.0,1757.0,1758.0,1758.0,10700
2024-03-07 10:34:00+09:00,1758.0,1758.0,1756.5,1757.0,1757.0,7400
2024-03-07 10:35:00+09:00,1756.5,1756.5,1754.0,1755.0,1755.0,19300
2024-03-07 10:36:00+09:00,1755.5,1756.0,1754.0,1754.0,1754.0,7500
2024-03-07 10:37:00+09:00,1753.5,1754.0,1749.0,1749.0,1749.0,67000
2024-03-07 10:38:00+09:00,1749.0,1750.0,1748.0,1748.0,1748.0,19100
2024-03-07 10:39:00+09:00,1748.5,1750.5,1748.0,1750.0,1750.0,23200
2024-03-07 10:40:00+09:00,1750.0,1751.0,1749.5,1750.5,1750.5,8800
2024-03-07 10:41:00+09:00,1751.0,1752.5,1750.5,1750.5,1750.5,9100
2024-03-07 10:42:00+09:00,1750.5,1753.0,1750.0,1753.0,1753.0,8900
2024-03-07 10:43:00+09:00,1752.5,1753.5,1751.0,1751.5,1751.5,6100
2024-03-07 10:44:00+09:00,1751.5,1752.0,1750.5,1750.5,1750.5,9900
2024-03-07 10:45:00+09:00,1750.0,1750.5,1748.5,1750.0,1750.0,12200
2024-03-07 10:46:00+09:00,1749.5,1749.5,1743.5,1744.0,1744.0,21600
2024-03-07 10:47:00+09:00,1745.0,1745.5,1744.0,1745.0,1745.0,8100
2024-03-07 10:48:00+09:00,1745.5,1745.5,1743.5,1744.5,1744.5,9800
2024-03-07 10:49:00+09:00,1744.0,1744.5,1740.0,1743.5,1743.5,22100
2024-03-07 10:50:00+09:00,1743.5,1743.5,1741.0,1742.0,1742.0,13800
2024-03-07 10:51:00+09:00,1741.5,1742.5,1740.5,1742.5,1742.5,16600
2024-03-07 10:52:00+09:00,1742.0,1743.0,1738.0,1738.5,1738.5,32100
2024-03-07 10:53:00+09:00,1739.0,1740.0,1737.0,1739.5,1739.5,13300
2024-03-07 10:54:00+09:00,1740.0,1741.5,1740.0,1741.0,1741.0,15800
2024-03-07 10:55:00+09:00,1740.5,1743.5,1739.5,1740.0,1740.0,10200
2024-03-07 10:56:00+09:00,1740.0,1741.0,1739.5,1740.5,1740.5,10700
2024-03-07 10:57:00+09:00,1740.0,1740.0,1735.5,1735.5,1735.5,11300
2024-03-07 10:58:00+09:00,1736.5,1738.0,1735.5,1736.5,1736.5,17500
2024-03-07 10:59:00+09:00,1736.5,1737.5,1735.5,1737.5,1737.5,8700
2024-03-07 11:00:00+09:00,1738.0,1739.5,1738.0,1739.5,1739.5,7900
2024-03-07 11:01:00+09:00,1739.0,1740.0,1737.0,1737.5,1737.5,29400
2024-03-07 11:02:00+09:00,1738.0,1740.0,1738.0,1738.0,1738.0,14200
2024-03-07 11:03:00+09:00,1738.5,1739.0,1737.5,1739.0,1739.0,8600
2024-03-07 11:04:00+09:00,1739.0,1739.5,1738.5,1739.0,1739.0,6600
2024-03-07 11:05:00+09:00,1738.0,1738.0,1736.0,1737.0,1737.0,5400
2024-03-07 11:06:00+09:00,1737.5,1738.0,1735.5,1737.5,1737.5,36900
2024-03-07 11:07:00+09:00,1737.0,1737.0,1735.5,1735.5,1735.5,5200
2024-03-07 11:08:00+09:00,1735.5,1738.0,1735.5,1735.5,1735.5,10700
2024-03-07 11:09:00+09:00,1735.0,1735.0,1732.5,1734.5,1734.5,34500
2024-03-07 11:10:00+09:00,1734.5,1737.0,1734.5,1737.0,1737.0,8100
2024-03-07 11:11:00+09:00,1737.0,1739.0,1736.5,1739.0,1739.0,12100
2024-03-07 11:12:00+09:00,1739.0,1741.5,1738.5,1741.0,1741.0,10400
2024-03-07 11:13:00+09:00,1740.5,1741.5,1739.5,1739.5,1739.5,7500
2024-03-07 11:14:00+09:00,1739.5,1740.5,1737.5,1737.5,1737.5,6600
2024-03-07 11:15:00+09:00,1738.0,1738.0,1737.5,1737.5,1737.5,4300
2024-03-07 11:16:00+09:00,1737.5,1739.0,1736.5,1739.0,1739.0,11700
2024-03-07 11:17:00+09:00,1739.0,1739.5,1737.5,1737.5,1737.5,10000
2024-03-07 11:18:00+09:00,1738.0,1739.5,1738.0,1739.5,1739.5,5100
2024-03-07 11:19:00+09:00,1739.0,1741.0,1739.0,1740.0,1740.0,4800
2024-03-07 11:20:00+09:00,1740.5,1742.0,1740.5,1742.0,1742.0,10600
2024-03-07 11:21:00+09:00,1741.5,1743.0,1741.0,1741.5,1741.5,13000
2024-03-07 11:22:00+09:00,1742.0,1743.0,1742.0,1742.0,1742.0,10800
2024-03-07 11:23:00+09:00,1742.0,1742.0,1741.0,1742.0,1742.0,7200
2024-03-07 11:24:00+09:00,1742.5,1743.0,1741.5,1742.0,1742.0,5300
2024-03-07 11:25:00+09:00,1741.5,1742.0,1741.5,1742.0,1742.0,2700
2024-03-07 11:26:00+09:00,1742.0,1742.5,1742.0,1742.5,1742.5,700
2024-03-07 11:27:00+09:00,1742.5,1744.0,1742.0,1742.0,1742.0,8800
2024-03-07 11:28:00+09:00,1742.5,1743.0,1742.0,1742.0,1742.0,2700
2024-03-07 11:29:00+09:00,1741.5,1742.5,1741.5,1741.5,1741.5,4000
2024-03-07 11:30:00+09:00,1743.0,1743.0,1743.0,1743.0,1743.0,1200
2024-03-07 11:35:00+09:00,1743.0,1743.0,1743.0,1743.0,1743.0,0
2024-03-07 12:30:00+09:00,1743.0,1743.0,1737.5,1739.0,1739.0,2796400
2024-03-07 12:31:00+09:00,1739.5,1742.0,1738.5,1740.0,1740.0,9000
2024-03-07 12:32:00+09:00,1740.0,1744.0,1739.5,1743.0,1743.0,15300
2024-03-07 12:33:00+09:00,1742.0,1746.0,1742.0,1746.0,1746.0,14600
2024-03-07 12:34:00+09:00,1746.0,1746.5,1745.0,1745.5,1745.5,9000
2024-03-07 12:35:00+09:00,1745.5,1746.0,1744.0,1744.0,1744.0,14300
2024-03-07 12:36:00+09:00,1744.5,1745.0,1744.0,1744.0,1744.0,4800
2024-03-07 12:37:00+09:00,1744.0,1744.0,1742.5,1743.5,1743.5,10800
2024-03-07 12:38:00+09:00,1743.0,1743.5,1741.0,1742.5,1742.5,11600
2024-03-07 12:39:00+09:00,1742.0,1742.0,1737.5,1738.0,1738.0,8300
2024-03-07 12:40:00+09:00,1737.5,1737.5,1735.0,1737.5,1737.5,25700
2024-03-07 12:41:00+09:00,1738.0,1738.5,1736.5,1738.5,1738.5,11200
2024-03-07 12:42:00+09:00,1738.0,1739.5,1737.0,1737.0,1737.0,11700
2024-03-07 12:43:00+09:00,1737.0,1737.0,1735.0,1735.0,1735.0,7800
2024-03-07 12:44:00+09:00,1735.0,1737.0,1735.0,1735.5,1735.5,11800
2024-03-07 12:45:00+09:00,1735.0,1736.0,1734.5,1736.0,1736.0,20200
2024-03-07 12:46:00+09:00,1736.0,1737.0,1736.0,1736.0,1736.0,8800
2024-03-07 12:47:00+09:00,1735.5,1737.0,1735.5,1737.0,1737.0,6800
2024-03-07 12:48:00+09:00,1737.5,1740.0,1737.5,1739.5,1739.5,15000
2024-03-07 12:49:00+09:00,1740.0,1741.0,1738.5,1740.5,1740.5,10000
2024-03-07 12:50:00+09:00,1741.0,1741.5,1739.5,1739.5,1739.5,4900
2024-03-07 12:51:00+09:00,1740.0,1743.5,1740.0,1743.5,1743.5,10500
2024-03-07 12:52:00+09:00,1744.0,1745.5,1744.0,1745.5,1745.5,10900
2024-03-07 12:53:00+09:00,1745.5,1748.0,1745.0,1747.5,1747.5,11600
2024-03-07 12:54:00+09:00,1748.5,1749.5,1746.0,1746.5,1746.5,15700
2024-03-07 12:55:00+09:00,1747.5,1747.5,1745.5,1746.5,1746.5,17400
2024-03-07 12:56:00+09:00,1747.0,1748.5,1747.0,1748.5,1748.5,10000
2024-03-07 12:57:00+09:00,1748.5,1750.0,1748.5,1749.5,1749.5,8600
2024-03-07 12:58:00+09:00,1748.5,1749.0,1747.5,1749.0,1749.0,4500
2024-03-07 12:59:00+09:00,1748.5,1748.5,1747.5,1748.5,1748.5,6300
2024-03-07 13:00:00+09:00,1748.5,1750.5,1747.5,1750.0,1750.0,19300
2024-03-07 13:01:00+09:00,1751.0,1752.5,1749.0,1752.5,1752.5,24700
2024-03-07 13:02:00+09:00,1752.0,1752.0,1750.0,1750.5,1750.5,6800
2024-03-07 13:03:00+09:00,1750.5,1752.5,1750.0,1752.0,1752.0,15100
2024-03-07 13:04:00+09:00,1751.5,1752.0,1751.0,1751.0,1751.0,1600
2024-03-07 13:05:00+09:00,1751.0,1754.0,1751.0,1753.0,1753.0,18900
2024-03-07 13:06:00+09:00,1752.5,1753.0,1752.0,1753.0,1753.0,7300
2024-03-07 13:07:00+09:00,1752.5,1752.5,1751.5,1752.5,1752.5,5900
2024-03-07 13:08:00+09:00,1752.5,1753.5,1751.5,1751.5,1751.5,19600
2024-03-07 13:09:00+09:00,1751.0,1751.0,1750.0,1750.5,1750.5,12100
2024-03-07 13:10:00+09:00,1750.0,1750.5,1747.5,1748.0,1748.0,15600
2024-03-07 13:11:00+09:00,1748.5,1749.0,1748.0,1748.5,1748.5,3100
2024-03-07 13:12:00+09:00,1748.5,1749.5,1748.0,1749.0,1749.0,6200
2024-03-07 13:13:00+09:00,1749.0,1749.5,1748.5,1748.5,1748.5,3500
2024-03-07 13:14:00+09:00,1748.5,1749.0,1747.5,1747.5,1747.5,5900
2024-03-07 13:15:00+09:00,1748.0,1748.5,1747.5,1747.5,1747.5,3200
2024-03-07 13:16:00+09:00,1748.0,1748.0,1747.0,1747.0,1747.0,7500
2024-03-07 13:17:00+09:00,1747.0,1747.0,1746.0,1746.0,1746.0,3600
2024-03-07 13:18:00+09:00,1746.5,1746.5,1746.5,1746.5,1746.5,4800
2024-03-07 13:19:00+09:00,1747.0,1747.5,1747.0,1747.5,1747.5,5200
2024-03-07 13:20:00+09:00,1747.0,1747.0,1746.5,1746.5,1746.5,2100
2024-03-07 13:21:00+09:00,1747.5,1747.5,1746.5,1747.0,1747.0,6100
2024-03-07 13:22:00+09:00,1747.0,1749.0,1747.0,1748.5,1748.5,9800
2024-03-07 13:23:00+09:00,1748.5,1750.0,1748.5,1750.0,1750.0,4600
2024-03-07 13:24:00+09:00,1750.0,1751.0,1750.0,1750.5,1750.5,8000
2024-03-07 13:25:00+09:00,1750.5,1751.0,1749.5,1749.5,1749.5,6000
2024-03-07 13:26:00+09:00,1750.0,1750.0,1748.5,1749.0,1749.0,5300
2024-03-07 13:27:00+09:00,1749.0,1749.0,1748.0,1748.5,1748.5,6100
2024-03-07 13:28:00+09:00,1748.0,1748.5,1747.5,1748.0,1748.0,3600
2024-03-07 13:29:00+09:00,1747.0,1748.0,1746.0,1747.0,1747.0,7200
2024-03-07 13:30:00+09:00,1746.0,1746.5,1744.5,1746.0,1746.0,12700
2024-03-07 13:31:00+09:00,1746.0,1746.5,1743.5,1744.0,1744.0,23700
2024-03-07 13:32:00+09:00,1744.5,1745.5,1744.0,1745.5,1745.5,6600
2024-03-07 13:33:00+09:00,1745.0,1748.0,1745.0,1747.0,1747.0,5400
2024-03-07 13:34:00+09:00,1746.5,1746.5,1746.0,1746.5,1746.5,3100
2024-03-07 13:35:00+09:00,1746.5,1746.5,1746.0,1746.0,1746.0,5000
2024-03-07 13:36:00+09:00,1746.0,1746.0,1745.5,1745.5,1745.5,4100
2024-03-07 13:37:00+09:00,1745.5,1745.5,1745.0,1745.0,1745.0,4600
2024-03-07 13:38:00+09:00,1745.0,1746.5,1744.5,1746.5,1746.5,8300
2024-03-07 13:39:00+09:00,1746.5,1747.5,1746.5,1746.5,1746.5,5600
2024-03-07 13:40:00+09:00,1747.0,1747.0,1746.5,1746.5,1746.5,1300
2024-03-07 13:41:00+09:00,1746.5,1747.0,1746.0,1747.0,1747.0,8300
2024-03-07 13:42:00+09:00,1746.5,1748.0,1746.5,1747.5,1747.5,3400
2024-03-07 13:43:00+09:00,1747.5,1748.0,1747.0,1748.0,1748.0,5000
2024-03-07 13:44:00+09:00,1748.5,1748.5,1748.0,1748.5,1748.5,1700
2024-03-07 13:45:00+09:00,1748.0,1748.0,1747.5,1747.5,1747.5,5500
2024-03-07 13:46:00+09:00,1748.0,1748.0,1747.5,1748.0,1748.0,3900
2024-03-07 13:47:00+09:00,1748.0,1748.0,1746.5,1747.0,1747.0,6700
2024-03-07 13:48:00+09:00,1747.0,1747.5,1746.5,1747.5,1747.5,3200
2024-03-07 13:49:00+09:00,1747.5,1747.5,1747.0,1747.0,1747.0,2400
2024-03-07 13:50:00+09:00,1747.5,1748.5,1747.0,1748.5,1748.5,7900
2024-03-07 13:51:00+09:00,1748.0,1748.5,1747.5,1747.5,1747.5,3400
2024-03-07 13:52:00+09:00,1747.5,1747.5,1747.0,1747.0,1747.0,6100
2024-03-07 13:53:00+09:00,1747.0,1747.5,1747.0,1747.0,1747.0,1900
2024-03-07 13:54:00+09:00,1747.0,1747.5,1746.5,1747.0,1747.0,1700
2024-03-07 13:55:00+09:00,1747.0,1747.0,1746.0,1746.0,1746.0,5300
2024-03-07 13:56:00+09:00,1746.5,1748.0,1746.5,1748.0,1748.0,8500
2024-03-07 13:57:00+09:00,1748.0,1748.0,1746.5,1747.0,1747.0,26200
2024-03-07 13:58:00+09:00,1746.5,1746.5,1746.0,1746.5,1746.5,3000
2024-03-07 13:59:00+09:00,1746.5,1747.0,1746.0,1746.0,1746.0,4000
2024-03-07 14:00:00+09:00,1746.0,1748.0,1746.0,1747.5,1747.5,17100
2024-03-07 14:01:00+09:00,1747.0,1747.0,1746.5,1746.5,1746.5,4900
2024-03-07 14:02:00+09:00,1746.5,1746.5,1746.0,1746.5,1746.5,9000
2024-03-07 14:03:00+09:00,1746.0,1746.0,1744.5,1745.5,1745.5,17800
2024-03-07 14:04:00+09:00,1745.0,1745.0,1744.5,1745.0,1745.0,3600
2024-03-07 14:05:00+09:00,1744.5,1745.0,1743.5,1745.0,1745.0,9500
2024-03-07 14:06:00+09:00,1745.0,1745.0,1744.5,1745.0,1745.0,1100
2024-03-07 14:07:00+09:00,1745.0,1745.5,1745.0,1745.5,1745.5,3700
2024-03-07 14:08:00+09:00,1746.0,1746.5,1746.0,1746.5,1746.5,2600
2024-03-07 14:09:00+09:00,1746.5,1748.0,1746.0,1746.5,1746.5,15900
2024-03-07 14:10:00+09:00,1746.0,1746.0,1745.5,1745.5,1745.5,5200
2024-03-07 14:11:00+09:00,1746.5,1746.5,1745.0,1745.0,1745.0,3700
2024-03-07 14:12:00+09:00,1745.5,1749.0,1745.5,1748.5,1748.5,8500
2024-03-07 14:13:00+09:00,1748.5,1749.0,1748.0,1749.0,1749.0,1900
2024-03-07 14:14:00+09:00,1748.0,1748.5,1747.5,1748.0,1748.0,5200
2024-03-07 14:15:00+09:00,1748.5,1749.0,1748.0,1748.5,1748.5,8200
2024-03-07 14:16:00+09:00,1749.5,1749.5,1749.5,1749.5,1749.5,3800
2024-03-07 14:17:00+09:00,1749.5,1749.5,1749.0,1749.0,1749.0,800
2024-03-07 14:18:00+09:00,1749.5,1749.5,1747.0,1747.0,1747.0,13600
2024-03-07 14:19:00+09:00,1748.0,1749.0,1748.0,1748.5,1748.5,9400
2024-03-07 14:20:00+09:00,1748.0,1748.0,1747.0,1747.0,1747.0,4000
2024-03-07 14:21:00+09:00,1747.0,1747.5,1747.0,1747.0,1747.0,3000
2024-03-07 14:22:00+09:00,1747.5,1748.0,1747.0,1747.0,1747.0,6000
2024-03-07 14:23:00+09:00,1747.0,1747.0,1747.0,1747.0,1747.0,5300
2024-03-07 14:24:00+09:00,1747.5,1748.5,1747.0,1747.0,1747.0,10200
2024-03-07 14:25:00+09:00,1747.0,1748.0,1746.5,1747.0,1747.0,9500
2024-03-07 14:26:00+09:00,1746.5,1748.0,1746.5,1747.5,1747.5,6700
2024-03-07 14:27:00+09:00,1747.5,1749.0,1747.0,1749.0,1749.0,7600
2024-03-07 14:28:00+09:00,1748.5,1749.5,1748.5,1749.5,1749.5,3000
2024-03-07 14:29:00+09:00,1749.0,1750.0,1749.0,1749.5,1749.5,4500
2024-03-07 14:30:00+09:00,1749.5,1749.5,1748.0,1748.5,1748.5,6400
2024-03-07 14:31:00+09:00,1748.5,1749.0,1748.0,1749.0,1749.0,9500
2024-03-07 14:32:00+09:00,1748.0,1749.0,1747.5,1748.5,1748.5,5800
2024-03-07 14:33:00+09:00,1749.5,1750.0,1749.0,1749.5,1749.5,5300
2024-03-07 14:34:00+09:00,1750.0,1750.0,1748.5,1749.5,1749.5,11400
2024-03-07 14:35:00+09:00,1750.0,1750.5,1749.5,1749.5,1749.5,9100
2024-03-07 14:36:00+09:00,1750.0,1750.0,1746.5,1747.5,1747.5,27000
2024-03-07 14:37:00+09:00,1747.0,1747.0,1746.5,1747.0,1747.0,9300
2024-03-07 14:38:00+09:00,1747.5,1748.0,1746.0,1746.0,1746.0,9700
2024-03-07 14:39:00+09:00,1746.5,1747.5,1746.5,1746.5,1746.5,3600
2024-03-07 14:40:00+09:00,1746.0,1746.5,1745.5,1746.0,1746.0,9500
2024-03-07 14:41:00+09:00,1746.0,1746.5,1745.5,1745.5,1745.5,3500
2024-03-07 14:42:00+09:00,1746.0,1747.5,1744.5,1747.0,1747.0,25100
2024-03-07 14:43:00+09:00,1747.0,1747.0,1745.5,1745.5,1745.5,7600
2024-03-07 14:44:00+09:00,1746.0,1746.5,1746.0,1746.5,1746.5,10800
2024-03-07 14:45:00+09:00,1745.5,1745.5,1744.5,1744.5,1744.5,5200
2024-03-07 14:46:00+09:00,1744.5,1745.0,1743.5,1743.5,1743.5,13600
2024-03-07 14:47:00+09:00,1743.5,1744.0,1742.5,1744.0,1744.0,12000
2024-03-07 14:48:00+09:00,1744.0,1746.0,1744.0,1746.0,1746.0,17500
2024-03-07 14:49:00+09:00,1746.0,1746.0,1745.5,1746.0,1746.0,9000
2024-03-07 14:50:00+09:00,1746.0,1746.0,1744.0,1744.0,1744.0,19600
2024-03-07 14:51:00+09:00,1744.5,1745.0,1743.0,1743.0,1743.0,15800
2024-03-07 14:52:00+09:00,1743.5,1744.0,1742.5,1742.5,1742.5,12100
2024-03-07 14:53:00+09:00,1742.5,1743.0,1742.0,1742.5,1742.5,16200
2024-03-07 14:54:00+09:00,1742.5,1743.0,1742.5,1743.0,1743.0,4400
2024-03-07 14:55:00+09:00,1743.0,1744.5,1743.0,1744.5,1744.5,17400
2024-03-07 14:56:00+09:00,1745.5,1746.0,1745.5,1746.0,1746.0,25100
2024-03-07 14:57:00+09:00,1745.0,1747.5,1745.0,1747.0,1747.0,30800
2024-03-07 14:58:00+09:00,1747.5,1747.5,1746.5,1747.0,1747.0,18000
2024-03-07 14:59:00+09:00,1747.0,1748.0,1746.0,1746.0,1746.0,28200
2024-03-08 09:00:00+09:00,1754.0,1779.0,1754.0,1776.0,1776.0,1452100
2024-03-08 09:01:00+09:00,1775.5,1786.0,1768.0,1778.5,1778.5,62100
2024-03-08 09:02:00+09:00,1777.5,1777.5,1769.5,1771.5,1771.5,24800
2024-03-08 09:03:00+09:00,1770.0,1772.5,1765.0,1765.0,1765.0,14300
2024-03-08 09:04:00+09:00,1764.0,1774.5,1763.5,1774.0,1774.0,17500
2024-03-08 09:05:00+09:00,1774.0,1783.5,1774.0,1782.0,1782.0,53400
2024-03-08 09:06:00+09:00,1781.5,1782.5,1773.5,1775.0,1775.0,25300
2024-03-08 09:07:00+09:00,1773.5,1775.0,1767.0,1769.5,1769.5,27700
2024-03-08 09:08:00+09:00,1769.0,1770.0,1764.5,1768.0,1768.0,20900
2024-03-08 09:09:00+09:00,1768.5,1772.0,1768.0,1772.0,1772.0,15000
2024-03-08 09:10:00+09:00,1772.5,1776.0,1769.0,1770.5,1770.5,32000
2024-03-08 09:11:00+09:00,1769.5,1772.5,1769.5,1772.5,1772.5,9300
2024-03-08 09:12:00+09:00,1772.5,1777.5,1772.5,1777.5,1777.5,10700
2024-03-08 09:13:00+09:00,1776.5,1781.5,1776.0,1781.5,1781.5,44200
2024-03-08 09:14:00+09:00,1780.5,1788.5,1780.0,1788.0,1788.0,35200
2024-03-08 09:15:00+09:00,1789.0,1789.0,1784.5,1787.5,1787.5,25900
2024-03-08 09:16:00+09:00,1787.0,1787.0,1782.0,1784.0,1784.0,18900
2024-03-08 09:17:00+09:00,1784.5,1787.0,1783.5,1786.0,1786.0,17500
2024-03-08 09:18:00+09:00,1786.5,1792.5,1786.5,1789.0,1789.0,39200
2024-03-08 09:19:00+09:00,1788.5,1795.5,1788.0,1795.0,1795.0,32200
2024-03-08 09:20:00+09:00,1794.5,1797.5,1793.0,1797.0,1797.0,30100
2024-03-08 09:21:00+09:00,1796.0,1799.5,1796.0,1799.0,1799.0,39600
2024-03-08 09:22:00+09:00,1799.5,1805.0,1796.0,1804.5,1804.5,122100
2024-03-08 09:23:00+09:00,1803.0,1809.5,1803.0,1809.0,1809.0,29300
2024-03-08 09:24:00+09:00,1809.5,1809.5,1804.0,1808.0,1808.0,26200
2024-03-08 09:25:00+09:00,1808.5,1812.5,1804.5,1811.0,1811.0,43200
2024-03-08 09:26:00+09:00,1810.0,1810.0,1804.5,1805.0,1805.0,40300
2024-03-08 09:27:00+09:00,1805.0,1807.5,1802.5,1806.5,1806.5,20200
2024-03-08 09:28:00+09:00,1806.5,1807.0,1802.0,1802.0,1802.0,22100
2024-03-08 09:29:00+09:00,1802.0,1802.5,1796.0,1797.0,1797.0,25600
2024-03-08 09:30:00+09:00,1796.5,1802.0,1796.0,1802.0,1802.0,18400
2024-03-08 09:31:00+09:00,1803.0,1803.0,1798.0,1798.0,1798.0,16600
2024-03-08 09:32:00+09:00,1797.0,1797.5,1792.0,1794.5,1794.5,22000
2024-03-08 09:33:00+09:00,1795.0,1797.0,1793.5,1795.5,1795.5,14500
2024-03-08 09:34:00+09:00,1795.5,1798.0,1792.5,1792.5,1792.5,14500
2024-03-08 09:35:00+09:00,1792.5,1792.5,1790.0,1790.5,1790.5,16900
2024-03-08 09:36:00+09:00,1790.0,1793.5,1789.5,1790.5,1790.5,9800
2024-03-08 09:37:00+09:00,1790.0,1794.0,1789.5,1793.5,1793.5,13900
2024-03-08 09:38:00+09:00,1793.0,1797.0,1792.0,1794.5,1794.5,12400
2024-03-08 09:39:00+09:00,1794.5,1794.5,1792.5,1794.5,1794.5,8800
2024-03-08 09:40:00+09:00,1794.5,1797.0,1794.5,1796.0,1796.0,10700
2024-03-08 09:41:00+09:00,1795.5,1796.0,1792.5,1793.0,1793.0,9600
2024-03-08 09:42:00+09:00,1794.0,1794.5,1793.5,1794.5,1794.5,2100
2024-03-08 09:43:00+09:00,1797.0,1799.0,1797.0,1798.5,1798.5,18000
2024-03-08 09:44:00+09:00,1798.5,1799.5,1795.5,1797.0,1797.0,31600
2024-03-08 09:45:00+09:00,1797.5,1797.5,1795.0,1796.0,1796.0,10400
2024-03-08 09:46:00+09:00,1796.0,1799.0,1796.0,1799.0,1799.0,12300
2024-03-08 09:47:00+09:00,1799.0,1804.5,1798.0,1804.0,1804.0,82700
2024-03-08 09:48:00+09:00,1803.5,1808.5,1802.5,1808.0,1808.0,42400
2024-03-08 09:49:00+09:00,1808.0,1808.0,1803.0,1806.0,1806.0,30600
2024-03-08 09:50:00+09:00,1806.5,1806.5,1800.5,1801.0,1801.0,30000
2024-03-08 09:51:00+09:00,1800.5,1802.0,1799.0,1799.0,1799.0,12000
2024-03-08 09:52:00+09:00,1799.0,1799.5,1797.5,1798.0,1798.0,8600
2024-03-08 09:53:00+09:00,1798.5,1799.5,1793.5,1794.5,1794.5,17000
2024-03-08 09:54:00+09:00,1794.0,1798.5,1792.5,1796.5,1796.5,28000
2024-03-08 09:55:00+09:00,1796.5,1797.5,1794.5,1795.5,1795.5,7900
2024-03-08 09:56:00+09:00,1796.0,1797.0,1795.0,1796.0,1796.0,10700
2024-03-08 09:57:00+09:00,1795.5,1795.5,1793.5,1794.5,1794.5,12200
2024-03-08 09:58:00+09:00,1794.5,1797.0,1793.5,1797.0,1797.0,9300
2024-03-08 09:59:00+09:00,1797.0,1797.5,1795.5,1797.0,1797.0,6400
2024-03-08 10:00:00+09:00,1796.5,1796.5,1793.5,1794.0,1794.0,12500
2024-03-08 10:01:00+09:00,1794.0,1795.5,1793.0,1795.5,1795.5,13200
2024-03-08 10:02:00+09:00,1795.0,1796.0,1794.5,1794.5,1794.5,10100
2024-03-08 10:03:00+09:00,1794.5,1794.5,1793.0,1794.0,1794.0,8400
2024-03-08 10:04:00+09:00,1793.5,1794.0,1792.5,1792.5,1792.5,8900
2024-03-08 10:05:00+09:00,1793.0,1795.5,1793.0,1795.0,1795.0,15500
2024-03-08 10:06:00+09:00,1794.5,1795.5,1793.5,1795.5,1795.5,11000
2024-03-08 10:07:00+09:00,1794.5,1796.0,1794.5,1795.5,1795.5,8500
2024-03-08 10:08:00+09:00,1795.5,1796.5,1794.5,1795.0,1795.0,19700
2024-03-08 10:09:00+09:00,1795.0,1795.5,1794.5,1795.5,1795.5,10800
2024-03-08 10:10:00+09:00,1795.5,1796.0,1794.0,1795.0,1795.0,9700
2024-03-08 10:11:00+09:00,1794.5,1795.5,1793.0,1794.0,1794.0,15000
2024-03-08 10:12:00+09:00,1793.5,1793.5,1793.5,1793.5,1793.5,1500
2024-03-08 10:13:00+09:00,1793.5,1793.5,1791.0,1793.0,1793.0,18500
2024-03-08 10:14:00+09:00,1792.5,1793.5,1792.5,1792.5,1792.5,2300
2024-03-08 10:15:00+09:00,1792.5,1793.5,1791.0,1793.5,1793.5,11400
2024-03-08 10:16:00+09:00,1793.0,1793.0,1792.5,1792.5,1792.5,1600
2024-03-08 10:17:00+09:00,1792.0,1792.5,1788.5,1788.5,1788.5,50800
2024-03-08 10:18:00+09:00,1789.0,1789.5,1788.0,1788.5,1788.5,9500
2024-03-08 10:19:00+09:00,1788.5,1791.5,1788.5,1790.0,1790.0,15700
2024-03-08 10:20:00+09:00,1789.0,1791.0,1789.0,1791.0,1791.0,6000
2024-03-08 10:21:00+09:00,1791.0,1797.0,1790.0,1797.0,1797.0,28600
2024-03-08 10:22:00+09:00,1797.0,1798.0,1796.0,1797.0,1797.0,8600
2024-03-08 10:23:00+09:00,1798.0,1802.0,1796.0,1802.0,1802.0,53300
2024-03-08 10:24:00+09:00,1801.5,1803.0,1800.0,1803.0,1803.0,16100
2024-03-08 10:25:00+09:00,1803.5,1803.5,1800.5,1802.0,1802.0,6800
2024-03-08 10:26:00+09:00,1802.5,1803.0,1801.0,1801.5,1801.5,13800
2024-03-08 10:27:00+09:00,1801.0,1803.5,1801.0,1803.5,1803.5,6400
2024-03-08 10:28:00+09:00,1804.0,1804.0,1799.0,1799.5,1799.5,14000
2024-03-08 10:29:00+09:00,1800.0,1801.5,1799.5,1801.0,1801.0,11000
2024-03-08 10:30:00+09:00,1801.0,1801.5,1799.0,1800.0,1800.0,11000
2024-03-08 10:31:00+09:00,1799.5,1800.0,1799.0,1799.5,1799.5,5600
2024-03-08 10:32:00+09:00,1800.0,1801.0,1799.0,1800.5,1800.5,33800
2024-03-08 10:33:00+09:00,1800.0,1805.0,1800.0,1803.5,1803.5,13200
2024-03-08 10:34:00+09:00,1804.0,1804.0,1802.0,1803.0,1803.0,8000
2024-03-08 10:35:00+09:00,1803.0,1803.0,1801.5,1802.5,1802.5,13000
2024-03-08 10:36:00+09:00,1802.5,1803.0,1801.5,1801.5,1801.5,6300
2024-03-08 10:37:00+09:00,1802.0,1802.5,1800.5,1802.0,1802.0,20900
2024-03-08 10:38:00+09:00,1802.5,1805.5,1801.0,1805.0,1805.0,37300
2024-03-08 10:39:00+09:00,1804.5,1804.5,1801.5,1802.0,1802.0,13200
2024-03-08 10:40:00+09:00,1802.5,1804.5,1802.0,1803.5,1803.5,8000
2024-03-08 10:41:00+09:00,1803.0,1803.0,1801.5,1801.5,1801.5,6300
2024-03-08 10:42:00+09:00,1802.0,1802.0,1801.0,1801.5,1801.5,11700
2024-03-08 10:43:00+09:00,1801.0,1801.5,1800.5,1801.5,1801.5,2300
2024-03-08 10:44:00+09:00,1801.5,1802.5,1801.0,1802.5,1802.5,3500
2024-03-08 10:45:00+09:00,1801.5,1802.5,1801.5,1802.5,1802.5,8300
2024-03-08 10:46:00+09:00,1802.5,1809.0,1802.5,1809.0,1809.0,45900
2024-03-08 10:47:00+09:00,1809.0,1809.5,1806.0,1806.5,1806.5,29100
2024-03-08 10:48:00+09:00,1806.0,1807.5,1805.5,1807.5,1807.5,4600
2024-03-08 10:49:00+09:00,1807.5,1809.0,1807.0,1808.0,1808.0,26800
2024-03-08 10:50:00+09:00,1809.0,1809.0,1804.5,1806.0,1806.0,15100
2024-03-08 10:51:00+09:00,1805.5,1806.0,1804.5,1804.5,1804.5,10600
2024-03-08 10:52:00+09:00,1805.0,1807.5,1805.0,1807.5,1807.5,6900
2024-03-08 10:53:00+09:00,1807.5,1807.5,1806.5,1806.5,1806.5,7500
2024-03-08 10:54:00+09:00,1806.0,1807.5,1806.0,1806.5,1806.5,21800
2024-03-08 10:55:00+09:00,1806.5,1807.5,1806.5,1807.0,1807.0,8300
2024-03-08 10:56:00+09:00,1807.0,1809.0,1807.0,1809.0,1809.0,7700
2024-03-08 10:57:00+09:00,1809.5,1812.0,1808.0,1812.0,1812.0,24700
2024-03-08 10:58:00+09:00,1812.0,1813.0,1811.0,1813.0,1813.0,12500
2024-03-08 10:59:00+09:00,1813.0,1816.0,1812.5,1816.0,1816.0,23500
2024-03-08 11:00:00+09:00,1815.0,1816.5,1813.0,1814.5,1814.5,21500
2024-03-08 11:01:00+09:00,1813.5,1814.5,1813.0,1814.0,1814.0,4200
2024-03-08 11:02:00+09:00,1814.0,1816.0,1813.5,1816.0,1816.0,16400
2024-03-08 11:03:00+09:00,1816.0,1816.0,1814.5,1815.5,1815.5,15700
2024-03-08 11:04:00+09:00,1815.0,1815.0,1813.5,1813.5,1813.5,15700
2024-03-08 11:05:00+09:00,1813.5,1815.5,1813.0,1813.5,1813.5,22100
2024-03-08 11:06:00+09:00,1813.0,1814.5,1811.0,1814.5,1814.5,17600
2024-03-08 11:07:00+09:00,1814.5,1816.5,1814.0,1816.0,1816.0,8100
2024-03-08 11:08:00+09:00,1816.0,1819.5,1816.0,1819.5,1819.5,17400
2024-03-08 11:09:00+09:00,1819.5,1820.0,1816.0,1816.5,1816.5,15600
2024-03-08 11:10:00+09:00,1816.5,1817.0,1816.0,1816.5,1816.5,6800
2024-03-08 11:11:00+09:00,1816.0,1818.0,1816.0,1817.0,1817.0,11600
2024-03-08 11:12:00+09:00,1818.0,1819.0,1816.5,1817.0,1817.0,12500
2024-03-08 11:13:00+09:00,1816.5,1817.5,1816.0,1817.5,1817.5,8700
2024-03-08 11:14:00+09:00,1817.5,1821.5,1817.0,1820.5,1820.5,27000
2024-03-08 11:15:00+09:00,1820.5,1822.5,1819.5,1821.5,1821.5,28000
2024-03-08 11:16:00+09:00,1821.5,1824.5,1821.5,1823.5,1823.5,19700
2024-03-08 11:17:00+09:00,1823.0,1823.0,1821.0,1822.5,1822.5,15800
2024-03-08 11:18:00+09:00,1823.0,1824.5,1822.0,1824.5,1824.5,12100
2024-03-08 11:19:00+09:00,1825.0,1826.5,1823.5,1824.0,1824.0,26800
2024-03-08 11:20:00+09:00,1824.0,1825.0,1821.0,1821.5,1821.5,32600
2024-03-08 11:21:00+09:00,1820.5,1821.5,1819.0,1820.0,1820.0,11100
2024-03-08 11:22:00+09:00,1820.5,1821.0,1819.5,1820.0,1820.0,15800
2024-03-08 11:23:00+09:00,1820.0,1821.0,1820.0,1821.0,1821.0,11100
2024-03-08 11:24:00+09:00,1821.0,1821.5,1820.0,1821.0,1821.0,5500
2024-03-08 11:25:00+09:00,1821.0,1821.5,1820.5,1821.0,1821.0,8100
2024-03-08 11:26:00+09:00,1821.0,1822.0,1821.0,1822.0,1822.0,5500
2024-03-08 11:27:00+09:00,1822.0,1824.0,1822.0,1824.0,1824.0,11100
2024-03-08 11:28:00+09:00,1823.5,1825.5,1823.0,1825.5,1825.5,16400
2024-03-08 11:29:00+09:00,1825.5,1826.0,1823.5,1825.0,1825.0,12300
2024-03-08 11:30:00+09:00,1825.0,1825.0,1825.0,1825.0,1825.0,2500
2024-03-08 11:35:00+09:00,1825.0,1825.0,1825.0,1825.0,1825.0,0
2024-03-08 12:30:00+09:00,1825.0,1825.5,1812.0,1814.0,1814.0,4457000
2024-03-08 12:32:00+09:00,1814.0,1816.5,1812.0,1814.5,1814.5,43800
2024-03-08 12:33:00+09:00,1815.0,1818.5,1813.5,1818.0,1818.0,26700
2024-03-08 12:34:00+09:00,1818.0,1819.5,1817.5,1818.0,1818.0,14400
2024-03-08 12:35:00+09:00,1817.5,1817.5,1812.5,1812.5,1812.5,18300
2024-03-08 12:36:00+09:00,1812.5,1813.5,1811.5,1812.5,1812.5,15100
2024-03-08 12:37:00+09:00,1812.5,1812.5,1810.5,1811.5,1811.5,12600
2024-03-08 12:38:00+09:00,1812.0,1812.0,1809.0,1810.5,1810.5,15900
2024-03-08 12:39:00+09:00,1809.5,1810.0,1808.5,1809.5,1809.5,15100
2024-03-08 12:40:00+09:00,1809.5,1810.0,1809.0,1809.5,1809.5,8000
2024-03-08 12:41:00+09:00,1810.0,1812.5,1809.5,1812.5,1812.5,17800
2024-03-08 12:42:00+09:00,1813.0,1814.5,1812.5,1814.5,1814.5,8700
2024-03-08 12:43:00+09:00,1815.0,1815.5,1813.0,1814.5,1814.5,22000
2024-03-08 12:44:00+09:00,1814.5,1818.5,1814.5,1818.5,1818.5,10000
2024-03-08 12:45:00+09:00,1818.5,1819.5,1816.0,1816.5,1816.5,21300
2024-03-08 12:46:00+09:00,1816.0,1816.5,1811.5,1811.5,1811.5,13300
2024-03-08 12:47:00+09:00,1812.0,1814.5,1811.5,1814.0,1814.0,11100
2024-03-08 12:48:00+09:00,1813.5,1815.0,1813.5,1814.5,1814.5,4100
2024-03-08 12:49:00+09:00,1814.0,1815.5,1813.5,1815.5,1815.5,6500
2024-03-08 12:50:00+09:00,1815.5,1816.5,1815.0,1815.5,1815.5,9400
2024-03-08 12:51:00+09:00,1815.5,1816.0,1815.0,1815.5,1815.5,8300
2024-03-08 12:52:00+09:00,1816.0,1816.0,1815.5,1815.5,1815.5,6800
2024-03-08 12:53:00+09:00,1815.5,1816.0,1812.5,1812.5,1812.5,20500
2024-03-08 12:54:00+09:00,1812.5,1814.0,1812.5,1813.0,1813.0,8700
2024-03-08 12:55:00+09:00,1813.0,1813.5,1811.0,1812.0,1812.0,10500
2024-03-08 12:56:00+09:00,1812.5,1814.0,1812.5,1813.5,1813.5,21400
2024-03-08 12:57:00+09:00,1813.5,1814.5,1813.0,1814.0,1814.0,7900
2024-03-08 12:58:00+09:00,1814.5,1814.5,1813.5,1814.0,1814.0,5900
2024-03-08 12:59:00+09:00,1814.0,1815.0,1813.5,1813.5,1813.5,7400
2024-03-08 13:00:00+09:00,1813.0,1813.5,1811.5,1811.5,1811.5,25300
2024-03-08 13:01:00+09:00,1812.0,1812.0,1811.0,1812.0,1812.0,8600
2024-03-08 13:02:00+09:00,1812.5,1813.0,1812.0,1812.5,1812.5,3200
2024-03-08 13:03:00+09:00,1813.0,1813.5,1812.0,1812.0,1812.0,12400
2024-03-08 13:04:00+09:00,1811.5,1811.5,1808.0,1808.0,1808.0,24700
2024-03-08 13:05:00+09:00,1808.5,1811.0,1808.5,1808.5,1808.5,12600
2024-03-08 13:06:00+09:00,1809.0,1809.0,1807.0,1808.0,1808.0,15700
2024-03-08 13:07:00+09:00,1808.5,1810.0,1808.0,1808.0,1808.0,10500
2024-03-08 13:08:00+09:00,1807.5,1808.0,1806.0,1806.5,1806.5,25600
2024-03-08 13:09:00+09:00,1805.5,1806.0,1804.0,1805.0,1805.0,16800
2024-03-08 13:10:00+09:00,1804.5,1806.0,1802.0,1805.5,1805.5,16800
2024-03-08 13:11:00+09:00,1805.5,1805.5,1800.0,1801.5,1801.5,24700
2024-03-08 13:12:00+09:00,1802.0,1802.0,1800.0,1800.5,1800.5,19400
2024-03-08 13:13:00+09:00,1800.0,1807.5,1799.5,1807.5,1807.5,23800
2024-03-08 13:14:00+09:00,1808.5,1809.5,1808.5,1809.0,1809.0,4200
2024-03-08 13:15:00+09:00,1808.5,1809.0,1807.5,1808.5,1808.5,11000
2024-03-08 13:16:00+09:00,1809.0,1810.5,1808.5,1810.0,1810.0,11500
2024-03-08 13:17:00+09:00,1810.0,1810.5,1807.5,1808.5,1808.5,4800
2024-03-08 13:18:00+09:00,1808.5,1809.0,1808.0,1808.5,1808.5,3800
2024-03-08 13:19:00+09:00,1808.5,1809.0,1808.5,1809.0,1809.0,3700
2024-03-08 13:20:00+09:00,1809.0,1809.5,1809.0,1809.5,1809.5,6100
2024-03-08 13:21:00+09:00,1809.5,1810.0,1808.5,1809.0,1809.0,8300
2024-03-08 13:22:00+09:00,1808.0,1809.5,1808.0,1809.0,1809.0,12600
2024-03-08 13:23:00+09:00,1809.0,1809.0,1807.5,1808.0,1808.0,7200
2024-03-08 13:24:00+09:00,1808.0,1808.0,1807.5,1808.0,1808.0,5400
2024-03-08 13:25:00+09:00,1808.0,1811.0,1807.5,1810.0,1810.0,11800
2024-03-08 13:26:00+09:00,1809.5,1811.0,1809.5,1811.0,1811.0,8800
2024-03-08 13:27:00+09:00,1811.0,1812.0,1809.5,1809.5,1809.5,11700
2024-03-08 13:28:00+09:00,1809.5,1811.5,1809.5,1811.0,1811.0,10600
2024-03-08 13:29:00+09:00,1811.0,1811.5,1811.0,1811.0,1811.0,4100
2024-03-08 13:30:00+09:00,1811.5,1811.5,1809.5,1809.5,1809.5,8200
2024-03-08 13:31:00+09:00,1810.0,1810.5,1808.0,1808.5,1808.5,6700
2024-03-08 13:32:00+09:00,1808.5,1810.0,1808.5,1810.0,1810.0,7800
2024-03-08 13:33:00+09:00,1810.0,1813.0,1810.0,1811.0,1811.0,19200
2024-03-08 13:34:00+09:00,1811.5,1812.0,1811.0,1811.0,1811.0,2100
2024-03-08 13:35:00+09:00,1810.5,1813.0,1809.5,1810.5,1810.5,9200
2024-03-08 13:36:00+09:00,1810.0,1812.0,1809.5,1812.0,1812.0,8500
2024-03-08 13:37:00+09:00,1811.5,1812.0,1811.0,1812.0,1812.0,6900
2024-03-08 13:38:00+09:00,1812.0,1813.0,1811.0,1812.5,1812.5,14900
2024-03-08 13:39:00+09:00,1813.0,1813.0,1812.0,1812.5,1812.5,4300
2024-03-08 13:40:00+09:00,1811.5,1812.0,1810.5,1812.0,1812.0,16100
2024-03-08 13:41:00+09:00,1812.5,1812.5,1812.5,1812.5,1812.5,2300
2024-03-08 13:42:00+09:00,1813.0,1814.5,1813.0,1814.5,1814.5,15000
2024-03-08 13:43:00+09:00,1814.0,1814.5,1813.0,1813.0,1813.0,7500
2024-03-08 13:44:00+09:00,1813.5,1814.5,1813.5,1813.5,1813.5,4800
2024-03-08 13:45:00+09:00,1814.0,1814.5,1813.0,1813.0,1813.0,7800
2024-03-08 13:46:00+09:00,1813.0,1813.5,1813.0,1813.5,1813.5,1800
2024-03-08 13:47:00+09:00,1813.0,1813.5,1813.0,1813.0,1813.0,12100
2024-03-08 13:48:00+09:00,1813.0,1814.5,1813.0,1814.5,1814.5,8200
2024-03-08 13:49:00+09:00,1814.5,1814.5,1813.5,1814.5,1814.5,5500
2024-03-08 13:50:00+09:00,1815.0,1815.0,1813.5,1813.5,1813.5,9300
2024-03-08 13:51:00+09:00,1814.5,1814.5,1813.0,1813.5,1813.5,9200
2024-03-08 13:52:00+09:00,1813.0,1813.5,1809.5,1812.5,1812.5,36700
2024-03-08 13:53:00+09:00,1812.5,1812.5,1810.5,1810.5,1810.5,3500
2024-03-08 13:54:00+09:00,1813.0,1814.5,1813.0,1814.0,1814.0,19500
2024-03-08 13:55:00+09:00,1814.0,1815.5,1814.0,1815.5,1815.5,15600
2024-03-08 13:56:00+09:00,1815.5,1816.5,1815.0,1815.0,1815.0,12100
2024-03-08 13:57:00+09:00,1815.0,1816.0,1814.5,1814.5,1814.5,3900
2024-03-08 13:58:00+09:00,1815.0,1817.0,1815.0,1816.0,1816.0,9100
2024-03-08 13:59:00+09:00,1816.0,1816.5,1814.5,1815.0,1815.0,7400
2024-03-08 14:00:00+09:00,1815.0,1815.0,1813.5,1814.0,1814.0,4600
2024-03-08 14:01:00+09:00,1814.0,1814.0,1812.0,1812.5,1812.5,9700
2024-03-08 14:02:00+09:00,1812.5,1813.0,1810.5,1811.0,1811.0,7200
2024-03-08 14:03:00+09:00,1811.0,1811.5,1810.5,1811.0,1811.0,5000
2024-03-08 14:04:00+09:00,1811.0,1811.5,1809.5,1810.0,1810.0,15500
2024-03-08 14:05:00+09:00,1810.5,1811.0,1808.5,1809.0,1809.0,26100
2024-03-08 14:06:00+09:00,1809.5,1809.5,1808.0,1808.0,1808.0,5800
2024-03-08 14:07:00+09:00,1808.5,1810.5,1808.5,1809.0,1809.0,7400
2024-03-08 14:08:00+09:00,1809.5,1810.0,1808.0,1808.0,1808.0,9700
2024-03-08 14:09:00+09:00,1808.5,1809.5,1807.5,1807.5,1807.5,9300
2024-03-08 14:10:00+09:00,1808.0,1808.5,1807.0,1808.5,1808.5,7100
2024-03-08 14:11:00+09:00,1807.5,1807.5,1806.5,1806.5,1806.5,4400
2024-03-08 14:12:00+09:00,1806.5,1807.0,1805.5,1806.5,1806.5,13600
2024-03-08 14:13:00+09:00,1807.0,1807.5,1807.0,1807.0,1807.0,4800
2024-03-08 14:14:00+09:00,1807.0,1808.5,1807.0,1807.5,1807.5,10100
2024-03-08 14:15:00+09:00,1807.5,1808.0,1807.0,1807.0,1807.0,9300
2024-03-08 14:16:00+09:00,1807.0,1807.5,1806.0,1806.0,1806.0,11300
2024-03-08 14:17:00+09:00,1806.0,1806.0,1803.5,1803.5,1803.5,5600
2024-03-08 14:18:00+09:00,1804.0,1806.0,1804.0,1806.0,1806.0,9900
2024-03-08 14:19:00+09:00,1806.5,1807.5,1806.0,1807.5,1807.5,8900
2024-03-08 14:20:00+09:00,1807.5,1808.0,1805.5,1806.0,1806.0,10300
2024-03-08 14:21:00+09:00,1806.0,1806.0,1806.0,1806.0,1806.0,2500
2024-03-08 14:22:00+09:00,1806.5,1807.0,1806.5,1807.0,1807.0,3300
2024-03-08 14:23:00+09:00,1807.0,1807.5,1805.5,1805.5,1805.5,7200
2024-03-08 14:24:00+09:00,1805.0,1805.0,1802.5,1802.5,1802.5,9400
2024-03-08 14:25:00+09:00,1802.5,1803.5,1802.5,1802.5,1802.5,7800
2024-03-08 14:26:00+09:00,1803.0,1804.0,1802.5,1803.0,1803.0,16400
2024-03-08 14:27:00+09:00,1803.5,1803.5,1802.5,1803.5,1803.5,4400
2024-03-08 14:28:00+09:00,1803.5,1803.5,1802.5,1803.0,1803.0,3100
2024-03-08 14:29:00+09:00,1803.0,1805.0,1802.5,1804.0,1804.0,17900
2024-03-08 14:30:00+09:00,1804.5,1806.0,1804.5,1806.0,1806.0,6200
2024-03-08 14:31:00+09:00,1805.5,1805.5,1802.5,1803.0,1803.0,6200
2024-03-08 14:32:00+09:00,1802.5,1803.5,1801.5,1802.0,1802.0,10500
2024-03-08 14:33:00+09:00,1802.0,1802.5,1802.0,1802.5,1802.5,5800
2024-03-08 14:34:00+09:00,1803.0,1803.5,1802.0,1803.0,1803.0,5400
2024-03-08 14:35:00+09:00,1803.0,1803.0,1801.0,1802.5,1802.5,14500
2024-03-08 14:36:00+09:00,1803.5,1803.5,1803.5,1803.5,1803.5,3600
2024-03-08 14:37:00+09:00,1804.0,1804.5,1802.5,1804.5,1804.5,18500
2024-03-08 14:38:00+09:00,1804.5,1805.5,1804.0,1804.5,1804.5,10600
2024-03-08 14:39:00+09:00,1805.0,1807.0,1805.0,1807.0,1807.0,15400
2024-03-08 14:40:00+09:00,1808.0,1809.0,1807.5,1808.5,1808.5,9500
2024-03-08 14:41:00+09:00,1808.0,1809.5,1808.0,1809.5,1809.5,6200
2024-03-08 14:42:00+09:00,1809.5,1809.5,1806.5,1807.5,1807.5,12900
2024-03-08 14:43:00+09:00,1808.0,1809.0,1807.5,1809.0,1809.0,3900
2024-03-08 14:44:00+09:00,1809.0,1809.5,1808.5,1809.0,1809.0,8200
2024-03-08 14:45:00+09:00,1809.5,1810.0,1809.5,1810.0,1810.0,10800
2024-03-08 14:46:00+09:00,1810.0,1811.5,1810.0,1811.5,1811.5,5800
2024-03-08 14:47:00+09:00,1811.5,1811.5,1810.0,1810.5,1810.5,14400
2024-03-08 14:48:00+09:00,1810.5,1811.0,1810.0,1810.0,1810.0,7400
2024-03-08 14:49:00+09:00,1810.5,1810.5,1808.5,1808.5,1808.5,11000
2024-03-08 14:50:00+09:00,1808.0,1810.0,1807.5,1810.0,1810.0,14500
2024-03-08 14:51:00+09:00,1810.0,1810.5,1810.0,1810.0,1810.0,10000
2024-03-08 14:52:00+09:00,1810.0,1810.5,1809.0,1809.5,1809.5,16100
2024-03-08 14:53:00+09:00,1809.5,1809.5,1808.5,1809.5,1809.5,10200
2024-03-08 14:54:00+09:00,1810.0,1810.0,1809.0,1809.5,1809.5,4000
2024-03-08 14:55:00+09:00,1809.5,1810.0,1808.5,1809.5,1809.5,16100
2024-03-08 14:56:00+09:00,1809.0,1809.5,1809.0,1809.0,1809.0,12700
2024-03-08 14:57:00+09:00,1808.5,1809.0,1808.0,1809.0,1809.0,25200
2024-03-08 14:58:00+09:00,1808.5,1809.5,1807.0,1807.0,1807.0,36200
2024-03-08 14:59:00+09:00,1806.5,1807.5,1803.0,1804.5,1804.5,55200
2024-03-11 09:00:00+09:00,1791.0,1792.0,1772.0,1772.0,1772.0,0
2024-03-11 09:01:00+09:00,1774.0,1776.5,1758.5,1764.5,1764.5,64500
2024-03-11 09:02:00+09:00,1765.0,1776.0,1764.0,1775.0,1775.0,23100
2024-03-11 09:03:00+09:00,1776.0,1777.5,1773.5,1774.0,1774.0,26800
2024-03-11 09:04:00+09:00,1775.0,1776.0,1769.0,1770.5,1770.5,17000
2024-03-11 09:05:00+09:00,1769.0,1770.0,1763.0,1767.0,1767.0,32100
2024-03-11 09:06:00+09:00,1768.0,1768.5,1765.0,1766.5,1766.5,30800
2024-03-11 09:07:00+09:00,1766.5,1771.0,1766.0,1768.0,1768.0,15400
2024-03-11 09:08:00+09:00,1768.0,1768.0,1763.5,1763.5,1763.5,28900
2024-03-11 09:09:00+09:00,1764.0,1771.0,1764.0,1768.0,1768.0,47900
2024-03-11 09:10:00+09:00,1768.0,1768.5,1764.5,1766.0,1766.0,21100
2024-03-11 09:11:00+09:00,1766.5,1771.0,1765.5,1769.5,1769.5,24700
2024-03-11 09:12:00+09:00,1770.5,1779.0,1769.0,1779.0,1779.0,23000
2024-03-11 09:13:00+09:00,1779.0,1779.5,1773.5,1774.5,1774.5,17000
2024-03-11 09:14:00+09:00,1774.0,1774.0,1770.0,1771.0,1771.0,14600
2024-03-11 09:15:00+09:00,1770.0,1775.5,1769.5,1773.0,1773.0,20300
2024-03-11 09:16:00+09:00,1772.5,1773.0,1769.5,1771.5,1771.5,14700
2024-03-11 09:17:00+09:00,1772.5,1773.5,1770.5,1770.5,1770.5,8400
2024-03-11 09:18:00+09:00,1771.0,1771.5,1769.0,1771.0,1771.0,28700
2024-03-11 09:19:00+09:00,1770.5,1771.5,1769.0,1770.0,1770.0,21400
2024-03-11 09:20:00+09:00,1770.5,1771.5,1769.5,1770.0,1770.0,16900
2024-03-11 09:21:00+09:00,1770.0,1771.0,1769.5,1770.0,1770.0,13400
2024-03-11 09:22:00+09:00,1770.0,1770.0,1766.5,1766.5,1766.5,19500
2024-03-11 09:23:00+09:00,1766.0,1767.0,1765.0,1767.0,1767.0,15500
2024-03-11 09:24:00+09:00,1766.5,1766.5,1761.5,1763.0,1763.0,25400
2024-03-11 09:25:00+09:00,1763.0,1763.5,1761.0,1761.5,1761.5,12200
2024-03-11 09:26:00+09:00,1761.5,1761.5,1756.5,1760.0,1760.0,65900
2024-03-11 09:27:00+09:00,1759.5,1764.0,1758.5,1763.0,1763.0,15900
2024-03-11 09:28:00+09:00,1763.0,1766.0,1762.5,1762.5,1762.5,24000
2024-03-11 09:29:00+09:00,1762.5,1766.0,1762.0,1765.0,1765.0,13600
2024-03-11 09:30:00+09:00,1765.0,1766.5,1764.0,1765.0,1765.0,10700
2024-03-11 09:31:00+09:00,1765.5,1769.0,1765.5,1766.0,1766.0,10900
2024-03-11 09:32:00+09:00,1766.0,1768.0,1765.5,1767.0,1767.0,12900
2024-03-11 09:33:00+09:00,1767.0,1768.0,1765.5,1766.5,1766.5,10500
2024-03-11 09:34:00+09:00,1766.0,1766.5,1764.5,1766.0,1766.0,31900
2024-03-11 09:35:00+09:00,1766.0,1767.0,1764.0,1764.0,1764.0,14400
2024-03-11 09:36:00+09:00,1764.0,1764.5,1761.5,1762.5,1762.5,14600
2024-03-11 09:37:00+09:00,1761.5,1761.5,1761.0,1761.0,1761.0,5100
2024-03-11 09:38:00+09:00,1760.5,1761.0,1760.0,1761.0,1761.0,23600
2024-03-11 09:39:00+09:00,1760.5,1761.0,1760.0,1760.5,1760.5,4100
2024-03-11 09:40:00+09:00,1760.5,1763.0,1760.0,1762.5,1762.5,14300
2024-03-11 09:41:00+09:00,1763.0,1764.0,1761.0,1764.0,1764.0,10600
2024-03-11 09:42:00+09:00,1764.5,1765.0,1764.5,1765.0,1765.0,1800
2024-03-11 09:43:00+09:00,1763.5,1764.0,1762.5,1763.0,1763.0,11800
2024-03-11 09:44:00+09:00,1763.5,1765.5,1763.5,1765.5,1765.5,11200
2024-03-11 09:45:00+09:00,1765.0,1770.0,1765.0,1770.0,1770.0,17500
2024-03-11 09:46:00+09:00,1769.0,1769.0,1767.5,1767.5,1767.5,7000
2024-03-11 09:47:00+09:00,1767.5,1768.0,1767.0,1767.0,1767.0,12400
2024-03-11 09:48:00+09:00,1767.5,1769.0,1767.0,1769.0,1769.0,6800
2024-03-11 09:49:00+09:00,1769.5,1770.0,1767.5,1768.0,1768.0,7700
2024-03-11 09:50:00+09:00,1767.5,1768.5,1767.0,1767.0,1767.0,10900
2024-03-11 09:51:00+09:00,1767.0,1769.0,1766.5,1768.5,1768.5,11600
2024-03-11 09:52:00+09:00,1768.0,1768.5,1767.5,1768.5,1768.5,3900
2024-03-11 09:53:00+09:00,1768.5,1772.5,1768.5,1771.5,1771.5,19500
2024-03-11 09:54:00+09:00,1772.0,1772.0,1772.0,1772.0,1772.0,9900
2024-03-11 09:55:00+09:00,1772.0,1774.5,1772.0,1774.0,1774.0,8800
2024-03-11 09:56:00+09:00,1773.5,1774.5,1770.5,1772.0,1772.0,17100
2024-03-11 09:57:00+09:00,1771.0,1771.5,1771.0,1771.5,1771.5,1200
2024-03-11 09:58:00+09:00,1771.0,1771.5,1767.5,1767.5,1767.5,43300
2024-03-11 09:59:00+09:00,1768.0,1771.0,1768.0,1769.0,1769.0,10000
2024-03-11 10:00:00+09:00,1769.0,1772.0,1769.0,1772.0,1772.0,13100
2024-03-11 10:01:00+09:00,1772.0,1775.0,1771.5,1774.0,1774.0,9500
2024-03-11 10:02:00+09:00,1774.0,1774.5,1773.0,1773.0,1773.0,9500
2024-03-11 10:03:00+09:00,1772.5,1773.0,1771.5,1772.0,1772.0,7600
2024-03-11 10:04:00+09:00,1772.0,1772.5,1771.5,1772.0,1772.0,10900
2024-03-11 10:05:00+09:00,1771.5,1772.0,1769.5,1770.5,1770.5,13400
2024-03-11 10:06:00+09:00,1770.0,1770.5,1769.5,1769.5,1769.5,4100
2024-03-11 10:07:00+09:00,1769.5,1773.0,1769.5,1773.0,1773.0,19500
2024-03-11 10:08:00+09:00,1773.0,1774.0,1772.5,1772.5,1772.5,4900
2024-03-11 10:09:00+09:00,1772.5,1772.5,1772.5,1772.5,1772.5,6600
2024-03-11 10:10:00+09:00,1772.0,1773.5,1772.0,1773.5,1773.5,8900
2024-03-11 10:11:00+09:00,1773.0,1773.5,1772.0,1772.0,1772.0,4100
2024-03-11 10:12:00+09:00,1772.0,1772.0,1771.0,1771.0,1771.0,7600
2024-03-11 10:13:00+09:00,1772.0,1772.0,1770.0,1770.5,1770.5,10600
2024-03-11 10:14:00+09:00,1770.0,1770.0,1768.0,1768.0,1768.0,9800
2024-03-11 10:15:00+09:00,1768.5,1769.5,1768.0,1769.0,1769.0,15000
2024-03-11 10:16:00+09:00,1769.0,1770.0,1768.5,1770.0,1770.0,17600
2024-03-11 10:17:00+09:00,1770.5,1770.5,1770.0,1770.0,1770.0,1300
2024-03-11 10:18:00+09:00,1769.5,1769.5,1768.5,1768.5,1768.5,8300
2024-03-11 10:19:00+09:00,1768.0,1768.0,1766.5,1766.5,1766.5,7500
2024-03-11 10:20:00+09:00,1767.0,1769.5,1767.0,1768.5,1768.5,11700
2024-03-11 10:21:00+09:00,1769.5,1769.5,1769.0,1769.5,1769.5,2400
2024-03-11 10:22:00+09:00,1769.5,1770.0,1768.5,1769.0,1769.0,10500
2024-03-11 10:23:00+09:00,1769.5,1770.0,1768.5,1769.0,1769.0,10700
2024-03-11 10:24:00+09:00,1769.5,1772.0,1769.5,1771.5,1771.5,11900
2024-03-11 10:25:00+09:00,1770.5,1771.0,1769.0,1769.0,1769.0,5800
2024-03-11 10:26:00+09:00,1769.0,1769.5,1767.5,1767.5,1767.5,20100
2024-03-11 10:27:00+09:00,1768.0,1770.0,1767.0,1770.0,1770.0,9700
2024-03-11 10:28:00+09:00,1769.5,1771.5,1769.5,1771.5,1771.5,5300
2024-03-11 10:29:00+09:00,1771.0,1771.5,1769.5,1769.5,1769.5,7500
2024-03-11 10:30:00+09:00,1770.0,1771.5,1769.5,1771.5,1771.5,8100
2024-03-11 10:31:00+09:00,1771.5,1774.0,1771.5,1774.0,1774.0,7100
2024-03-11 10:32:00+09:00,1774.0,1774.0,1771.5,1772.5,1772.5,10200
2024-03-11 10:33:00+09:00,1772.5,1773.0,1772.5,1772.5,1772.5,6800
2024-03-11 10:34:00+09:00,1772.0,1773.0,1772.0,1773.0,1773.0,4200
2024-03-11 10:35:00+09:00,1773.0,1775.0,1773.0,1774.5,1774.5,10500
2024-03-11 10:36:00+09:00,1774.0,1774.0,1772.5,1772.5,1772.5,8000
2024-03-11 10:37:00+09:00,1772.0,1772.5,1771.5,1772.0,1772.0,9200
2024-03-11 10:38:00+09:00,1772.0,1772.5,1771.0,1772.5,1772.5,6400
2024-03-11 10:39:00+09:00,1772.5,1774.0,1772.0,1774.0,1774.0,9900
2024-03-11 10:40:00+09:00,1773.5,1775.0,1773.0,1775.0,1775.0,7200
2024-03-11 10:41:00+09:00,1774.5,1774.5,1774.0,1774.5,1774.5,6400
2024-03-11 10:42:00+09:00,1775.0,1775.0,1774.0,1774.0,1774.0,4600
2024-03-11 10:43:00+09:00,1774.5,1774.5,1774.0,1774.0,1774.0,2600
2024-03-11 10:44:00+09:00,1774.0,1774.0,1774.0,1774.0,1774.0,400
2024-03-11 10:45:00+09:00,1774.0,1775.5,1774.0,1775.5,1775.5,22100
2024-03-11 10:46:00+09:00,1775.5,1775.5,1774.5,1774.5,1774.5,4700
2024-03-11 10:47:00+09:00,1775.0,1775.5,1774.5,1775.0,1775.0,7700
2024-03-11 10:48:00+09:00,1774.5,1774.5,1773.5,1774.5,1774.5,7700
2024-03-11 10:49:00+09:00,1774.0,1775.0,1773.0,1774.0,1774.0,12700
2024-03-11 10:50:00+09:00,1774.0,1774.0,1772.5,1772.5,1772.5,7900
2024-03-11 10:51:00+09:00,1772.5,1773.0,1772.5,1773.0,1773.0,4600
2024-03-11 10:52:00+09:00,1772.5,1773.5,1771.0,1772.5,1772.5,13600
2024-03-11 10:53:00+09:00,1772.0,1772.0,1771.5,1771.5,1771.5,2300
2024-03-11 10:54:00+09:00,1771.0,1771.0,1771.0,1771.0,1771.0,4700
2024-03-11 10:55:00+09:00,1771.0,1772.5,1770.5,1772.5,1772.5,11900
2024-03-11 10:56:00+09:00,1772.0,1772.5,1771.5,1772.5,1772.5,9300
2024-03-11 10:57:00+09:00,1772.5,1772.5,1772.5,1772.5,1772.5,100
2024-03-11 10:58:00+09:00,1772.5,1772.5,1771.0,1771.0,1771.0,12500
2024-03-11 10:59:00+09:00,1771.0,1771.5,1770.5,1771.0,1771.0,5600
2024-03-11 11:00:00+09:00,1771.5,1771.5,1771.0,1771.0,1771.0,9400
2024-03-11 11:01:00+09:00,1770.5,1772.0,1770.5,1772.0,1772.0,26800
2024-03-11 11:02:00+09:00,1772.5,1772.5,1772.5,1772.5,1772.5,1700
2024-03-11 11:03:00+09:00,1772.0,1772.0,1772.0,1772.0,1772.0,2500
2024-03-11 11:04:00+09:00,1772.0,1772.0,1772.0,1772.0,1772.0,4200
2024-03-11 11:05:00+09:00,1772.0,1772.0,1772.0,1772.0,1772.0,3000
2024-03-11 11:06:00+09:00,1771.5,1772.5,1771.5,1771.5,1771.5,4500
2024-03-11 11:07:00+09:00,1771.5,1771.5,1769.5,1770.0,1770.0,87600
2024-03-11 11:08:00+09:00,1770.0,1770.5,1769.0,1769.0,1769.0,7400
2024-03-11 11:09:00+09:00,1769.0,1769.5,1768.5,1769.0,1769.0,3800
2024-03-11 11:10:00+09:00,1768.5,1768.5,1767.5,1767.5,1767.5,5900
2024-03-11 11:11:00+09:00,1767.5,1769.0,1767.5,1768.5,1768.5,7400
2024-03-11 11:12:00+09:00,1768.5,1768.5,1766.5,1766.5,1766.5,16600
2024-03-11 11:13:00+09:00,1766.0,1766.0,1765.0,1766.0,1766.0,11600
2024-03-11 11:14:00+09:00,1765.5,1766.0,1765.5,1765.5,1765.5,1800
2024-03-11 11:15:00+09:00,1765.5,1766.5,1765.0,1766.5,1766.5,7800
2024-03-11 11:16:00+09:00,1767.0,1768.0,1766.5,1768.0,1768.0,6500
2024-03-11 11:17:00+09:00,1768.0,1769.0,1768.0,1768.0,1768.0,10600
2024-03-11 11:18:00+09:00,1767.5,1767.5,1766.5,1767.0,1767.0,4400
2024-03-11 11:19:00+09:00,1767.5,1768.0,1767.5,1767.5,1767.5,2200
2024-03-11 11:20:00+09:00,1767.0,1767.5,1766.5,1767.5,1767.5,11200
2024-03-11 11:21:00+09:00,1768.0,1769.5,1768.0,1769.5,1769.5,4900
2024-03-11 11:22:00+09:00,1770.0,1770.0,1769.0,1769.0,1769.0,2600
2024-03-11 11:23:00+09:00,1768.5,1769.5,1768.5,1769.5,1769.5,3400
2024-03-11 11:24:00+09:00,1769.5,1770.0,1769.5,1770.0,1770.0,1700
2024-03-11 11:25:00+09:00,1770.0,1770.0,1769.5,1769.5,1769.5,700
2024-03-11 11:26:00+09:00,1769.0,1769.0,1769.0,1769.0,1769.0,900
2024-03-11 11:27:00+09:00,1769.0,1770.0,1769.0,1769.5,1769.5,8300
2024-03-11 11:28:00+09:00,1770.0,1771.0,1770.0,1770.5,1770.5,5800
2024-03-11 11:29:00+09:00,1770.5,1771.5,1770.0,1770.0,1770.0,3000
2024-03-11 11:30:00+09:00,1771.5,1771.5,1771.5,1771.5,1771.5,2400
2024-03-11 11:35:00+09:00,1771.5,1771.5,1771.5,1771.5,1771.5,0
2024-03-11 12:30:00+09:00,1775.0,1776.5,1770.0,1771.5,1771.5,2239200
2024-03-11 12:31:00+09:00,1770.5,1770.5,1769.0,1769.0,1769.0,15000
2024-03-11 12:32:00+09:00,1769.0,1769.5,1768.0,1769.0,1769.0,11300
2024-03-11 12:33:00+09:00,1768.5,1769.0,1767.0,1767.0,1767.0,15000
2024-03-11 12:34:00+09:00,1767.0,1767.0,1764.0,1764.0,1764.0,15700
2024-03-11 12:35:00+09:00,1764.5,1764.5,1763.0,1763.0,1763.0,12700
2024-03-11 12:36:00+09:00,1763.0,1763.0,1760.0,1760.5,1760.5,34600
2024-03-11 12:37:00+09:00,1760.5,1760.5,1759.5,1759.5,1759.5,20600
2024-03-11 12:38:00+09:00,1759.5,1761.0,1759.5,1760.0,1760.0,11300
2024-03-11 12:39:00+09:00,1760.0,1760.0,1758.0,1758.5,1758.5,16600
2024-03-11 12:40:00+09:00,1758.5,1762.0,1758.0,1762.0,1762.0,20000
2024-03-11 12:41:00+09:00,1761.5,1761.5,1759.0,1759.0,1759.0,8700
2024-03-11 12:42:00+09:00,1758.5,1759.0,1757.5,1757.5,1757.5,7700
2024-03-11 12:43:00+09:00,1758.0,1758.0,1754.5,1754.5,1754.5,44600
2024-03-11 12:44:00+09:00,1754.5,1755.5,1754.0,1754.0,1754.0,12000
2024-03-11 12:45:00+09:00,1754.0,1756.0,1753.0,1755.5,1755.5,14200
2024-03-11 12:46:00+09:00,1755.0,1756.0,1755.0,1755.0,1755.0,4700
2024-03-11 12:47:00+09:00,1755.5,1756.0,1753.5,1753.5,1753.5,12900
2024-03-11 12:48:00+09:00,1753.5,1753.5,1752.5,1753.0,1753.0,7000
2024-03-11 12:49:00+09:00,1753.5,1755.0,1753.5,1755.0,1755.0,9600
2024-03-11 12:50:00+09:00,1755.0,1755.0,1751.5,1752.5,1752.5,12500
2024-03-11 12:51:00+09:00,1751.5,1752.0,1750.5,1751.0,1751.0,19100
2024-03-11 12:52:00+09:00,1751.5,1751.5,1750.5,1751.5,1751.5,16200
2024-03-11 12:53:00+09:00,1751.5,1752.0,1751.0,1751.0,1751.0,6300
2024-03-11 12:54:00+09:00,1750.5,1751.5,1750.5,1751.0,1751.0,2100
2024-03-11 12:55:00+09:00,1751.0,1752.0,1748.5,1749.0,1749.0,50100
2024-03-11 12:56:00+09:00,1748.5,1748.5,1746.5,1748.0,1748.0,12600
2024-03-11 12:57:00+09:00,1748.0,1748.0,1747.0,1747.5,1747.5,3700
2024-03-11 12:58:00+09:00,1747.5,1749.0,1747.0,1748.0,1748.0,11000
2024-03-11 12:59:00+09:00,1748.5,1750.0,1748.0,1750.0,1750.0,10000
2024-03-11 13:00:00+09:00,1750.0,1750.0,1749.5,1749.5,1749.5,2200
2024-03-11 13:01:00+09:00,1749.5,1752.5,1749.5,1752.5,1752.5,14200
2024-03-11 13:02:00+09:00,1752.0,1752.5,1751.0,1751.0,1751.0,7400
2024-03-11 13:03:00+09:00,1751.0,1751.5,1750.5,1751.0,1751.0,9200
2024-03-11 13:04:00+09:00,1751.0,1751.0,1750.5,1750.5,1750.5,2700
2024-03-11 13:05:00+09:00,1750.5,1750.5,1750.0,1750.5,1750.5,14900
2024-03-11 13:06:00+09:00,1751.0,1753.0,1751.0,1753.0,1753.0,14000
2024-03-11 13:07:00+09:00,1753.0,1753.5,1751.5,1752.5,1752.5,5700
2024-03-11 13:08:00+09:00,1752.5,1753.5,1752.5,1753.5,1753.5,6000
2024-03-11 13:09:00+09:00,1753.5,1753.5,1752.5,1752.5,1752.5,7600
2024-03-11 13:10:00+09:00,1753.0,1753.0,1752.0,1752.0,1752.0,2600
2024-03-11 13:11:00+09:00,1752.0,1752.0,1751.5,1751.5,1751.5,3500
2024-03-11 13:12:00+09:00,1751.5,1753.5,1751.5,1753.5,1753.5,20200
2024-03-11 13:13:00+09:00,1754.0,1754.0,1752.5,1752.5,1752.5,5100
2024-03-11 13:14:00+09:00,1753.0,1753.0,1752.5,1752.5,1752.5,4000
2024-03-11 13:15:00+09:00,1753.0,1754.5,1753.0,1754.5,1754.5,7900
2024-03-11 13:16:00+09:00,1754.0,1754.0,1753.5,1754.0,1754.0,5500
2024-03-11 13:17:00+09:00,1754.0,1754.5,1753.5,1754.0,1754.0,7100
2024-03-11 13:18:00+09:00,1754.0,1754.5,1754.0,1754.0,1754.0,3500
2024-03-11 13:19:00+09:00,1753.5,1754.0,1753.5,1754.0,1754.0,3300
2024-03-11 13:20:00+09:00,1753.5,1754.0,1753.5,1754.0,1754.0,8000
2024-03-11 13:21:00+09:00,1754.0,1754.5,1754.0,1754.0,1754.0,5900
2024-03-11 13:22:00+09:00,1754.0,1754.5,1753.5,1754.0,1754.0,8000
2024-03-11 13:23:00+09:00,1754.0,1754.0,1754.0,1754.0,1754.0,500
2024-03-11 13:24:00+09:00,1754.0,1754.0,1751.5,1751.5,1751.5,11000
2024-03-11 13:25:00+09:00,1752.0,1753.0,1751.5,1752.0,1752.0,14000
2024-03-11 13:26:00+09:00,1751.5,1752.0,1751.5,1752.0,1752.0,5900
2024-03-11 13:27:00+09:00,1752.0,1752.0,1751.5,1751.5,1751.5,7100
2024-03-11 13:28:00+09:00,1751.5,1752.0,1751.5,1751.5,1751.5,2700
2024-03-11 13:29:00+09:00,1751.5,1752.0,1750.0,1750.0,1750.0,19100
2024-03-11 13:30:00+09:00,1750.5,1751.0,1750.0,1751.0,1751.0,12000
2024-03-11 13:31:00+09:00,1751.0,1751.5,1750.5,1750.5,1750.5,6800
2024-03-11 13:32:00+09:00,1750.0,1751.0,1749.5,1751.0,1751.0,15100
2024-03-11 13:33:00+09:00,1751.5,1752.0,1751.0,1751.5,1751.5,7500
2024-03-11 13:34:00+09:00,1752.0,1752.0,1750.5,1750.5,1750.5,7000
2024-03-11 13:35:00+09:00,1751.0,1751.0,1749.5,1750.5,1750.5,10900
2024-03-11 13:36:00+09:00,1750.5,1751.0,1750.0,1751.0,1751.0,6100
2024-03-11 13:37:00+09:00,1751.0,1751.0,1750.5,1750.5,1750.5,6400
2024-03-11 13:38:00+09:00,1751.0,1751.0,1749.5,1749.5,1749.5,4100
2024-03-11 13:39:00+09:00,1750.0,1750.0,1749.5,1750.0,1750.0,2100
2024-03-11 13:40:00+09:00,1750.0,1750.0,1749.5,1750.0,1750.0,600
2024-03-11 13:41:00+09:00,1750.0,1750.0,1749.5,1749.5,1749.5,4700
2024-03-11 13:42:00+09:00,1749.5,1749.5,1749.0,1749.0,1749.0,10000
2024-03-11 13:43:00+09:00,1749.5,1750.0,1748.5,1749.5,1749.5,20300
2024-03-11 13:44:00+09:00,1749.5,1749.5,1745.5,1745.5,1745.5,23800
2024-03-11 13:45:00+09:00,1745.5,1747.5,1745.5,1747.5,1747.5,12400
2024-03-11 13:46:00+09:00,1747.5,1747.5,1746.5,1747.0,1747.0,3100
2024-03-11 13:47:00+09:00,1747.5,1747.5,1746.0,1746.0,1746.0,4900
2024-03-11 13:48:00+09:00,1746.0,1746.5,1745.5,1746.0,1746.0,7700
2024-03-11 13:49:00+09:00,1746.0,1747.0,1746.0,1746.5,1746.5,8300
2024-03-11 13:50:00+09:00,1746.5,1748.5,1746.5,1748.5,1748.5,10500
2024-03-11 13:51:00+09:00,1748.0,1748.0,1747.0,1747.0,1747.0,7400
2024-03-11 13:52:00+09:00,1746.5,1747.5,1746.0,1747.5,1747.5,8300
2024-03-11 13:53:00+09:00,1747.0,1747.5,1746.5,1747.5,1747.5,5300
2024-03-11 13:54:00+09:00,1747.5,1748.0,1747.5,1748.0,1748.0,7800
2024-03-11 13:55:00+09:00,1748.5,1748.5,1748.0,1748.0,1748.0,2900
2024-03-11 13:56:00+09:00,1748.0,1748.5,1748.0,1748.5,1748.5,10200
2024-03-11 13:57:00+09:00,1748.5,1749.5,1747.5,1749.5,1749.5,9100
2024-03-11 13:58:00+09:00,1749.5,1749.5,1749.0,1749.5,1749.5,5100
2024-03-11 13:59:00+09:00,1749.5,1749.5,1748.0,1748.0,1748.0,11800
2024-03-11 14:00:00+09:00,1748.0,1748.5,1747.5,1747.5,1747.5,6600
2024-03-11 14:01:00+09:00,1747.0,1747.0,1743.5,1743.5,1743.5,75400
2024-03-11 14:02:00+09:00,1743.0,1744.0,1742.5,1743.5,1743.5,9100
2024-03-11 14:03:00+09:00,1743.5,1744.5,1743.0,1744.5,1744.5,8400
2024-03-11 14:04:00+09:00,1744.5,1745.0,1744.5,1745.0,1745.0,4200
2024-03-11 14:05:00+09:00,1745.5,1745.5,1744.5,1745.0,1745.0,5200
2024-03-11 14:06:00+09:00,1745.5,1746.0,1745.5,1745.5,1745.5,8900
2024-03-11 14:07:00+09:00,1745.5,1747.5,1745.5,1747.5,1747.5,9900
2024-03-11 14:08:00+09:00,1747.5,1747.5,1747.0,1747.0,1747.0,3600
2024-03-11 14:09:00+09:00,1746.5,1746.5,1745.0,1745.5,1745.5,11800
2024-03-11 14:10:00+09:00,1745.0,1745.0,1744.0,1745.0,1745.0,8300
2024-03-11 14:11:00+09:00,1745.0,1745.0,1745.0,1745.0,1745.0,2100
2024-03-11 14:12:00+09:00,1744.5,1744.5,1743.0,1743.5,1743.5,8200
2024-03-11 14:13:00+09:00,1743.0,1743.5,1741.5,1741.5,1741.5,34500
2024-03-11 14:14:00+09:00,1741.5,1741.5,1740.5,1740.5,1740.5,17100
2024-03-11 14:15:00+09:00,1740.5,1740.5,1738.5,1739.0,1739.0,31200
2024-03-11 14:16:00+09:00,1739.0,1741.5,1738.5,1741.0,1741.0,15900
2024-03-11 14:17:00+09:00,1740.5,1741.0,1740.0,1741.0,1741.0,5900
2024-03-11 14:18:00+09:00,1741.0,1741.5,1740.5,1740.5,1740.5,5000
2024-03-11 14:19:00+09:00,1741.0,1741.0,1741.0,1741.0,1741.0,6200
2024-03-11 14:20:00+09:00,1740.5,1741.5,1740.5,1741.5,1741.5,10700
2024-03-11 14:21:00+09:00,1742.0,1743.0,1741.5,1742.0,1742.0,9400
2024-03-11 14:22:00+09:00,1741.5,1743.0,1741.5,1741.5,1741.5,9900
2024-03-11 14:23:00+09:00,1741.5,1742.0,1741.0,1742.0,1742.0,2800
2024-03-11 14:24:00+09:00,1741.5,1741.5,1740.0,1741.0,1741.0,12100
2024-03-11 14:25:00+09:00,1740.5,1741.0,1740.0,1740.0,1740.0,4900
2024-03-11 14:26:00+09:00,1740.5,1741.0,1740.0,1741.0,1741.0,1600
2024-03-11 14:27:00+09:00,1741.0,1742.0,1741.0,1742.0,1742.0,10100
2024-03-11 14:28:00+09:00,1741.5,1742.0,1740.0,1740.5,1740.5,42900
2024-03-11 14:29:00+09:00,1741.0,1744.5,1741.0,1744.5,1744.5,14900
2024-03-11 14:30:00+09:00,1745.0,1746.0,1745.0,1745.5,1745.5,4100
2024-03-11 14:31:00+09:00,1746.0,1747.0,1746.0,1747.0,1747.0,10000
2024-03-11 14:32:00+09:00,1746.5,1750.0,1746.5,1749.0,1749.0,25100
2024-03-11 14:33:00+09:00,1750.0,1750.5,1748.5,1748.5,1748.5,11600
2024-03-11 14:34:00+09:00,1748.5,1749.5,1748.5,1749.5,1749.5,3800
2024-03-11 14:35:00+09:00,1749.0,1750.5,1749.0,1750.5,1750.5,9600
2024-03-11 14:36:00+09:00,1750.5,1752.5,1750.5,1752.0,1752.0,14100
2024-03-11 14:37:00+09:00,1751.5,1751.5,1749.0,1750.0,1750.0,17200
2024-03-11 14:38:00+09:00,1750.0,1750.0,1749.0,1750.0,1750.0,6000
2024-03-11 14:39:00+09:00,1749.0,1750.0,1748.5,1750.0,1750.0,10500
2024-03-11 14:40:00+09:00,1750.5,1751.5,1750.5,1751.0,1751.0,3900
2024-03-11 14:41:00+09:00,1751.0,1751.5,1750.5,1751.0,1751.0,11000
2024-03-11 14:42:00+09:00,1751.5,1751.5,1750.5,1751.0,1751.0,5000
2024-03-11 14:43:00+09:00,1751.0,1752.0,1751.0,1751.5,1751.5,8100
2024-03-11 14:44:00+09:00,1751.0,1751.5,1751.0,1751.5,1751.5,8200
2024-03-11 14:45:00+09:00,1751.5,1753.0,1751.5,1752.5,1752.5,9900
2024-03-11 14:46:00+09:00,1753.0,1754.0,1752.5,1754.0,1754.0,13400
2024-03-11 14:47:00+09:00,1754.5,1755.5,1754.0,1755.0,1755.0,7700
2024-03-11 14:48:00+09:00,1755.5,1758.0,1754.5,1758.0,1758.0,17900
2024-03-11 14:49:00+09:00,1757.0,1758.5,1756.5,1757.5,1757.5,23000
2024-03-11 14:50:00+09:00,1757.0,1757.5,1756.5,1757.5,1757.5,12100
2024-03-11 14:51:00+09:00,1757.5,1758.5,1757.5,1758.5,1758.5,8300
2024-03-11 14:52:00+09:00,1759.0,1759.0,1758.0,1759.0,1759.0,9600
2024-03-11 14:53:00+09:00,1759.0,1760.0,1758.5,1758.5,1758.5,16700
2024-03-11 14:54:00+09:00,1758.0,1759.0,1758.0,1758.5,1758.5,10700
2024-03-11 14:55:00+09:00,1759.0,1761.0,1758.5,1761.0,1761.0,9700
2024-03-11 14:56:00+09:00,1760.5,1761.0,1759.5,1760.0,1760.0,17200
2024-03-11 14:57:00+09:00,1759.5,1761.0,1759.5,1761.0,1761.0,24000
2024-03-11 14:58:00+09:00,1761.0,1761.5,1761.0,1761.0,1761.0,12700
2024-03-11 14:59:00+09:00,1761.5,1762.5,1758.5,1758.5,1758.5,45200
2024-03-12 09:00:00+09:00,1739.5,1754.5,1735.0,1743.0,1743.0,214800
2024-03-12 09:01:00+09:00,1744.5,1748.5,1742.5,1743.5,1743.5,18600
2024-03-12 09:02:00+09:00,1744.5,1748.5,1744.5,1746.5,1746.5,15300
2024-03-12 09:03:00+09:00,1745.5,1748.5,1745.5,1746.5,1746.5,13900
2024-03-12 09:04:00+09:00,1747.5,1748.5,1745.5,1746.0,1746.0,10800
2024-03-12 09:05:00+09:00,1746.0,1756.0,1745.5,1754.0,1754.0,20700
2024-03-12 09:06:00+09:00,1754.0,1756.0,1752.5,1755.5,1755.5,18400
2024-03-12 09:07:00+09:00,1755.5,1755.5,1754.0,1754.0,1754.0,6900
2024-03-12 09:08:00+09:00,1753.5,1753.5,1749.5,1750.0,1750.0,12800
2024-03-12 09:09:00+09:00,1750.0,1751.0,1749.0,1749.5,1749.5,7600
2024-03-12 09:10:00+09:00,1749.0,1750.0,1744.5,1746.0,1746.0,9100
2024-03-12 09:11:00+09:00,1745.5,1745.5,1741.5,1741.5,1741.5,12700
2024-03-12 09:12:00+09:00,1742.0,1747.0,1742.0,1745.5,1745.5,11500
2024-03-12 09:13:00+09:00,1745.0,1745.0,1738.5,1739.5,1739.5,13900
2024-03-12 09:14:00+09:00,1738.5,1739.5,1737.0,1737.5,1737.5,11000
2024-03-12 09:15:00+09:00,1737.5,1742.0,1736.5,1742.0,1742.0,14400
2024-03-12 09:16:00+09:00,1741.5,1742.0,1740.0,1741.0,1741.0,5800
2024-03-12 09:17:00+09:00,1740.5,1745.0,1740.5,1744.5,1744.5,12000
2024-03-12 09:18:00+09:00,1744.5,1745.0,1742.5,1744.0,1744.0,8500
2024-03-12 09:19:00+09:00,1744.0,1744.0,1741.5,1742.0,1742.0,9900
2024-03-12 09:20:00+09:00,1741.5,1745.5,1741.5,1745.0,1745.0,16200
2024-03-12 09:21:00+09:00,1744.0,1744.5,1742.5,1744.0,1744.0,10300
2024-03-12 09:22:00+09:00,1744.0,1745.5,1742.5,1745.5,1745.5,19300
2024-03-12 09:23:00+09:00,1746.0,1750.0,1746.0,1749.0,1749.0,7300
2024-03-12 09:24:00+09:00,1749.0,1749.5,1748.0,1749.5,1749.5,5200
2024-03-12 09:25:00+09:00,1750.0,1756.0,1749.0,1756.0,1756.0,8700
2024-03-12 09:26:00+09:00,1755.5,1757.0,1754.0,1757.0,1757.0,7500
2024-03-12 09:27:00+09:00,1757.0,1760.0,1757.0,1757.5,1757.5,16700
2024-03-12 09:28:00+09:00,1757.5,1760.0,1757.0,1758.5,1758.5,9000
2024-03-12 09:29:00+09:00,1758.5,1760.5,1758.0,1760.5,1760.5,16400
2024-03-12 09:30:00+09:00,1761.0,1762.5,1760.5,1762.5,1762.5,10800
2024-03-12 09:31:00+09:00,1762.5,1764.0,1761.5,1762.5,1762.5,10600
2024-03-12 09:32:00+09:00,1764.0,1764.0,1761.5,1761.5,1761.5,7800
2024-03-12 09:33:00+09:00,1761.0,1761.0,1756.0,1757.0,1757.0,15200
2024-03-12 09:34:00+09:00,1757.5,1759.5,1756.0,1758.0,1758.0,13100
2024-03-12 09:35:00+09:00,1758.5,1759.0,1757.5,1759.0,1759.0,3600
2024-03-12 09:36:00+09:00,1759.0,1760.5,1758.5,1760.5,1760.5,8800
2024-03-12 09:37:00+09:00,1760.5,1760.5,1759.5,1760.0,1760.0,8200
2024-03-12 09:38:00+09:00,1759.5,1760.0,1757.5,1759.0,1759.0,8800
2024-03-12 09:39:00+09:00,1759.0,1759.5,1756.5,1757.5,1757.5,6200
2024-03-12 09:40:00+09:00,1756.5,1757.0,1756.0,1756.0,1756.0,3600
2024-03-12 09:41:00+09:00,1756.5,1757.5,1756.5,1756.5,1756.5,3500
2024-03-12 09:42:00+09:00,1757.0,1759.5,1756.5,1757.0,1757.0,13000
2024-03-12 09:43:00+09:00,1757.0,1758.0,1756.5,1758.0,1758.0,8300
2024-03-12 09:44:00+09:00,1758.0,1758.0,1754.5,1754.5,1754.5,8500
2024-03-12 09:45:00+09:00,1754.5,1754.5,1752.5,1752.5,1752.5,5600
2024-03-12 09:46:00+09:00,1752.5,1753.5,1752.0,1752.0,1752.0,4300
2024-03-12 09:47:00+09:00,1752.0,1754.0,1751.0,1754.0,1754.0,6600
2024-03-12 09:48:00+09:00,1754.0,1755.5,1754.0,1755.0,1755.0,3800
2024-03-12 09:49:00+09:00,1755.5,1755.5,1754.5,1754.5,1754.5,4000
2024-03-12 09:50:00+09:00,1754.5,1755.0,1750.5,1750.5,1750.5,8500
2024-03-12 09:51:00+09:00,1751.0,1751.0,1750.0,1750.5,1750.5,4600
2024-03-12 09:52:00+09:00,1749.5,1750.0,1748.5,1750.0,1750.0,4300
2024-03-12 09:53:00+09:00,1749.5,1751.5,1748.0,1749.5,1749.5,18000
2024-03-12 09:54:00+09:00,1749.5,1749.5,1746.0,1746.0,1746.0,5000
2024-03-12 09:55:00+09:00,1745.5,1746.0,1742.0,1742.0,1742.0,6100
2024-03-12 09:56:00+09:00,1742.5,1742.5,1740.5,1741.5,1741.5,40400
2024-03-12 09:57:00+09:00,1740.5,1742.0,1740.0,1741.0,1741.0,14000
2024-03-12 09:58:00+09:00,1740.5,1740.5,1737.5,1738.0,1738.0,17000
2024-03-12 09:59:00+09:00,1737.5,1739.0,1735.5,1738.5,1738.5,11000
2024-03-12 10:00:00+09:00,1739.0,1744.0,1739.0,1742.0,1742.0,8000
2024-03-12 10:01:00+09:00,1743.0,1744.0,1742.5,1743.0,1743.0,6400
2024-03-12 10:02:00+09:00,1742.0,1742.5,1740.5,1741.0,1741.0,3500
2024-03-12 10:03:00+09:00,1740.5,1741.5,1740.5,1741.5,1741.5,6500
2024-03-12 10:04:00+09:00,1741.5,1743.0,1741.5,1742.0,1742.0,6000
2024-03-12 10:05:00+09:00,1742.0,1742.5,1739.5,1740.5,1740.5,6800
2024-03-12 10:06:00+09:00,1740.0,1741.5,1739.5,1740.5,1740.5,6100
2024-03-12 10:07:00+09:00,1740.5,1742.0,1740.5,1742.0,1742.0,4100
2024-03-12 10:08:00+09:00,1741.0,1741.0,1740.5,1740.5,1740.5,600
2024-03-12 10:09:00+09:00,1740.5,1740.5,1739.5,1739.5,1739.5,9200
2024-03-12 10:10:00+09:00,1740.0,1740.5,1739.5,1739.5,1739.5,3400
2024-03-12 10:11:00+09:00,1739.0,1741.0,1738.5,1740.5,1740.5,10700
2024-03-12 10:12:00+09:00,1743.0,1743.5,1743.0,1743.0,1743.0,6600
2024-03-12 10:13:00+09:00,1742.5,1742.5,1741.0,1741.0,1741.0,2600
2024-03-12 10:14:00+09:00,1741.0,1741.0,1739.5,1740.0,1740.0,12800
2024-03-12 10:15:00+09:00,1739.5,1741.5,1739.5,1741.5,1741.5,5600
2024-03-12 10:16:00+09:00,1742.0,1742.5,1741.0,1741.0,1741.0,4800
2024-03-12 10:17:00+09:00,1740.5,1742.0,1740.5,1742.0,1742.0,6300
2024-03-12 10:18:00+09:00,1742.5,1742.5,1741.0,1741.0,1741.0,3900
2024-03-12 10:19:00+09:00,1740.5,1741.0,1740.0,1741.0,1741.0,7500
2024-03-12 10:20:00+09:00,1741.5,1743.0,1741.5,1743.0,1743.0,2700
2024-03-12 10:21:00+09:00,1742.0,1742.5,1741.5,1741.5,1741.5,3400
2024-03-12 10:22:00+09:00,1741.0,1741.5,1740.0,1740.0,1740.0,3600
2024-03-12 10:23:00+09:00,1740.0,1740.5,1738.0,1738.0,1738.0,61100
2024-03-12 10:24:00+09:00,1738.0,1738.5,1738.0,1738.5,1738.5,4000
2024-03-12 10:25:00+09:00,1737.5,1739.5,1737.5,1739.0,1739.0,8100
2024-03-12 10:26:00+09:00,1739.0,1739.0,1737.5,1737.5,1737.5,3200
2024-03-12 10:27:00+09:00,1738.5,1739.0,1738.0,1738.0,1738.0,2800
2024-03-12 10:28:00+09:00,1739.5,1741.0,1739.0,1740.0,1740.0,10800
2024-03-12 10:29:00+09:00,1740.0,1740.0,1738.0,1738.0,1738.0,5200
2024-03-12 10:30:00+09:00,1738.5,1738.5,1737.5,1738.5,1738.5,4600
2024-03-12 10:31:00+09:00,1738.0,1738.0,1737.0,1737.0,1737.0,21200
2024-03-12 10:32:00+09:00,1737.5,1737.5,1737.0,1737.0,1737.0,2800
2024-03-12 10:33:00+09:00,1737.0,1737.5,1736.0,1736.5,1736.5,34600
2024-03-12 10:34:00+09:00,1737.0,1737.0,1735.5,1736.0,1736.0,16100
2024-03-12 10:35:00+09:00,1736.0,1736.0,1736.0,1736.0,1736.0,1900
2024-03-12 10:36:00+09:00,1736.0,1737.0,1735.5,1735.5,1735.5,6000
2024-03-12 10:37:00+09:00,1736.0,1737.5,1736.0,1737.5,1737.5,4000
2024-03-12 10:38:00+09:00,1737.0,1739.0,1737.0,1738.0,1738.0,5200
2024-03-12 10:39:00+09:00,1737.0,1737.5,1734.0,1734.0,1734.0,42100
2024-03-12 10:40:00+09:00,1733.5,1733.5,1732.0,1733.0,1733.0,7200
2024-03-12 10:41:00+09:00,1732.5,1735.0,1732.0,1735.0,1735.0,10800
2024-03-12 10:42:00+09:00,1734.5,1734.5,1734.0,1734.5,1734.5,1500
2024-03-12 10:43:00+09:00,1734.5,1736.5,1734.5,1736.5,1736.5,3900
2024-03-12 10:44:00+09:00,1737.0,1737.5,1736.5,1737.0,1737.0,2800
2024-03-12 10:45:00+09:00,1736.5,1736.5,1735.5,1736.0,1736.0,3500
2024-03-12 10:46:00+09:00,1735.5,1737.5,1735.5,1737.5,1737.5,3400
2024-03-12 10:47:00+09:00,1738.0,1739.5,1738.0,1738.5,1738.5,4100
2024-03-12 10:48:00+09:00,1738.5,1739.0,1738.5,1739.0,1739.0,4400
2024-03-12 10:49:00+09:00,1738.0,1738.0,1737.5,1737.5,1737.5,6100
2024-03-12 10:50:00+09:00,1737.5,1737.5,1736.5,1737.0,1737.0,2500
2024-03-12 10:51:00+09:00,1736.5,1738.0,1736.5,1738.0,1738.0,9100
2024-03-12 10:52:00+09:00,1737.5,1737.5,1736.0,1736.0,1736.0,5200
2024-03-12 10:53:00+09:00,1736.0,1736.0,1735.0,1735.5,1735.5,6300
2024-03-12 10:54:00+09:00,1735.5,1735.5,1734.0,1734.5,1734.5,30800
2024-03-12 10:55:00+09:00,1734.0,1735.5,1734.0,1735.5,1735.5,3700
2024-03-12 10:56:00+09:00,1735.0,1735.0,1734.0,1734.0,1734.0,2700
2024-03-12 10:57:00+09:00,1733.5,1734.5,1733.0,1733.5,1733.5,4800
2024-03-12 10:58:00+09:00,1733.5,1735.0,1732.5,1735.0,1735.0,6500
2024-03-12 10:59:00+09:00,1734.5,1734.5,1734.5,1734.5,1734.5,300
2024-03-12 11:00:00+09:00,1735.0,1737.0,1734.5,1737.0,1737.0,10900
2024-03-12 11:01:00+09:00,1736.5,1737.5,1736.5,1737.0,1737.0,2300
2024-03-12 11:02:00+09:00,1737.0,1737.5,1736.5,1737.5,1737.5,2000
2024-03-12 11:03:00+09:00,1737.0,1738.0,1736.5,1738.0,1738.0,8500
2024-03-12 11:04:00+09:00,1737.5,1739.5,1737.5,1739.5,1739.5,3300
2024-03-12 11:05:00+09:00,1740.0,1742.5,1740.0,1742.0,1742.0,6300
2024-03-12 11:06:00+09:00,1742.5,1742.5,1741.5,1742.0,1742.0,4600
2024-03-12 11:07:00+09:00,1742.0,1742.0,1741.0,1742.0,1742.0,3800
2024-03-12 11:08:00+09:00,1742.5,1744.0,1741.5,1741.5,1741.5,7900
2024-03-12 11:09:00+09:00,1741.5,1742.0,1741.0,1741.0,1741.0,1400
2024-03-12 11:10:00+09:00,1741.0,1741.0,1740.0,1740.5,1740.5,4200
2024-03-12 11:11:00+09:00,1739.5,1740.5,1739.5,1740.5,1740.5,5100
2024-03-12 11:12:00+09:00,1741.0,1741.0,1740.5,1741.0,1741.0,1900
2024-03-12 11:13:00+09:00,1741.5,1742.0,1741.5,1742.0,1742.0,2800
2024-03-12 11:14:00+09:00,1742.5,1744.0,1742.5,1743.0,1743.0,5000
2024-03-12 11:15:00+09:00,1744.0,1745.5,1744.0,1745.5,1745.5,2700
2024-03-12 11:16:00+09:00,1745.5,1748.5,1745.5,1747.0,1747.0,9500
2024-03-12 11:17:00+09:00,1746.5,1748.0,1746.5,1746.5,1746.5,4000
2024-03-12 11:18:00+09:00,1746.0,1748.5,1745.5,1748.5,1748.5,3500
2024-03-12 11:19:00+09:00,1748.0,1748.5,1748.0,1748.0,1748.0,600
2024-03-12 11:20:00+09:00,1748.5,1751.0,1748.5,1749.0,1749.0,8700
2024-03-12 11:21:00+09:00,1749.5,1750.5,1749.5,1749.5,1749.5,6200
2024-03-12 11:22:00+09:00,1749.0,1750.0,1749.0,1749.0,1749.0,4400
2024-03-12 11:23:00+09:00,1749.5,1750.0,1748.5,1748.5,1748.5,3400
2024-03-12 11:24:00+09:00,1749.0,1750.5,1749.0,1750.5,1750.5,4400
2024-03-12 11:25:00+09:00,1750.5,1750.5,1749.5,1750.0,1750.0,1600
2024-03-12 11:26:00+09:00,1750.0,1750.0,1749.0,1749.5,1749.5,1100
2024-03-12 11:27:00+09:00,1749.5,1750.5,1748.5,1750.0,1750.0,10300
2024-03-12 11:28:00+09:00,1750.0,1750.0,1749.5,1749.5,1749.5,600
2024-03-12 11:29:00+09:00,1749.5,1750.5,1749.0,1750.0,1750.0,3400
2024-03-12 11:30:00+09:00,1750.5,1750.5,1750.5,1750.5,1750.5,1100
2024-03-12 11:35:00+09:00,1750.5,1750.5,1750.5,1750.5,1750.5,0
2024-03-12 12:30:00+09:00,1759.0,1761.5,1756.5,1761.0,1761.0,1559100
2024-03-12 12:31:00+09:00,1761.0,1764.0,1761.0,1764.0,1764.0,10300
2024-03-12 12:32:00+09:00,1763.5,1765.5,1762.5,1764.5,1764.5,30400
2024-03-12 12:33:00+09:00,1764.0,1764.5,1763.0,1764.5,1764.5,3800
2024-03-12 12:34:00+09:00,1764.5,1764.5,1764.0,1764.0,1764.0,3400
2024-03-12 12:35:00+09:00,1764.0,1764.5,1763.5,1763.5,1763.5,5900
2024-03-12 12:36:00+09:00,1764.0,1770.0,1763.5,1770.0,1770.0,14300
2024-03-12 12:37:00+09:00,1769.0,1769.5,1768.0,1769.5,1769.5,10000
2024-03-12 12:38:00+09:00,1769.5,1772.0,1769.5,1771.5,1771.5,11400
2024-03-12 12:39:00+09:00,1771.0,1771.0,1770.0,1770.5,1770.5,12500
2024-03-12 12:40:00+09:00,1770.5,1771.5,1769.0,1771.0,1771.0,24000
2024-03-12 12:41:00+09:00,1771.0,1772.5,1770.5,1772.5,1772.5,5300
2024-03-12 12:42:00+09:00,1772.5,1772.5,1771.5,1771.5,1771.5,13000
2024-03-12 12:43:00+09:00,1771.5,1772.5,1771.0,1772.0,1772.0,10200
2024-03-12 12:44:00+09:00,1772.0,1776.0,1772.0,1774.5,1774.5,23300
2024-03-12 12:45:00+09:00,1775.0,1775.0,1773.0,1774.0,1774.0,8700
2024-03-12 12:46:00+09:00,1774.0,1774.0,1772.0,1772.0,1772.0,6100
2024-03-12 12:47:00+09:00,1772.5,1774.0,1772.0,1773.5,1773.5,6800
2024-03-12 12:48:00+09:00,1773.0,1773.0,1770.0,1771.5,1771.5,15200
2024-03-12 12:49:00+09:00,1771.0,1771.5,1769.5,1769.5,1769.5,4300
2024-03-12 12:50:00+09:00,1769.5,1774.0,1769.5,1774.0,1774.0,8100
2024-03-12 12:51:00+09:00,1774.0,1774.0,1772.0,1772.5,1772.5,8700
2024-03-12 12:52:00+09:00,1773.5,1774.5,1773.0,1774.5,1774.5,14200
2024-03-12 12:53:00+09:00,1775.0,1775.0,1774.0,1774.0,1774.0,5100
2024-03-12 12:54:00+09:00,1774.5,1776.0,1774.5,1774.5,1774.5,9400
2024-03-12 12:55:00+09:00,1774.5,1774.5,1773.0,1773.0,1773.0,8600
2024-03-12 12:56:00+09:00,1772.5,1773.0,1772.0,1773.0,1773.0,8400
2024-03-12 12:57:00+09:00,1773.0,1774.0,1773.0,1773.5,1773.5,2900
2024-03-12 12:58:00+09:00,1774.5,1776.5,1774.5,1776.5,1776.5,5600
2024-03-12 12:59:00+09:00,1776.5,1777.0,1775.0,1775.5,1775.5,7500
2024-03-12 13:00:00+09:00,1775.5,1776.0,1775.0,1775.0,1775.0,1400
2024-03-12 13:01:00+09:00,1776.0,1779.0,1775.0,1777.5,1777.5,15500
2024-03-12 13:02:00+09:00,1777.5,1779.0,1777.5,1778.5,1778.5,4000
2024-03-12 13:03:00+09:00,1778.5,1780.0,1778.0,1780.0,1780.0,12500
2024-03-12 13:04:00+09:00,1780.0,1780.5,1777.0,1778.0,1778.0,7900
2024-03-12 13:05:00+09:00,1778.0,1779.5,1778.0,1778.5,1778.5,7500
2024-03-12 13:06:00+09:00,1778.5,1779.5,1777.5,1778.5,1778.5,2900
2024-03-12 13:07:00+09:00,1778.5,1778.5,1777.5,1777.5,1777.5,3700
2024-03-12 13:08:00+09:00,1778.0,1778.0,1776.5,1778.0,1778.0,5300
2024-03-12 13:09:00+09:00,1777.5,1778.0,1777.5,1777.5,1777.5,600
2024-03-12 13:10:00+09:00,1777.5,1777.5,1777.5,1777.5,1777.5,1900
2024-03-12 13:11:00+09:00,1778.0,1778.5,1778.0,1778.5,1778.5,6300
2024-03-12 13:12:00+09:00,1778.5,1779.5,1778.0,1779.5,1779.5,4000
2024-03-12 13:13:00+09:00,1778.5,1779.0,1777.5,1778.0,1778.0,5900
2024-03-12 13:14:00+09:00,1778.5,1778.5,1778.0,1778.0,1778.0,1900
2024-03-12 13:15:00+09:00,1778.0,1778.0,1777.5,1778.0,1778.0,2300
2024-03-12 13:16:00+09:00,1778.0,1778.5,1778.0,1778.5,1778.5,1700
2024-03-12 13:17:00+09:00,1778.0,1779.0,1778.0,1778.0,1778.0,4900
2024-03-12 13:18:00+09:00,1779.0,1779.0,1777.5,1778.0,1778.0,6400
2024-03-12 13:19:00+09:00,1778.0,1778.5,1778.0,1778.0,1778.0,1800
2024-03-12 13:20:00+09:00,1778.5,1778.5,1778.0,1778.5,1778.5,1900
2024-03-12 13:21:00+09:00,1777.5,1777.5,1775.5,1775.5,1775.5,9600
2024-03-12 13:22:00+09:00,1776.0,1776.0,1775.5,1776.0,1776.0,5500
2024-03-12 13:23:00+09:00,1776.0,1778.0,1776.0,1778.0,1778.0,8300
2024-03-12 13:24:00+09:00,1778.0,1779.0,1778.0,1779.0,1779.0,2400
2024-03-12 13:25:00+09:00,1779.0,1781.0,1778.5,1781.0,1781.0,19800
2024-03-12 13:26:00+09:00,1780.5,1781.5,1779.5,1780.5,1780.5,7600
2024-03-12 13:27:00+09:00,1780.0,1780.5,1779.5,1779.5,1779.5,4500
2024-03-12 13:28:00+09:00,1779.0,1780.0,1778.0,1779.0,1779.0,14400
2024-03-12 13:29:00+09:00,1779.0,1779.0,1777.0,1778.0,1778.0,9700
2024-03-12 13:30:00+09:00,1778.0,1778.0,1776.5,1777.0,1777.0,6900
2024-03-12 13:31:00+09:00,1777.0,1777.5,1777.0,1777.5,1777.5,3200
2024-03-12 13:32:00+09:00,1778.0,1779.0,1777.5,1777.5,1777.5,9400
2024-03-12 13:33:00+09:00,1777.5,1778.5,1777.5,1778.0,1778.0,4300
2024-03-12 13:34:00+09:00,1777.5,1778.5,1777.5,1778.0,1778.0,1900
2024-03-12 13:35:00+09:00,1777.5,1777.5,1776.5,1776.5,1776.5,7200
2024-03-12 13:36:00+09:00,1776.0,1777.0,1776.0,1776.0,1776.0,4300
2024-03-12 13:37:00+09:00,1775.5,1776.5,1775.5,1775.5,1775.5,1200
2024-03-12 13:38:00+09:00,1775.5,1776.0,1775.5,1775.5,1775.5,3600
2024-03-12 13:39:00+09:00,1775.0,1777.0,1775.0,1777.0,1777.0,13200
2024-03-12 13:40:00+09:00,1777.5,1778.5,1777.5,1778.0,1778.0,1500
2024-03-12 13:41:00+09:00,1778.5,1778.5,1778.5,1778.5,1778.5,1400
2024-03-12 13:42:00+09:00,1779.0,1779.5,1779.0,1779.5,1779.5,5000
2024-03-12 13:43:00+09:00,1779.5,1780.0,1779.0,1779.0,1779.0,9800
2024-03-12 13:44:00+09:00,1778.5,1779.5,1778.5,1779.5,1779.5,1700
2024-03-12 13:45:00+09:00,1779.0,1779.0,1778.5,1779.0,1779.0,4900
2024-03-12 13:46:00+09:00,1779.5,1779.5,1779.0,1779.0,1779.0,3100
2024-03-12 13:47:00+09:00,1778.5,1779.0,1778.5,1779.0,1779.0,3500
2024-03-12 13:48:00+09:00,1778.0,1779.5,1778.0,1779.5,1779.5,3100
2024-03-12 13:49:00+09:00,1779.0,1780.5,1779.0,1780.5,1780.5,23800
2024-03-12 13:50:00+09:00,1780.0,1781.0,1779.0,1779.0,1779.0,6800
2024-03-12 13:51:00+09:00,1779.0,1779.5,1779.0,1779.0,1779.0,1400
2024-03-12 13:52:00+09:00,1779.5,1779.5,1778.5,1778.5,1778.5,2600
2024-03-12 13:53:00+09:00,1778.5,1779.0,1778.5,1778.5,1778.5,1000
2024-03-12 13:54:00+09:00,1779.0,1779.0,1777.5,1777.5,1777.5,3900
2024-03-12 13:55:00+09:00,1777.5,1778.0,1777.5,1778.0,1778.0,700
2024-03-12 13:56:00+09:00,1778.0,1778.0,1777.0,1777.0,1777.0,6400
2024-03-12 13:57:00+09:00,1777.5,1777.5,1777.0,1777.5,1777.5,1000
2024-03-12 13:58:00+09:00,1777.0,1777.0,1777.0,1777.0,1777.0,4300
2024-03-12 13:59:00+09:00,1777.5,1777.5,1776.5,1777.0,1777.0,1400
2024-03-12 14:00:00+09:00,1777.0,1777.5,1777.0,1777.5,1777.5,7000
2024-03-12 14:01:00+09:00,1777.5,1778.0,1777.5,1777.5,1777.5,6800
2024-03-12 14:02:00+09:00,1778.0,1778.5,1778.0,1778.0,1778.0,3400
2024-03-12 14:03:00+09:00,1778.0,1779.0,1777.0,1779.0,1779.0,9400
2024-03-12 14:04:00+09:00,1779.5,1780.0,1779.5,1780.0,1780.0,3200
2024-03-12 14:05:00+09:00,1780.0,1780.5,1779.5,1780.0,1780.0,2100
2024-03-12 14:06:00+09:00,1780.5,1781.0,1779.0,1779.5,1779.5,12000
2024-03-12 14:07:00+09:00,1779.5,1779.5,1779.0,1779.5,1779.5,1500
2024-03-12 14:08:00+09:00,1779.0,1781.0,1779.0,1781.0,1781.0,9800
2024-03-12 14:09:00+09:00,1780.0,1781.5,1780.0,1781.5,1781.5,7200
2024-03-12 14:10:00+09:00,1781.0,1781.5,1780.5,1781.0,1781.0,2700
2024-03-12 14:11:00+09:00,1781.5,1782.0,1781.5,1781.5,1781.5,4700
2024-03-12 14:12:00+09:00,1781.5,1782.0,1781.0,1781.5,1781.5,8100
2024-03-12 14:13:00+09:00,1781.5,1781.5,1781.0,1781.0,1781.0,6900
2024-03-12 14:14:00+09:00,1781.0,1781.0,1780.5,1780.5,1780.5,2500
2024-03-12 14:15:00+09:00,1780.5,1781.0,1780.5,1781.0,1781.0,5900
2024-03-12 14:16:00+09:00,1780.5,1781.0,1780.5,1781.0,1781.0,2800
2024-03-12 14:17:00+09:00,1780.5,1781.0,1780.0,1780.5,1780.5,2500
2024-03-12 14:18:00+09:00,1780.5,1780.5,1780.5,1780.5,1780.5,800
2024-03-12 14:19:00+09:00,1780.5,1781.0,1780.5,1780.5,1780.5,3000
2024-03-12 14:20:00+09:00,1780.0,1780.5,1780.0,1780.0,1780.0,6800
2024-03-12 14:21:00+09:00,1779.5,1781.0,1779.5,1781.0,1781.0,7700
2024-03-12 14:22:00+09:00,1781.5,1782.0,1781.0,1781.5,1781.5,8900
2024-03-12 14:23:00+09:00,1781.5,1784.0,1781.5,1784.0,1784.0,10800
2024-03-12 14:24:00+09:00,1783.5,1783.5,1782.5,1783.5,1783.5,4900
2024-03-12 14:25:00+09:00,1783.0,1783.0,1781.0,1781.5,1781.5,5100
2024-03-12 14:26:00+09:00,1781.5,1782.5,1781.0,1782.5,1782.5,6500
2024-03-12 14:27:00+09:00,1782.5,1782.5,1782.0,1782.5,1782.5,2600
2024-03-12 14:28:00+09:00,1782.0,1782.5,1782.0,1782.0,1782.0,5000
2024-03-12 14:29:00+09:00,1782.0,1784.0,1782.0,1784.0,1784.0,8800
2024-03-12 14:30:00+09:00,1783.5,1783.5,1780.0,1780.0,1780.0,12500
2024-03-12 14:31:00+09:00,1780.5,1780.5,1779.5,1779.5,1779.5,3800
2024-03-12 14:32:00+09:00,1779.5,1780.5,1779.0,1780.5,1780.5,5100
2024-03-12 14:33:00+09:00,1780.5,1780.5,1779.5,1780.0,1780.0,5200
2024-03-12 14:34:00+09:00,1780.0,1782.5,1780.0,1780.5,1780.5,25000
2024-03-12 14:35:00+09:00,1781.5,1781.5,1779.5,1780.5,1780.5,3800
2024-03-12 14:36:00+09:00,1780.5,1782.5,1780.5,1782.5,1782.5,9700
2024-03-12 14:37:00+09:00,1782.5,1783.0,1782.0,1782.0,1782.0,9200
2024-03-12 14:38:00+09:00,1782.5,1783.5,1782.5,1783.0,1783.0,8600
2024-03-12 14:39:00+09:00,1783.5,1783.5,1782.0,1782.5,1782.5,7900
2024-03-12 14:40:00+09:00,1781.5,1781.5,1779.0,1779.0,1779.0,10200
2024-03-12 14:41:00+09:00,1779.0,1780.0,1778.5,1779.0,1779.0,10900
2024-03-12 14:42:00+09:00,1779.0,1780.0,1778.5,1780.0,1780.0,5000
2024-03-12 14:43:00+09:00,1780.0,1781.5,1780.0,1781.5,1781.5,8900
2024-03-12 14:44:00+09:00,1781.5,1781.5,1780.5,1780.5,1780.5,12400
2024-03-12 14:45:00+09:00,1780.5,1781.5,1780.5,1781.5,1781.5,8500
2024-03-12 14:46:00+09:00,1781.5,1782.5,1781.0,1782.5,1782.5,8700
2024-03-12 14:47:00+09:00,1782.5,1783.5,1781.5,1782.5,1782.5,16600
2024-03-12 14:48:00+09:00,1783.0,1783.5,1782.5,1782.5,1782.5,10800
2024-03-12 14:49:00+09:00,1782.5,1785.0,1782.5,1785.0,1785.0,14500
2024-03-12 14:50:00+09:00,1784.5,1784.5,1783.5,1784.0,1784.0,9300
2024-03-12 14:51:00+09:00,1784.5,1785.5,1784.0,1785.5,1785.5,18600
2024-03-12 14:52:00+09:00,1785.5,1785.5,1784.5,1784.5,1784.5,18300
2024-03-12 14:53:00+09:00,1784.0,1785.5,1783.5,1785.5,1785.5,10700
2024-03-12 14:54:00+09:00,1785.0,1785.0,1783.5,1784.5,1784.5,10700
2024-03-12 14:55:00+09:00,1784.5,1785.0,1784.0,1784.5,1784.5,10800
2024-03-12 14:56:00+09:00,1784.5,1785.0,1784.5,1784.5,1784.5,17300
2024-03-12 14:57:00+09:00,1784.5,1785.0,1783.0,1785.0,1785.0,22900
2024-03-12 14:58:00+09:00,1785.0,1785.5,1784.5,1785.0,1785.0,15800
2024-03-12 14:59:00+09:00,1785.0,1786.0,1779.5,1780.0,1780.0,73900
2024-03-13 09:00:00+09:00,1794.0,1805.0,1791.5,1805.0,1805.0,0
2024-03-13 09:01:00+09:00,1804.5,1806.0,1793.5,1794.5,1794.5,17800
2024-03-13 09:02:00+09:00,1794.5,1799.0,1794.5,1798.5,1798.5,14100
2024-03-13 09:03:00+09:00,1798.0,1801.0,1796.0,1799.0,1799.0,23000
2024-03-13 09:04:00+09:00,1798.5,1802.5,1796.5,1802.5,1802.5,13500
2024-03-13 09:05:00+09:00,1802.0,1806.0,1802.0,1806.0,1806.0,18600
2024-03-13 09:06:00+09:00,1806.5,1807.5,1802.0,1803.5,1803.5,26600
2024-03-13 09:07:00+09:00,1804.0,1804.5,1800.0,1800.0,1800.0,13200
2024-03-13 09:08:00+09:00,1800.0,1800.5,1797.0,1800.5,1800.5,12200
2024-03-13 09:09:00+09:00,1800.5,1801.5,1799.0,1800.0,1800.0,9900
2024-03-13 09:10:00+09:00,1801.5,1801.5,1798.5,1799.0,1799.0,11900
2024-03-13 09:11:00+09:00,1799.5,1801.0,1797.5,1797.5,1797.5,12000
2024-03-13 09:12:00+09:00,1797.0,1797.0,1795.0,1795.0,1795.0,9700
2024-03-13 09:13:00+09:00,1795.5,1795.5,1790.5,1790.5,1790.5,8500
2024-03-13 09:14:00+09:00,1791.0,1793.5,1790.5,1793.0,1793.0,9500
2024-03-13 09:15:00+09:00,1793.5,1795.0,1791.0,1793.0,1793.0,23500
2024-03-13 09:16:00+09:00,1794.0,1796.5,1794.0,1796.5,1796.5,10100
2024-03-13 09:17:00+09:00,1797.0,1798.5,1795.5,1796.5,1796.5,14100
2024-03-13 09:18:00+09:00,1796.5,1797.5,1795.5,1797.5,1797.5,14200
2024-03-13 09:19:00+09:00,1798.0,1799.0,1797.5,1799.0,1799.0,10600
2024-03-13 09:20:00+09:00,1800.0,1801.0,1799.0,1801.0,1801.0,8600
2024-03-13 09:21:00+09:00,1801.5,1804.5,1801.0,1804.0,1804.0,12100
2024-03-13 09:22:00+09:00,1804.5,1805.0,1803.5,1804.0,1804.0,10700
2024-03-13 09:23:00+09:00,1804.0,1806.5,1803.0,1804.5,1804.5,13000
2024-03-13 09:24:00+09:00,1804.0,1805.0,1803.5,1805.0,1805.0,7600
2024-03-13 09:25:00+09:00,1804.5,1805.5,1804.0,1805.5,1805.5,9600
2024-03-13 09:26:00+09:00,1805.5,1805.5,1802.0,1802.0,1802.0,7500
2024-03-13 09:27:00+09:00,1802.0,1803.0,1801.5,1803.0,1803.0,12400
2024-03-13 09:28:00+09:00,1802.5,1806.0,1802.5,1806.0,1806.0,9300
2024-03-13 09:29:00+09:00,1806.5,1808.0,1806.0,1808.0,1808.0,6300
2024-03-13 09:30:00+09:00,1808.5,1808.5,1806.5,1808.0,1808.0,13800
2024-03-13 09:31:00+09:00,1809.0,1812.0,1809.0,1811.0,1811.0,22300
2024-03-13 09:32:00+09:00,1811.0,1812.5,1808.0,1812.5,1812.5,12000
2024-03-13 09:33:00+09:00,1812.5,1812.5,1811.0,1811.5,1811.5,5100
2024-03-13 09:34:00+09:00,1812.0,1813.5,1810.5,1810.5,1810.5,16900
2024-03-13 09:35:00+09:00,1811.0,1811.0,1808.0,1808.5,1808.5,11900
2024-03-13 09:36:00+09:00,1808.0,1808.0,1804.0,1804.0,1804.0,16800
2024-03-13 09:37:00+09:00,1803.5,1804.0,1802.0,1803.0,1803.0,9600
2024-03-13 09:38:00+09:00,1803.5,1803.5,1801.5,1803.0,1803.0,11700
2024-03-13 09:39:00+09:00,1802.0,1802.5,1795.5,1796.0,1796.0,14400
2024-03-13 09:40:00+09:00,1795.5,1800.0,1795.5,1797.5,1797.5,19000
2024-03-13 09:41:00+09:00,1797.5,1799.0,1797.0,1798.5,1798.5,10100
2024-03-13 09:42:00+09:00,1798.5,1799.5,1798.5,1799.5,1799.5,2000
2024-03-13 09:43:00+09:00,1797.0,1798.5,1797.0,1798.5,1798.5,19600
2024-03-13 09:44:00+09:00,1799.0,1799.0,1795.5,1795.5,1795.5,8000
2024-03-13 09:45:00+09:00,1795.0,1798.0,1795.0,1797.5,1797.5,8200
2024-03-13 09:46:00+09:00,1797.5,1797.5,1795.5,1795.5,1795.5,8800
2024-03-13 09:47:00+09:00,1796.0,1797.5,1796.0,1797.0,1797.0,12400
2024-03-13 09:48:00+09:00,1797.0,1797.5,1796.0,1796.0,1796.0,8200
2024-03-13 09:49:00+09:00,1795.5,1795.5,1793.5,1795.0,1795.0,9800
2024-03-13 09:50:00+09:00,1794.5,1795.0,1793.0,1793.0,1793.0,5000
2024-03-13 09:51:00+09:00,1793.5,1794.0,1792.5,1792.5,1792.5,3900
2024-03-13 09:52:00+09:00,1793.5,1794.0,1790.5,1791.5,1791.5,20700
2024-03-13 09:53:00+09:00,1791.0,1791.5,1791.0,1791.0,1791.0,1200
2024-03-13 09:54:00+09:00,1789.0,1789.0,1788.0,1788.0,1788.0,20400
2024-03-13 09:55:00+09:00,1788.5,1790.0,1788.0,1788.0,1788.0,17100
2024-03-13 09:56:00+09:00,1788.0,1788.5,1786.5,1787.5,1787.5,7500
2024-03-13 09:57:00+09:00,1787.0,1787.5,1783.5,1784.0,1784.0,14200
2024-03-13 09:58:00+09:00,1784.0,1786.0,1784.0,1785.5,1785.5,9000
2024-03-13 09:59:00+09:00,1785.0,1786.0,1785.0,1785.0,1785.0,4900
2024-03-13 10:00:00+09:00,1785.5,1785.5,1781.0,1782.5,1782.5,17900
2024-03-13 10:01:00+09:00,1782.5,1785.0,1782.5,1784.5,1784.5,6200
2024-03-13 10:02:00+09:00,1784.0,1784.0,1781.5,1782.0,1782.0,5000
2024-03-13 10:03:00+09:00,1782.5,1782.5,1781.5,1781.5,1781.5,5600
2024-03-13 10:04:00+09:00,1781.5,1784.0,1781.5,1783.5,1783.5,6800
2024-03-13 10:05:00+09:00,1783.0,1783.0,1781.0,1781.0,1781.0,5400
2024-03-13 10:06:00+09:00,1780.5,1780.5,1778.5,1778.5,1778.5,20400
2024-03-13 10:07:00+09:00,1780.0,1780.5,1779.5,1780.5,1780.5,3500
2024-03-13 10:08:00+09:00,1779.5,1780.0,1778.0,1778.5,1778.5,7100
2024-03-13 10:09:00+09:00,1779.0,1780.5,1779.0,1780.0,1780.0,4100
2024-03-13 10:10:00+09:00,1780.5,1781.0,1780.5,1781.0,1781.0,7600
2024-03-13 10:11:00+09:00,1780.5,1781.5,1780.5,1781.5,1781.5,3500
2024-03-13 10:12:00+09:00,1782.0,1782.5,1781.0,1782.0,1782.0,4300
2024-03-13 10:13:00+09:00,1782.5,1782.5,1781.0,1781.5,1781.5,3500
2024-03-13 10:14:00+09:00,1781.5,1781.5,1779.5,1779.5,1779.5,7000
2024-03-13 10:15:00+09:00,1780.0,1782.5,1780.0,1782.5,1782.5,6200
2024-03-13 10:16:00+09:00,1782.0,1783.5,1782.0,1783.5,1783.5,3000
2024-03-13 10:17:00+09:00,1783.5,1783.5,1782.0,1782.5,1782.5,4000
2024-03-13 10:18:00+09:00,1782.5,1783.0,1782.0,1783.0,1783.0,2000
2024-03-13 10:19:00+09:00,1782.5,1784.5,1782.5,1784.5,1784.5,4300
2024-03-13 10:20:00+09:00,1784.0,1786.0,1784.0,1785.5,1785.5,4300
2024-03-13 10:21:00+09:00,1785.5,1786.5,1784.0,1784.0,1784.0,8800
2024-03-13 10:22:00+09:00,1784.5,1785.0,1783.0,1783.5,1783.5,6000
2024-03-13 10:23:00+09:00,1783.5,1784.5,1783.0,1784.5,1784.5,4500
2024-03-13 10:24:00+09:00,1784.5,1786.0,1784.5,1786.0,1786.0,7800
2024-03-13 10:25:00+09:00,1785.5,1785.5,1785.0,1785.0,1785.0,2500
2024-03-13 10:26:00+09:00,1785.5,1786.0,1783.0,1783.0,1783.0,6000
2024-03-13 10:27:00+09:00,1783.0,1784.0,1782.5,1784.0,1784.0,5000
2024-03-13 10:28:00+09:00,1784.5,1785.5,1784.5,1784.5,1784.5,4100
2024-03-13 10:29:00+09:00,1784.5,1784.5,1782.5,1783.0,1783.0,9500
2024-03-13 10:30:00+09:00,1782.5,1783.0,1780.5,1781.0,1781.0,9600
2024-03-13 10:31:00+09:00,1780.5,1781.0,1780.0,1780.5,1780.5,4000
2024-03-13 10:32:00+09:00,1780.5,1782.0,1780.5,1782.0,1782.0,5000
2024-03-13 10:33:00+09:00,1782.5,1782.5,1782.0,1782.0,1782.0,2500
2024-03-13 10:34:00+09:00,1782.0,1785.0,1782.0,1784.5,1784.5,9500
2024-03-13 10:35:00+09:00,1784.5,1784.5,1783.0,1783.5,1783.5,5400
2024-03-13 10:36:00+09:00,1783.5,1783.5,1781.0,1781.0,1781.0,11800
2024-03-13 10:37:00+09:00,1781.5,1783.0,1781.0,1782.5,1782.5,5200
2024-03-13 10:38:00+09:00,1783.0,1787.5,1783.0,1787.0,1787.0,22500
2024-03-13 10:39:00+09:00,1786.5,1786.5,1785.5,1785.5,1785.5,3600
2024-03-13 10:40:00+09:00,1785.0,1786.0,1785.0,1785.5,1785.5,7900
2024-03-13 10:41:00+09:00,1785.5,1785.5,1783.5,1783.5,1783.5,7100
2024-03-13 10:42:00+09:00,1783.0,1783.5,1783.0,1783.0,1783.0,2500
2024-03-13 10:43:00+09:00,1783.5,1783.5,1783.0,1783.0,1783.0,900
2024-03-13 10:44:00+09:00,1783.0,1784.0,1782.5,1784.0,1784.0,8100
2024-03-13 10:45:00+09:00,1784.0,1785.0,1783.0,1785.0,1785.0,5100
2024-03-13 10:46:00+09:00,1784.5,1785.0,1784.5,1784.5,1784.5,4000
2024-03-13 10:47:00+09:00,1785.0,1785.0,1783.5,1784.0,1784.0,5300
2024-03-13 10:48:00+09:00,1784.0,1784.0,1783.5,1783.5,1783.5,2300
2024-03-13 10:49:00+09:00,1783.5,1784.5,1783.5,1784.5,1784.5,2700
2024-03-13 10:50:00+09:00,1784.0,1784.0,1782.5,1782.5,1782.5,7400
2024-03-13 10:51:00+09:00,1782.5,1782.5,1781.0,1782.5,1782.5,9100
2024-03-13 10:52:00+09:00,1782.5,1782.5,1781.0,1782.0,1782.0,4400
2024-03-13 10:53:00+09:00,1782.0,1782.5,1781.5,1782.5,1782.5,3400
2024-03-13 10:54:00+09:00,1782.5,1782.5,1781.0,1781.0,1781.0,4200
2024-03-13 10:55:00+09:00,1781.0,1781.0,1779.0,1780.0,1780.0,16700
2024-03-13 10:56:00+09:00,1780.5,1784.0,1780.5,1784.0,1784.0,7500
2024-03-13 10:57:00+09:00,1784.5,1785.0,1784.0,1785.0,1785.0,5100
2024-03-13 10:58:00+09:00,1784.5,1786.5,1784.5,1786.5,1786.5,2200
2024-03-13 10:59:00+09:00,1786.0,1786.5,1785.5,1786.5,1786.5,700
2024-03-13 11:00:00+09:00,1786.5,1787.0,1786.0,1787.0,1787.0,4000
2024-03-13 11:01:00+09:00,1787.0,1788.5,1786.5,1788.0,1788.0,5400
2024-03-13 11:02:00+09:00,1788.5,1789.5,1788.5,1788.5,1788.5,4200
2024-03-13 11:03:00+09:00,1788.0,1789.0,1787.5,1787.5,1787.5,5000
2024-03-13 11:04:00+09:00,1787.5,1787.5,1786.0,1786.0,1786.0,4900
2024-03-13 11:05:00+09:00,1786.5,1788.0,1786.0,1788.0,1788.0,6000
2024-03-13 11:06:00+09:00,1788.5,1793.5,1788.0,1793.5,1793.5,14300
2024-03-13 11:07:00+09:00,1793.5,1794.0,1793.0,1794.0,1794.0,3700
2024-03-13 11:08:00+09:00,1794.0,1795.0,1793.0,1795.0,1795.0,3200
2024-03-13 11:09:00+09:00,1794.0,1794.0,1792.0,1792.0,1792.0,9800
2024-03-13 11:10:00+09:00,1793.0,1795.5,1793.0,1795.5,1795.5,4900
2024-03-13 11:11:00+09:00,1795.5,1796.5,1794.5,1796.5,1796.5,6900
2024-03-13 11:12:00+09:00,1796.5,1796.5,1795.0,1795.0,1795.0,5200
2024-03-13 11:13:00+09:00,1794.5,1795.0,1792.5,1793.0,1793.0,6300
2024-03-13 11:14:00+09:00,1792.5,1793.5,1792.0,1793.0,1793.0,4700
2024-03-13 11:15:00+09:00,1793.5,1794.0,1793.0,1793.5,1793.5,5600
2024-03-13 11:16:00+09:00,1793.0,1793.5,1791.0,1791.0,1791.0,10300
2024-03-13 11:17:00+09:00,1791.5,1791.5,1790.5,1791.0,1791.0,4300
2024-03-13 11:18:00+09:00,1791.0,1791.0,1789.5,1789.5,1789.5,2900
2024-03-13 11:19:00+09:00,1789.5,1790.0,1789.5,1789.5,1789.5,3400
2024-03-13 11:20:00+09:00,1789.0,1789.5,1788.0,1788.0,1788.0,6800
2024-03-13 11:21:00+09:00,1788.5,1790.5,1788.5,1790.0,1790.0,4100
2024-03-13 11:22:00+09:00,1789.5,1791.0,1789.5,1791.0,1791.0,2900
2024-03-13 11:23:00+09:00,1790.5,1791.0,1790.5,1791.0,1791.0,2700
2024-03-13 11:24:00+09:00,1791.5,1792.5,1791.0,1792.0,1792.0,2900
2024-03-13 11:25:00+09:00,1791.5,1791.5,1789.5,1789.5,1789.5,5700
2024-03-13 11:26:00+09:00,1789.0,1789.0,1787.5,1787.5,1787.5,4500
2024-03-13 11:27:00+09:00,1788.0,1789.0,1787.5,1789.0,1789.0,3600
2024-03-13 11:28:00+09:00,1788.0,1789.0,1788.0,1788.5,1788.5,900
2024-03-13 11:29:00+09:00,1788.5,1789.0,1786.5,1787.0,1787.0,5900
2024-03-13 11:30:00+09:00,1787.0,1787.0,1787.0,1787.0,1787.0,3300
2024-03-13 11:35:00+09:00,1787.0,1787.0,1787.0,1787.0,1787.0,0
2024-03-13 12:30:00+09:00,1777.5,1783.5,1775.5,1781.5,1781.5,1527400
2024-03-13 12:31:00+09:00,1782.0,1783.5,1780.0,1783.0,1783.0,15900
2024-03-13 12:32:00+09:00,1783.0,1784.0,1782.5,1782.5,1782.5,5000
2024-03-13 12:33:00+09:00,1783.0,1784.5,1783.0,1783.5,1783.5,4400
2024-03-13 12:34:00+09:00,1780.0,1780.0,1777.0,1778.0,1778.0,19300
2024-03-13 12:35:00+09:00,1778.0,1778.0,1777.5,1777.5,1777.5,1100
2024-03-13 12:36:00+09:00,1776.5,1777.0,1775.5,1775.5,1775.5,12400
2024-03-13 12:37:00+09:00,1775.0,1775.5,1773.0,1773.0,1773.0,5700
2024-03-13 12:38:00+09:00,1774.0,1775.0,1774.0,1774.0,1774.0,7100
2024-03-13 12:39:00+09:00,1774.0,1774.0,1773.5,1773.5,1773.5,3600
2024-03-13 12:40:00+09:00,1773.5,1774.0,1772.0,1773.5,1773.5,13700
2024-03-13 12:41:00+09:00,1773.5,1773.5,1770.0,1772.0,1772.0,23400
2024-03-13 12:42:00+09:00,1772.5,1776.0,1772.0,1776.0,1776.0,13800
2024-03-13 12:43:00+09:00,1776.0,1777.5,1776.0,1776.5,1776.5,4700
2024-03-13 12:44:00+09:00,1776.5,1777.0,1775.5,1776.5,1776.5,5300
2024-03-13 12:45:00+09:00,1777.0,1778.5,1777.0,1778.0,1778.0,4700
2024-03-13 12:46:00+09:00,1778.0,1780.0,1777.5,1779.5,1779.5,7400
2024-03-13 12:47:00+09:00,1779.5,1781.0,1778.5,1778.5,1778.5,10700
2024-03-13 12:48:00+09:00,1778.5,1778.5,1777.0,1778.0,1778.0,6000
2024-03-13 12:49:00+09:00,1778.5,1778.5,1778.0,1778.5,1778.5,2800
2024-03-13 12:50:00+09:00,1778.5,1780.5,1778.5,1780.0,1780.0,6000
2024-03-13 12:51:00+09:00,1780.0,1780.0,1778.5,1778.5,1778.5,4400
2024-03-13 12:52:00+09:00,1778.5,1779.0,1778.0,1778.5,1778.5,4300
2024-03-13 12:53:00+09:00,1779.0,1781.0,1778.0,1781.0,1781.0,7700
2024-03-13 12:54:00+09:00,1780.5,1780.5,1777.5,1778.5,1778.5,8100
2024-03-13 12:55:00+09:00,1778.0,1778.5,1777.0,1777.5,1777.5,5100
2024-03-13 12:56:00+09:00,1777.0,1777.5,1776.5,1777.5,1777.5,3200
2024-03-13 12:57:00+09:00,1777.5,1778.5,1777.0,1778.0,1778.0,6200
2024-03-13 12:58:00+09:00,1778.0,1780.5,1778.0,1780.5,1780.5,6900
2024-03-13 12:59:00+09:00,1780.5,1780.5,1779.0,1780.0,1780.0,6100
2024-03-13 13:00:00+09:00,1780.0,1783.5,1780.0,1783.5,1783.5,10900
2024-03-13 13:01:00+09:00,1782.5,1782.5,1782.0,1782.0,1782.0,5100
2024-03-13 13:02:00+09:00,1782.5,1783.5,1782.0,1783.5,1783.5,5300
2024-03-13 13:03:00+09:00,1782.5,1783.5,1781.0,1781.0,1781.0,8200
2024-03-13 13:04:00+09:00,1781.0,1783.5,1781.0,1783.5,1783.5,9100
2024-03-13 13:05:00+09:00,1783.5,1785.5,1783.5,1785.5,1785.5,2600
2024-03-13 13:06:00+09:00,1785.5,1785.5,1784.0,1784.0,1784.0,6000
2024-03-13 13:07:00+09:00,1784.5,1785.0,1784.5,1785.0,1785.0,4000
2024-03-13 13:08:00+09:00,1784.5,1785.0,1784.5,1785.0,1785.0,3000
2024-03-13 13:09:00+09:00,1785.5,1785.5,1784.5,1784.5,1784.5,2200
2024-03-13 13:10:00+09:00,1784.5,1785.5,1784.5,1785.5,1785.5,5100
2024-03-13 13:11:00+09:00,1785.5,1787.5,1785.5,1787.0,1787.0,13900
2024-03-13 13:12:00+09:00,1787.5,1787.5,1786.0,1786.5,1786.5,2200
2024-03-13 13:13:00+09:00,1786.0,1788.5,1785.0,1788.5,1788.5,23400
2024-03-13 13:14:00+09:00,1789.0,1789.0,1786.0,1786.0,1786.0,10800
2024-03-13 13:15:00+09:00,1786.0,1786.0,1786.0,1786.0,1786.0,2400
2024-03-13 13:16:00+09:00,1786.0,1786.5,1786.0,1786.5,1786.5,7700
2024-03-13 13:17:00+09:00,1786.0,1786.5,1786.0,1786.5,1786.5,3200
2024-03-13 13:18:00+09:00,1786.5,1786.5,1784.0,1784.5,1784.5,6100
2024-03-13 13:19:00+09:00,1784.5,1785.0,1784.0,1784.0,1784.0,900
2024-03-13 13:20:00+09:00,1784.0,1784.0,1783.0,1783.0,1783.0,3100
2024-03-13 13:21:00+09:00,1783.5,1784.0,1783.5,1784.0,1784.0,3400
2024-03-13 13:22:00+09:00,1784.0,1784.5,1783.5,1784.5,1784.5,5700
2024-03-13 13:23:00+09:00,1784.5,1785.0,1784.5,1785.0,1785.0,300
2024-03-13 13:24:00+09:00,1785.0,1785.0,1784.5,1784.5,1784.5,6200
2024-03-13 13:25:00+09:00,1784.0,1784.0,1784.0,1784.0,1784.0,3700
2024-03-13 13:26:00+09:00,1784.0,1785.0,1784.0,1785.0,1785.0,5500
2024-03-13 13:27:00+09:00,1784.5,1788.0,1784.5,1788.0,1788.0,13000
2024-03-13 13:28:00+09:00,1787.0,1788.5,1785.5,1788.5,1788.5,10800
2024-03-13 13:29:00+09:00,1788.5,1789.0,1787.5,1787.5,1787.5,5800
2024-03-13 13:30:00+09:00,1787.0,1788.0,1785.5,1788.0,1788.0,13000
2024-03-13 13:31:00+09:00,1788.0,1788.0,1786.5,1787.0,1787.0,2700
2024-03-13 13:32:00+09:00,1786.0,1786.0,1785.5,1785.5,1785.5,4800
2024-03-13 13:33:00+09:00,1785.5,1786.0,1785.0,1785.0,1785.0,4400
2024-03-13 13:34:00+09:00,1785.0,1785.5,1785.0,1785.5,1785.5,2400
2024-03-13 13:35:00+09:00,1786.0,1786.0,1786.0,1786.0,1786.0,3400
2024-03-13 13:36:00+09:00,1786.0,1787.5,1786.0,1786.0,1786.0,5500
2024-03-13 13:37:00+09:00,1786.0,1786.0,1785.5,1786.0,1786.0,4600
2024-03-13 13:38:00+09:00,1786.0,1786.5,1786.0,1786.5,1786.5,3500
2024-03-13 13:39:00+09:00,1787.0,1787.5,1787.0,1787.0,1787.0,2400
2024-03-13 13:40:00+09:00,1786.5,1786.5,1786.0,1786.0,1786.0,3300
2024-03-13 13:41:00+09:00,1786.0,1786.0,1786.0,1786.0,1786.0,4500
2024-03-13 13:43:00+09:00,1786.5,1786.5,1785.5,1785.5,1785.5,7400
2024-03-13 13:44:00+09:00,1785.0,1785.5,1784.5,1785.5,1785.5,7700
2024-03-13 13:45:00+09:00,1786.0,1786.5,1786.0,1786.0,1786.0,4700
2024-03-13 13:46:00+09:00,1786.0,1788.0,1786.0,1788.0,1788.0,9200
2024-03-13 13:47:00+09:00,1788.0,1788.0,1787.5,1787.5,1787.5,4200
2024-03-13 13:48:00+09:00,1787.0,1788.0,1787.0,1788.0,1788.0,5300
2024-03-13 13:49:00+09:00,1788.5,1788.5,1787.5,1787.5,1787.5,3100
2024-03-13 13:51:00+09:00,1787.0,1787.0,1786.5,1787.0,1787.0,6500
2024-03-13 13:52:00+09:00,1787.0,1789.0,1787.0,1789.0,1789.0,9100
2024-03-13 13:53:00+09:00,1789.5,1790.5,1789.5,1790.5,1790.5,9600
2024-03-13 13:54:00+09:00,1790.0,1790.0,1789.0,1789.0,1789.0,6000
2024-03-13 13:55:00+09:00,1788.5,1788.5,1787.5,1788.0,1788.0,3800
2024-03-13 13:56:00+09:00,1788.0,1788.0,1787.5,1787.5,1787.5,5100
2024-03-13 13:57:00+09:00,1787.5,1788.0,1787.0,1787.5,1787.5,3200
2024-03-13 13:58:00+09:00,1788.0,1788.0,1787.5,1787.5,1787.5,2600
2024-03-13 13:59:00+09:00,1787.5,1788.0,1787.0,1788.0,1788.0,8000
2024-03-13 14:00:00+09:00,1788.5,1788.5,1788.0,1788.0,1788.0,7000
2024-03-13 14:01:00+09:00,1788.0,1788.0,1787.5,1787.5,1787.5,4200
2024-03-13 14:02:00+09:00,1787.5,1788.5,1787.5,1788.0,1788.0,5200
2024-03-13 14:03:00+09:00,1788.0,1788.0,1787.5,1788.0,1788.0,1500
2024-03-13 14:04:00+09:00,1788.0,1788.0,1787.0,1787.0,1787.0,7100
2024-03-13 14:05:00+09:00,1788.0,1788.5,1788.0,1788.5,1788.5,5300
2024-03-13 14:06:00+09:00,1788.5,1791.0,1788.5,1790.5,1790.5,12400
2024-03-13 14:07:00+09:00,1790.0,1791.0,1790.0,1790.5,1790.5,4600
2024-03-13 14:08:00+09:00,1790.0,1790.0,1788.5,1788.5,1788.5,4700
2024-03-13 14:09:00+09:00,1788.5,1789.5,1788.0,1788.0,1788.0,5400
2024-03-13 14:10:00+09:00,1787.5,1788.0,1787.0,1787.0,1787.0,5500
2024-03-13 14:11:00+09:00,1787.0,1788.0,1786.0,1788.0,1788.0,8500
2024-03-13 14:12:00+09:00,1787.5,1787.5,1787.0,1787.5,1787.5,1500
2024-03-13 14:13:00+09:00,1787.0,1787.0,1786.0,1786.0,1786.0,5900
2024-03-13 14:14:00+09:00,1785.5,1785.5,1784.0,1784.0,1784.0,7400
2024-03-13 14:15:00+09:00,1784.0,1784.0,1782.5,1783.5,1783.5,8900
2024-03-13 14:16:00+09:00,1783.5,1784.5,1783.5,1784.0,1784.0,8200
2024-03-13 14:17:00+09:00,1783.0,1783.5,1782.5,1783.0,1783.0,3200
2024-03-13 14:18:00+09:00,1783.5,1783.5,1783.0,1783.0,1783.0,5800
2024-03-13 14:19:00+09:00,1783.0,1783.0,1781.5,1781.5,1781.5,5900
2024-03-13 14:20:00+09:00,1781.5,1782.5,1780.5,1780.5,1780.5,7600
2024-03-13 14:21:00+09:00,1780.5,1781.0,1780.0,1780.0,1780.0,5800
2024-03-13 14:22:00+09:00,1780.0,1781.5,1780.0,1781.5,1781.5,6700
2024-03-13 14:23:00+09:00,1781.0,1781.0,1780.5,1781.0,1781.0,4700
2024-03-13 14:24:00+09:00,1781.0,1781.5,1781.0,1781.5,1781.5,4600
2024-03-13 14:25:00+09:00,1781.0,1781.0,1780.0,1781.0,1781.0,14200
2024-03-13 14:26:00+09:00,1781.0,1781.5,1781.0,1781.5,1781.5,7000
2024-03-13 14:27:00+09:00,1782.0,1782.5,1781.0,1781.0,1781.0,4800
2024-03-13 14:28:00+09:00,1780.5,1781.0,1780.0,1781.0,1781.0,7600
2024-03-13 14:29:00+09:00,1781.0,1781.5,1781.0,1781.0,1781.0,4500
2024-03-13 14:30:00+09:00,1780.5,1781.5,1780.5,1780.5,1780.5,8700
2024-03-13 14:31:00+09:00,1781.0,1781.0,1779.5,1780.0,1780.0,7700
2024-03-13 14:32:00+09:00,1780.0,1780.0,1779.5,1780.0,1780.0,5500
2024-03-13 14:33:00+09:00,1780.0,1780.5,1779.5,1780.5,1780.5,9500
2024-03-13 14:34:00+09:00,1780.0,1780.0,1778.5,1778.5,1778.5,8900
2024-03-13 14:35:00+09:00,1779.0,1779.0,1776.0,1777.0,1777.0,12800
2024-03-13 14:36:00+09:00,1777.5,1778.5,1777.5,1777.5,1777.5,7100
2024-03-13 14:37:00+09:00,1778.5,1779.0,1778.0,1778.5,1778.5,5800
2024-03-13 14:38:00+09:00,1778.0,1779.5,1777.5,1778.0,1778.0,6200
2024-03-13 14:39:00+09:00,1778.0,1778.5,1776.5,1776.5,1776.5,8000
2024-03-13 14:40:00+09:00,1776.0,1778.5,1776.0,1777.5,1777.5,11700
2024-03-13 14:41:00+09:00,1777.5,1778.0,1777.0,1778.0,1778.0,9300
2024-03-13 14:42:00+09:00,1778.5,1780.0,1778.5,1779.5,1779.5,11600
2024-03-13 14:43:00+09:00,1779.0,1779.0,1778.0,1778.5,1778.5,6600
2024-03-13 14:44:00+09:00,1778.5,1779.0,1777.5,1778.0,1778.0,5700
2024-03-13 14:45:00+09:00,1778.0,1779.5,1778.0,1778.0,1778.0,8000
2024-03-13 14:46:00+09:00,1778.0,1780.5,1778.0,1780.0,1780.0,20300
2024-03-13 14:47:00+09:00,1780.0,1780.5,1778.0,1778.0,1778.0,18100
2024-03-13 14:48:00+09:00,1778.0,1780.0,1778.0,1779.5,1779.5,15100
2024-03-13 14:49:00+09:00,1780.0,1780.0,1779.0,1780.0,1780.0,9600
2024-03-13 14:50:00+09:00,1779.5,1780.5,1779.0,1780.5,1780.5,18200
2024-03-13 14:51:00+09:00,1780.5,1781.0,1780.0,1780.5,1780.5,14800
2024-03-13 14:52:00+09:00,1780.5,1780.5,1779.5,1779.5,1779.5,12600
2024-03-13 14:53:00+09:00,1779.5,1781.0,1779.5,1781.0,1781.0,15700
2024-03-13 14:54:00+09:00,1781.0,1781.5,1780.5,1781.0,1781.0,7400
2024-03-13 14:55:00+09:00,1780.5,1781.0,1780.0,1780.5,1780.5,14700
2024-03-13 14:56:00+09:00,1780.5,1781.5,1780.0,1781.0,1781.0,17600
2024-03-13 14:57:00+09:00,1780.5,1781.5,1780.5,1781.5,1781.5,16400
2024-03-13 14:58:00+09:00,1781.5,1782.0,1781.0,1781.5,1781.5,19100
2024-03-13 14:59:00+09:00,1781.5,1781.5,1777.5,1777.5,1777.5,32700
2024-03-14 09:00:00+09:00,1770.5,1778.5,1770.5,1772.5,1772.5,125000
2024-03-14 09:01:00+09:00,1772.5,1772.5,1763.5,1763.5,1763.5,86400
2024-03-14 09:02:00+09:00,1765.0,1770.5,1765.0,1769.0,1769.0,15500
2024-03-14 09:03:00+09:00,1770.0,1770.5,1766.0,1766.5,1766.5,5700
2024-03-14 09:04:00+09:00,1766.0,1770.0,1765.5,1769.0,1769.0,8500
2024-03-14 09:05:00+09:00,1768.0,1769.5,1766.5,1767.5,1767.5,2900
2024-03-14 09:06:00+09:00,1767.0,1770.5,1767.0,1770.0,1770.0,11300
2024-03-14 09:07:00+09:00,1771.0,1772.0,1769.5,1770.0,1770.0,5700
2024-03-14 09:08:00+09:00,1770.5,1770.5,1769.0,1770.0,1770.0,4600
2024-03-14 09:09:00+09:00,1770.5,1771.0,1767.5,1768.0,1768.0,6300
2024-03-14 09:10:00+09:00,1768.0,1776.5,1768.0,1776.5,1776.5,25300
2024-03-14 09:11:00+09:00,1777.0,1777.5,1774.5,1776.0,1776.0,6500
2024-03-14 09:12:00+09:00,1775.0,1778.0,1774.5,1776.0,1776.0,21400
2024-03-14 09:13:00+09:00,1776.0,1779.0,1776.0,1778.5,1778.5,5100
2024-03-14 09:14:00+09:00,1778.5,1779.5,1777.0,1779.5,1779.5,4900
2024-03-14 09:15:00+09:00,1778.5,1780.0,1777.5,1779.0,1779.0,15700
2024-03-14 09:16:00+09:00,1778.5,1779.5,1775.0,1775.5,1775.5,16200
2024-03-14 09:17:00+09:00,1774.5,1775.0,1772.0,1772.0,1772.0,7400
2024-03-14 09:18:00+09:00,1773.0,1773.5,1772.0,1772.5,1772.5,7900
2024-03-14 09:19:00+09:00,1772.5,1772.5,1770.5,1771.0,1771.0,7300
2024-03-14 09:20:00+09:00,1770.5,1771.0,1768.0,1768.0,1768.0,9400
2024-03-14 09:21:00+09:00,1767.5,1767.5,1765.5,1766.0,1766.0,8800
2024-03-14 09:22:00+09:00,1766.0,1766.5,1763.5,1763.5,1763.5,10900
2024-03-14 09:23:00+09:00,1764.0,1766.5,1764.0,1766.5,1766.5,13900
2024-03-14 09:24:00+09:00,1766.5,1767.5,1765.5,1765.5,1765.5,7200
2024-03-14 09:25:00+09:00,1766.5,1766.5,1765.0,1765.0,1765.0,2900
2024-03-14 09:26:00+09:00,1765.0,1765.0,1759.0,1760.0,1760.0,16900
2024-03-14 09:27:00+09:00,1760.0,1760.5,1754.5,1754.5,1754.5,59600
2024-03-14 09:28:00+09:00,1754.5,1756.5,1754.0,1754.5,1754.5,13100
2024-03-14 09:29:00+09:00,1755.5,1756.0,1753.5,1755.5,1755.5,10100
2024-03-14 09:30:00+09:00,1756.0,1759.5,1756.0,1757.5,1757.5,10400
2024-03-14 09:31:00+09:00,1758.5,1760.5,1757.5,1760.5,1760.5,5800
2024-03-14 09:32:00+09:00,1760.0,1763.0,1760.0,1762.0,1762.0,7900
2024-03-14 09:33:00+09:00,1762.5,1764.0,1761.5,1764.0,1764.0,6500
2024-03-14 09:34:00+09:00,1763.5,1764.5,1763.5,1764.5,1764.5,2300
2024-03-14 09:35:00+09:00,1763.5,1764.5,1763.5,1764.5,1764.5,3200
2024-03-14 09:36:00+09:00,1765.0,1766.5,1765.0,1765.5,1765.5,5100
2024-03-14 09:37:00+09:00,1765.5,1766.5,1764.0,1765.0,1765.0,5900
2024-03-14 09:38:00+09:00,1765.5,1765.5,1764.5,1765.5,1765.5,2400
2024-03-14 09:39:00+09:00,1764.5,1768.0,1764.5,1767.5,1767.5,7300
2024-03-14 09:40:00+09:00,1767.0,1768.5,1765.0,1765.0,1765.0,5600
2024-03-14 09:41:00+09:00,1764.5,1765.5,1764.5,1764.5,1764.5,2800
2024-03-14 09:42:00+09:00,1764.5,1766.0,1764.5,1766.0,1766.0,2200
2024-03-14 09:43:00+09:00,1765.5,1766.0,1765.5,1765.5,1765.5,1200
2024-03-14 09:44:00+09:00,1765.5,1765.5,1764.5,1765.0,1765.0,2200
2024-03-14 09:45:00+09:00,1765.0,1769.0,1765.0,1768.5,1768.5,12000
2024-03-14 09:46:00+09:00,1768.0,1772.5,1768.0,1772.0,1772.0,10000
2024-03-14 09:47:00+09:00,1772.0,1772.5,1770.5,1772.5,1772.5,4800
2024-03-14 09:48:00+09:00,1772.5,1772.5,1769.0,1770.0,1770.0,7700
2024-03-14 09:49:00+09:00,1770.0,1770.5,1770.0,1770.5,1770.5,3900
2024-03-14 09:50:00+09:00,1770.5,1770.5,1769.0,1770.5,1770.5,5100
2024-03-14 09:51:00+09:00,1771.0,1773.5,1770.0,1773.5,1773.5,9500
2024-03-14 09:52:00+09:00,1773.0,1773.0,1771.0,1771.0,1771.0,3500
2024-03-14 09:53:00+09:00,1771.5,1771.5,1769.0,1769.0,1769.0,4900
2024-03-14 09:54:00+09:00,1769.0,1769.0,1768.5,1768.5,1768.5,6400
2024-03-14 09:55:00+09:00,1769.0,1769.0,1767.0,1767.0,1767.0,3600
2024-03-14 09:56:00+09:00,1767.5,1769.0,1767.5,1769.0,1769.0,8400
2024-03-14 09:57:00+09:00,1769.0,1769.0,1769.0,1769.0,1769.0,100
2024-03-14 09:58:00+09:00,1769.0,1771.5,1769.0,1770.5,1770.5,8100
2024-03-14 09:59:00+09:00,1770.0,1770.0,1769.5,1769.5,1769.5,900
2024-03-14 10:00:00+09:00,1769.0,1769.5,1769.0,1769.0,1769.0,7700
2024-03-14 10:01:00+09:00,1769.0,1769.0,1768.0,1768.0,1768.0,1400
2024-03-14 10:02:00+09:00,1769.0,1769.0,1768.5,1768.5,1768.5,10700
2024-03-14 10:03:00+09:00,1768.5,1768.5,1767.0,1767.5,1767.5,3400
2024-03-14 10:04:00+09:00,1767.5,1767.5,1767.0,1767.0,1767.0,3200
2024-03-14 10:05:00+09:00,1766.5,1767.0,1766.5,1766.5,1766.5,3500
2024-03-14 10:06:00+09:00,1766.0,1767.0,1765.5,1767.0,1767.0,6900
2024-03-14 10:07:00+09:00,1766.5,1766.5,1766.0,1766.5,1766.5,2400
2024-03-14 10:08:00+09:00,1767.0,1767.0,1766.5,1766.5,1766.5,2100
2024-03-14 10:10:00+09:00,1766.5,1767.0,1766.5,1766.5,1766.5,6100
2024-03-14 10:11:00+09:00,1766.0,1766.0,1761.5,1761.5,1761.5,9300
2024-03-14 10:12:00+09:00,1761.5,1761.5,1760.0,1760.0,1760.0,5400
2024-03-14 10:13:00+09:00,1760.5,1761.0,1760.0,1761.0,1761.0,5000
2024-03-14 10:14:00+09:00,1761.5,1762.5,1761.0,1762.5,1762.5,4500
2024-03-14 10:15:00+09:00,1762.0,1763.0,1761.5,1762.0,1762.0,5200
2024-03-14 10:16:00+09:00,1762.5,1762.5,1762.5,1762.5,1762.5,1400
2024-03-14 10:17:00+09:00,1762.0,1762.5,1762.0,1762.5,1762.5,3300
2024-03-14 10:18:00+09:00,1762.5,1763.5,1762.5,1763.0,1763.0,3900
2024-03-14 10:19:00+09:00,1763.0,1765.5,1762.5,1765.0,1765.0,8000
2024-03-14 10:20:00+09:00,1764.5,1766.0,1764.0,1766.0,1766.0,4600
2024-03-14 10:21:00+09:00,1766.0,1766.5,1765.5,1766.5,1766.5,5700
2024-03-14 10:22:00+09:00,1766.0,1767.0,1765.5,1765.5,1765.5,4100
2024-03-14 10:23:00+09:00,1765.5,1767.0,1765.0,1767.0,1767.0,3100
2024-03-14 10:24:00+09:00,1767.0,1768.0,1767.0,1767.0,1767.0,4100
2024-03-14 10:25:00+09:00,1766.5,1767.5,1766.5,1767.5,1767.5,4000
2024-03-14 10:26:00+09:00,1767.0,1767.0,1766.0,1766.0,1766.0,900
2024-03-14 10:27:00+09:00,1766.0,1766.0,1765.0,1765.0,1765.0,6000
2024-03-14 10:28:00+09:00,1765.0,1765.5,1763.5,1763.5,1763.5,3900
2024-03-14 10:29:00+09:00,1763.5,1763.5,1762.0,1762.0,1762.0,4500
2024-03-14 10:30:00+09:00,1761.0,1761.5,1760.0,1761.0,1761.0,8600
2024-03-14 10:31:00+09:00,1760.5,1763.0,1760.0,1762.0,1762.0,9200
2024-03-14 10:32:00+09:00,1762.0,1762.0,1761.5,1762.0,1762.0,1500
2024-03-14 10:33:00+09:00,1762.0,1762.5,1761.5,1762.0,1762.0,5400
2024-03-14 10:34:00+09:00,1762.0,1762.0,1760.5,1760.5,1760.5,7100
2024-03-14 10:35:00+09:00,1760.5,1762.0,1760.5,1761.0,1761.0,6700
2024-03-14 10:36:00+09:00,1761.0,1761.5,1760.0,1761.0,1761.0,11300
2024-03-14 10:37:00+09:00,1761.0,1762.0,1761.0,1762.0,1762.0,3600
2024-03-14 10:38:00+09:00,1762.0,1762.0,1762.0,1762.0,1762.0,3000
2024-03-14 10:39:00+09:00,1762.5,1763.0,1762.5,1763.0,1763.0,5400
2024-03-14 10:40:00+09:00,1763.0,1763.5,1762.5,1763.0,1763.0,2300
2024-03-14 10:41:00+09:00,1762.5,1764.0,1762.5,1763.5,1763.5,7500
2024-03-14 10:42:00+09:00,1763.0,1763.0,1762.0,1763.0,1763.0,5500
2024-03-14 10:43:00+09:00,1763.5,1765.5,1763.5,1765.5,1765.5,2000
2024-03-14 10:44:00+09:00,1765.5,1766.0,1765.5,1765.5,1765.5,2600
2024-03-14 10:45:00+09:00,1765.0,1766.0,1765.0,1766.0,1766.0,4800
2024-03-14 10:46:00+09:00,1765.5,1768.5,1765.5,1768.0,1768.0,5300
2024-03-14 10:47:00+09:00,1768.0,1769.0,1768.0,1769.0,1769.0,2700
2024-03-14 10:48:00+09:00,1769.0,1769.5,1767.0,1767.0,1767.0,15100
2024-03-14 10:49:00+09:00,1767.0,1768.0,1767.0,1767.5,1767.5,3300
2024-03-14 10:50:00+09:00,1767.0,1768.0,1767.0,1767.5,1767.5,5000
2024-03-14 10:51:00+09:00,1767.5,1768.5,1767.0,1768.0,1768.0,5000
2024-03-14 10:52:00+09:00,1768.5,1768.5,1767.5,1768.0,1768.0,1300
2024-03-14 10:53:00+09:00,1768.0,1772.5,1767.5,1771.5,1771.5,7700
2024-03-14 10:54:00+09:00,1772.0,1772.0,1772.0,1772.0,1772.0,2300
2024-03-14 10:55:00+09:00,1772.0,1772.0,1771.5,1771.5,1771.5,5700
2024-03-14 10:56:00+09:00,1772.0,1772.0,1771.5,1771.5,1771.5,2500
2024-03-14 10:57:00+09:00,1772.5,1772.5,1772.5,1772.5,1772.5,3700
2024-03-14 10:58:00+09:00,1772.0,1772.5,1771.5,1771.5,1771.5,4700
2024-03-14 10:59:00+09:00,1772.0,1772.0,1771.0,1771.0,1771.0,5400
2024-03-14 11:00:00+09:00,1771.0,1771.0,1770.0,1771.0,1771.0,6300
2024-03-14 11:01:00+09:00,1771.0,1771.0,1770.5,1770.5,1770.5,3700
2024-03-14 11:02:00+09:00,1770.0,1770.0,1769.0,1769.0,1769.0,4900
2024-03-14 11:03:00+09:00,1768.5,1768.5,1767.5,1768.5,1768.5,6000
2024-03-14 11:04:00+09:00,1768.5,1768.5,1767.0,1767.0,1767.0,2300
2024-03-14 11:05:00+09:00,1767.0,1767.0,1767.0,1767.0,1767.0,3700
2024-03-14 11:06:00+09:00,1766.5,1768.0,1766.5,1767.5,1767.5,5100
2024-03-14 11:07:00+09:00,1767.0,1767.5,1766.5,1767.0,1767.0,5300
2024-03-14 11:08:00+09:00,1767.0,1767.0,1766.0,1766.5,1766.5,1400
2024-03-14 11:09:00+09:00,1766.5,1767.5,1766.5,1767.5,1767.5,4200
2024-03-14 11:10:00+09:00,1767.5,1767.5,1765.5,1765.5,1765.5,5200
2024-03-14 11:11:00+09:00,1765.5,1765.5,1763.5,1763.5,1763.5,2900
2024-03-14 11:12:00+09:00,1764.0,1764.0,1762.0,1763.0,1763.0,6500
2024-03-14 11:13:00+09:00,1763.5,1765.5,1763.5,1765.5,1765.5,8300
2024-03-14 11:14:00+09:00,1766.0,1766.0,1766.0,1766.0,1766.0,1300
2024-03-14 11:15:00+09:00,1766.0,1766.5,1764.5,1765.5,1765.5,6800
2024-03-14 11:16:00+09:00,1765.0,1765.5,1765.0,1765.5,1765.5,700
2024-03-14 11:17:00+09:00,1765.5,1767.0,1765.5,1767.0,1767.0,6800
2024-03-14 11:18:00+09:00,1767.5,1769.5,1767.5,1767.5,1767.5,4500
2024-03-14 11:19:00+09:00,1767.5,1768.0,1767.5,1768.0,1768.0,3800
2024-03-14 11:20:00+09:00,1768.0,1768.0,1767.0,1767.0,1767.0,1700
2024-03-14 11:21:00+09:00,1767.0,1767.0,1765.0,1765.0,1765.0,3900
2024-03-14 11:22:00+09:00,1765.5,1767.0,1765.5,1767.0,1767.0,7100
2024-03-14 11:23:00+09:00,1766.5,1766.5,1765.0,1765.0,1765.0,3000
2024-03-14 11:24:00+09:00,1764.5,1765.5,1764.0,1765.0,1765.0,4900
2024-03-14 11:25:00+09:00,1764.5,1765.5,1764.5,1765.5,1765.5,2200
2024-03-14 11:26:00+09:00,1765.5,1766.0,1765.0,1765.0,1765.0,4000
2024-03-14 11:27:00+09:00,1765.5,1766.5,1765.5,1766.5,1766.5,2100
2024-03-14 11:28:00+09:00,1766.5,1766.5,1766.5,1766.5,1766.5,900
2024-03-14 11:29:00+09:00,1766.5,1767.5,1766.5,1767.5,1767.5,3500
2024-03-14 11:30:00+09:00,1767.5,1767.5,1767.5,1767.5,1767.5,1000
2024-03-14 11:35:00+09:00,1767.5,1767.5,1767.5,1767.5,1767.5,0
2024-03-14 12:30:00+09:00,1769.5,1772.0,1767.5,1768.5,1768.5,1155200
2024-03-14 12:31:00+09:00,1768.5,1769.5,1768.0,1769.0,1769.0,7400
2024-03-14 12:32:00+09:00,1769.5,1770.5,1769.0,1770.5,1770.5,5900
2024-03-14 12:33:00+09:00,1770.5,1771.0,1770.5,1770.5,1770.5,2600
2024-03-14 12:34:00+09:00,1770.5,1772.0,1770.5,1771.0,1771.0,7800
2024-03-14 12:35:00+09:00,1771.5,1772.5,1771.0,1772.0,1772.0,3300
2024-03-14 12:36:00+09:00,1772.0,1773.0,1772.0,1772.0,1772.0,4000
2024-03-14 12:37:00+09:00,1772.0,1773.5,1772.0,1773.5,1773.5,9100
2024-03-14 12:38:00+09:00,1773.5,1774.0,1773.5,1774.0,1774.0,2900
2024-03-14 12:39:00+09:00,1774.0,1774.5,1773.0,1773.0,1773.0,6500
2024-03-14 12:40:00+09:00,1772.5,1773.5,1772.0,1773.5,1773.5,5300
2024-03-14 12:41:00+09:00,1774.0,1775.5,1774.0,1775.5,1775.5,7300
2024-03-14 12:42:00+09:00,1775.5,1777.0,1775.5,1777.0,1777.0,3000
2024-03-14 12:43:00+09:00,1776.5,1776.5,1776.5,1776.5,1776.5,4300
2024-03-14 12:44:00+09:00,1777.0,1777.0,1777.0,1777.0,1777.0,4100
2024-03-14 12:45:00+09:00,1777.5,1777.5,1776.5,1776.5,1776.5,7200
2024-03-14 12:46:00+09:00,1776.5,1778.0,1776.0,1777.5,1777.5,5700
2024-03-14 12:47:00+09:00,1777.5,1778.0,1777.5,1777.5,1777.5,900
2024-03-14 12:48:00+09:00,1778.0,1778.5,1777.5,1778.5,1778.5,10500
2024-03-14 12:49:00+09:00,1778.5,1779.0,1778.0,1779.0,1779.0,9000
2024-03-14 12:50:00+09:00,1779.0,1779.5,1779.0,1779.0,1779.0,7600
2024-03-14 12:51:00+09:00,1779.0,1779.0,1778.5,1779.0,1779.0,2000
2024-03-14 12:52:00+09:00,1779.0,1779.0,1777.0,1777.0,1777.0,7700
2024-03-14 12:53:00+09:00,1777.0,1777.0,1775.0,1775.5,1775.5,4100
2024-03-14 12:54:00+09:00,1775.0,1775.0,1774.5,1775.0,1775.0,3800
2024-03-14 12:55:00+09:00,1775.0,1776.0,1775.0,1776.0,1776.0,6900
2024-03-14 12:56:00+09:00,1776.5,1777.0,1776.5,1777.0,1777.0,3400
2024-03-14 12:57:00+09:00,1777.5,1778.0,1777.0,1778.0,1778.0,3200
2024-03-14 12:58:00+09:00,1778.5,1779.0,1778.5,1779.0,1779.0,4600
2024-03-14 12:59:00+09:00,1779.0,1779.5,1779.0,1779.5,1779.5,2000
2024-03-14 13:00:00+09:00,1779.5,1780.0,1779.5,1780.0,1780.0,4600
2024-03-14 13:01:00+09:00,1780.0,1780.5,1779.5,1779.5,1779.5,12700
2024-03-14 13:02:00+09:00,1779.5,1779.5,1779.0,1779.0,1779.0,4100
2024-03-14 13:03:00+09:00,1779.0,1779.5,1778.5,1779.0,1779.0,3500
2024-03-14 13:04:00+09:00,1779.0,1779.0,1778.5,1778.5,1778.5,4400
2024-03-14 13:05:00+09:00,1778.5,1778.5,1777.5,1777.5,1777.5,5500
2024-03-14 13:06:00+09:00,1777.0,1778.0,1776.0,1776.0,1776.0,10300
2024-03-14 13:07:00+09:00,1776.0,1776.5,1776.0,1776.0,1776.0,5100
2024-03-14 13:08:00+09:00,1776.5,1776.5,1776.5,1776.5,1776.5,300
2024-03-14 13:09:00+09:00,1776.5,1777.0,1776.0,1776.0,1776.0,4100
2024-03-14 13:10:00+09:00,1776.5,1777.5,1776.5,1777.5,1777.5,5400
2024-03-14 13:11:00+09:00,1777.0,1777.5,1777.0,1777.5,1777.5,600
2024-03-14 13:12:00+09:00,1777.5,1777.5,1777.0,1777.5,1777.5,2500
2024-03-14 13:13:00+09:00,1778.0,1779.5,1778.0,1779.5,1779.5,5100
2024-03-14 13:14:00+09:00,1779.0,1779.0,1779.0,1779.0,1779.0,2000
2024-03-14 13:15:00+09:00,1778.5,1778.5,1778.0,1778.5,1778.5,3500
2024-03-14 13:16:00+09:00,1778.0,1778.0,1775.5,1775.5,1775.5,19800
2024-03-14 13:17:00+09:00,1775.5,1776.5,1775.5,1776.5,1776.5,3600
2024-03-14 13:18:00+09:00,1776.5,1776.5,1776.0,1776.5,1776.5,1000
2024-03-14 13:19:00+09:00,1776.0,1776.0,1775.5,1775.5,1775.5,2200
2024-03-14 13:20:00+09:00,1775.5,1777.5,1775.5,1777.0,1777.0,8900
2024-03-14 13:21:00+09:00,1777.0,1778.5,1777.0,1778.5,1778.5,2000
2024-03-14 13:22:00+09:00,1778.0,1778.0,1777.5,1777.5,1777.5,2700
2024-03-14 13:23:00+09:00,1777.5,1777.5,1776.5,1776.5,1776.5,4400
2024-03-14 13:24:00+09:00,1776.5,1776.5,1776.5,1776.5,1776.5,2500
2024-03-14 13:25:00+09:00,1777.0,1777.0,1777.0,1777.0,1777.0,3800
2024-03-14 13:26:00+09:00,1777.0,1777.5,1777.0,1777.5,1777.5,400
2024-03-14 13:27:00+09:00,1777.0,1777.5,1777.0,1777.5,1777.5,1000
2024-03-14 13:28:00+09:00,1777.0,1779.0,1777.0,1779.0,1779.0,8700
2024-03-14 13:29:00+09:00,1779.0,1779.0,1778.0,1778.0,1778.0,1900
2024-03-14 13:30:00+09:00,1778.0,1779.0,1778.0,1779.0,1779.0,5000
2024-03-14 13:31:00+09:00,1779.0,1779.5,1779.0,1779.5,1779.5,2000
2024-03-14 13:32:00+09:00,1779.0,1779.0,1778.5,1779.0,1779.0,2200
2024-03-14 13:33:00+09:00,1778.5,1779.0,1778.5,1779.0,1779.0,2200
2024-03-14 13:34:00+09:00,1778.5,1778.5,1777.5,1777.5,1777.5,4800
2024-03-14 13:35:00+09:00,1778.0,1778.0,1777.5,1777.5,1777.5,900
2024-03-14 13:36:00+09:00,1777.5,1779.0,1777.5,1778.5,1778.5,8000
2024-03-14 13:37:00+09:00,1778.5,1779.5,1778.5,1779.0,1779.0,16300
2024-03-14 13:38:00+09:00,1779.5,1779.5,1778.5,1779.0,1779.0,3100
2024-03-14 13:39:00+09:00,1779.0,1779.5,1779.0,1779.5,1779.5,600
2024-03-14 13:40:00+09:00,1779.5,1779.5,1779.5,1779.5,1779.5,1700
2024-03-14 13:41:00+09:00,1779.5,1779.5,1779.5,1779.5,1779.5,5600
2024-03-14 13:42:00+09:00,1779.5,1779.5,1779.0,1779.5,1779.5,4400
2024-03-14 13:43:00+09:00,1780.0,1780.5,1780.0,1780.0,1780.0,9600
2024-03-14 13:44:00+09:00,1779.5,1779.5,1779.5,1779.5,1779.5,2100
2024-03-14 13:45:00+09:00,1780.0,1780.5,1779.5,1780.5,1780.5,3500
2024-03-14 13:46:00+09:00,1780.5,1780.5,1780.0,1780.0,1780.0,3100
2024-03-14 13:47:00+09:00,1780.0,1781.5,1780.0,1781.5,1781.5,11300
2024-03-14 13:48:00+09:00,1781.5,1782.0,1781.0,1781.5,1781.5,4500
2024-03-14 13:49:00+09:00,1781.0,1782.5,1781.0,1782.0,1782.0,4900
2024-03-14 13:50:00+09:00,1782.5,1782.5,1782.5,1782.5,1782.5,5200
2024-03-14 13:51:00+09:00,1783.0,1783.5,1783.0,1783.5,1783.5,8100
2024-03-14 13:52:00+09:00,1783.0,1783.0,1781.0,1781.0,1781.0,12200
2024-03-14 13:53:00+09:00,1781.5,1782.0,1781.5,1782.0,1782.0,3600
2024-03-14 13:54:00+09:00,1781.5,1782.0,1781.5,1782.0,1782.0,12800
2024-03-14 13:55:00+09:00,1781.5,1783.0,1781.5,1783.0,1783.0,6000
2024-03-14 13:56:00+09:00,1783.0,1783.0,1783.0,1783.0,1783.0,3500
2024-03-14 13:57:00+09:00,1783.5,1783.5,1782.5,1783.0,1783.0,13700
2024-03-14 13:58:00+09:00,1782.0,1782.5,1782.0,1782.0,1782.0,10700
2024-03-14 13:59:00+09:00,1782.0,1782.5,1782.0,1782.5,1782.5,5200
2024-03-14 14:00:00+09:00,1782.0,1783.0,1782.0,1783.0,1783.0,7300
2024-03-14 14:01:00+09:00,1782.5,1782.5,1782.0,1782.5,1782.5,4600
2024-03-14 14:02:00+09:00,1782.5,1783.0,1782.5,1783.0,1783.0,4900
2024-03-14 14:03:00+09:00,1783.0,1783.0,1782.5,1783.0,1783.0,14800
2024-03-14 14:04:00+09:00,1783.0,1784.0,1783.0,1783.5,1783.5,5300
2024-03-14 14:05:00+09:00,1783.5,1784.0,1783.5,1784.0,1784.0,6700
2024-03-14 14:06:00+09:00,1784.0,1784.0,1783.0,1783.0,1783.0,9600
2024-03-14 14:07:00+09:00,1782.5,1782.5,1782.5,1782.5,1782.5,3800
2024-03-14 14:08:00+09:00,1783.0,1783.0,1780.5,1780.5,1780.5,14300
2024-03-14 14:09:00+09:00,1780.5,1781.0,1780.5,1781.0,1781.0,7900
2024-03-14 14:10:00+09:00,1780.5,1780.5,1780.0,1780.5,1780.5,8600
2024-03-14 14:11:00+09:00,1780.5,1780.5,1778.5,1779.5,1779.5,16000
2024-03-14 14:12:00+09:00,1779.5,1780.0,1779.5,1780.0,1780.0,14000
2024-03-14 14:13:00+09:00,1780.0,1780.0,1779.5,1779.5,1779.5,3000
2024-03-14 14:14:00+09:00,1780.0,1780.0,1780.0,1780.0,1780.0,1600
2024-03-14 14:15:00+09:00,1780.0,1780.5,1778.5,1778.5,1778.5,20300
2024-03-14 14:16:00+09:00,1778.5,1778.5,1778.5,1778.5,1778.5,2100
2024-03-14 14:17:00+09:00,1779.0,1779.0,1778.0,1779.0,1779.0,5900
2024-03-14 14:18:00+09:00,1778.5,1779.5,1778.5,1778.5,1778.5,7400
2024-03-14 14:19:00+09:00,1778.5,1779.0,1778.5,1778.5,1778.5,2500
2024-03-14 14:20:00+09:00,1778.5,1779.5,1778.5,1779.5,1779.5,6800
2024-03-14 14:21:00+09:00,1779.0,1779.0,1779.0,1779.0,1779.0,3500
2024-03-14 14:22:00+09:00,1779.5,1779.5,1779.0,1779.0,1779.0,6200
2024-03-14 14:23:00+09:00,1779.0,1779.5,1778.5,1779.5,1779.5,7200
2024-03-14 14:24:00+09:00,1779.5,1779.5,1779.0,1779.0,1779.0,4800
2024-03-14 14:25:00+09:00,1779.5,1780.0,1779.5,1780.0,1780.0,8500
2024-03-14 14:26:00+09:00,1780.0,1780.0,1779.5,1780.0,1780.0,3900
2024-03-14 14:27:00+09:00,1779.5,1780.5,1779.5,1780.5,1780.5,12600
2024-03-14 14:28:00+09:00,1780.5,1781.5,1780.5,1781.0,1781.0,10300
2024-03-14 14:29:00+09:00,1781.5,1781.5,1781.0,1781.0,1781.0,3700
2024-03-14 14:30:00+09:00,1781.0,1781.0,1779.5,1779.5,1779.5,13000
2024-03-14 14:31:00+09:00,1779.0,1779.0,1779.0,1779.0,1779.0,8000
2024-03-14 14:32:00+09:00,1779.5,1779.5,1779.0,1779.0,1779.0,4300
2024-03-14 14:33:00+09:00,1779.0,1779.0,1778.5,1779.0,1779.0,4000
2024-03-14 14:34:00+09:00,1778.5,1778.5,1778.0,1778.5,1778.5,9300
2024-03-14 14:35:00+09:00,1778.5,1780.0,1778.5,1780.0,1780.0,10200
2024-03-14 14:36:00+09:00,1780.0,1781.5,1780.0,1780.0,1780.0,17000
2024-03-14 14:37:00+09:00,1780.5,1782.0,1780.0,1782.0,1782.0,12000
2024-03-14 14:38:00+09:00,1781.0,1781.5,1780.5,1781.0,1781.0,6500
2024-03-14 14:39:00+09:00,1780.5,1780.5,1780.0,1780.5,1780.5,7900
2024-03-14 14:40:00+09:00,1780.0,1780.0,1778.5,1779.5,1779.5,11900
2024-03-14 14:41:00+09:00,1779.5,1781.0,1779.5,1781.0,1781.0,17400
2024-03-14 14:42:00+09:00,1781.5,1782.0,1781.5,1782.0,1782.0,14000
2024-03-14 14:43:00+09:00,1782.5,1782.5,1781.0,1781.5,1781.5,9200
2024-03-14 14:44:00+09:00,1782.0,1782.5,1781.5,1782.5,1782.5,17000
2024-03-14 14:45:00+09:00,1782.5,1783.5,1782.5,1783.0,1783.0,13100
2024-03-14 14:46:00+09:00,1783.5,1784.0,1783.5,1783.5,1783.5,13300
2024-03-14 14:47:00+09:00,1783.5,1783.5,1782.5,1783.5,1783.5,11200
2024-03-14 14:48:00+09:00,1783.5,1783.5,1783.0,1783.0,1783.0,4200
2024-03-14 14:49:00+09:00,1783.0,1783.0,1782.5,1782.5,1782.5,10200
2024-03-14 14:50:00+09:00,1783.0,1785.0,1783.0,1784.5,1784.5,35900
2024-03-14 14:51:00+09:00,1784.0,1784.0,1784.0,1784.0,1784.0,2100
2024-03-14 14:52:00+09:00,1785.5,1786.0,1785.0,1786.0,1786.0,30200
2024-03-14 14:53:00+09:00,1786.0,1786.5,1783.5,1783.5,1783.5,20800
2024-03-14 14:54:00+09:00,1783.5,1783.5,1782.0,1782.0,1782.0,13000
2024-03-14 14:55:00+09:00,1782.0,1783.0,1782.0,1783.0,1783.0,21400
2024-03-14 14:56:00+09:00,1783.0,1783.0,1782.0,1782.5,1782.5,7600
2024-03-14 14:57:00+09:00,1782.5,1783.0,1781.5,1782.0,1782.0,16400
2024-03-14 14:58:00+09:00,1781.5,1782.5,1781.0,1782.5,1782.5,37100
2024-03-14 14:59:00+09:00,1782.5,1783.0,1780.0,1783.0,1783.0,81300
