,Adj Close,Close,High,Low,Open,Volume
2001-01-01,338.86981201171875,579.0,579.0,579.0,579.0,0
2001-01-02,338.86981201171875,579.0,579.0,579.0,579.0,0
2001-01-03,338.86981201171875,579.0,579.0,579.0,579.0,0
2001-01-04,316.6295166015625,541.0,561.0,540.0,561.0,55000
2001-01-05,313.70330810546875,536.0,554.0,536.0,543.0,71000
2001-01-08,313.70330810546875,536.0,536.0,536.0,536.0,0
2001-01-09,320.14117431640625,547.0,548.0,536.0,540.0,59000
2001-01-10,315.4590759277344,539.0,547.0,539.0,546.0,119000
2001-01-11,310.1917419433594,530.0,539.0,530.0,539.0,93000
2001-01-12,310.7768859863281,531.0,536.0,530.0,535.0,75000
2001-01-15,313.1179504394531,535.0,540.0,533.0,533.0,86000
2001-01-16,317.8001708984375,543.0,545.0,535.0,545.0,97000
2001-01-17,313.70330810546875,536.0,548.0,536.0,542.0,64000
2001-01-18,324.8232116699219,555.0,555.0,538.0,538.0,71000
2001-01-19,330.6759338378906,565.0,565.0,545.0,555.0,110000
2001-01-22,333.6023254394531,570.0,570.0,555.0,555.0,39000
2001-01-23,336.5286865234375,575.0,576.0,568.0,570.0,42000
2001-01-24,338.2843933105469,578.0,578.0,570.0,577.0,67000
2001-01-25,327.1643981933594,559.0,574.0,550.0,574.0,80000
2001-01-26,321.89697265625,550.0,575.0,550.0,575.0,50000
2001-01-29,324.8232116699219,555.0,561.0,554.0,561.0,13000
2001-01-30,334.1875915527344,571.0,574.0,555.0,555.0,29000
2001-01-31,337.6991577148437,577.0,578.0,560.0,570.0,48000
2001-02-01,344.1370849609375,588.0,590.0,573.0,577.0,84000
2001-02-02,343.5518798828125,587.0,590.0,580.0,588.0,73000
2001-02-05,338.2843933105469,578.0,588.0,578.0,587.0,50000
2001-02-06,340.62554931640625,582.0,588.0,577.0,578.0,59000
2001-02-07,348.23394775390625,595.0,595.0,573.0,582.0,56000
2001-02-08,339.4549865722656,580.0,580.0,570.0,580.0,34000
2001-02-09,348.8192443847656,596.0,596.0,580.0,580.0,51000
2001-02-12,348.8192443847656,596.0,596.0,596.0,596.0,0
2001-02-13,351.1604309082031,600.0,600.0,590.0,600.0,52000
2001-02-14,350.5750732421875,599.0,600.0,590.0,600.0,43000
2001-02-15,350.5750732421875,599.0,599.0,594.0,599.0,17000
2001-02-16,347.6487731933594,594.0,599.0,590.0,599.0,29000
2001-02-19,350.5750732421875,599.0,599.0,590.0,595.0,27000
2001-02-20,349.4045104980469,597.0,599.0,591.0,599.0,37000
2001-02-21,339.4549865722656,580.0,597.0,570.0,597.0,42000
2001-02-22,336.5286865234375,575.0,584.0,575.0,578.0,18000
2001-02-23,350.5750732421875,599.0,599.0,576.0,590.0,45000
2001-02-26,358.7687072753906,613.0,615.0,598.0,598.0,115000
2001-02-27,361.1098937988281,617.0,618.0,599.0,613.0,60000
2001-02-28,349.9898986816406,598.0,608.0,598.0,598.0,44000
2001-03-01,342.3813781738281,585.0,617.0,585.0,603.0,45000
2001-03-02,325.9938049316406,557.0,582.0,557.0,580.0,58000
2001-03-05,344.7223815917969,589.0,600.0,560.0,560.0,44000
2001-03-06,344.1370849609375,588.0,588.0,565.0,571.0,20000
2001-03-07,335.9434509277344,574.0,595.0,573.0,590.0,50000
2001-03-08,345.3076171875,590.0,595.0,580.0,594.0,44000
2001-03-09,346.4781188964844,592.0,594.0,571.0,571.0,97000
2001-03-12,348.8192443847656,596.0,596.0,581.0,586.0,32000
2001-03-13,336.5286865234375,575.0,580.0,570.0,580.0,64000
2001-03-14,336.5286865234375,575.0,575.0,575.0,575.0,0
2001-03-15,340.62554931640625,582.0,582.0,566.0,582.0,60000
2001-03-16,333.6023254394531,570.0,587.0,565.0,580.0,35000
2001-03-19,333.6023254394531,570.0,580.0,567.0,568.0,32000
2001-03-20,333.6023254394531,570.0,570.0,570.0,570.0,0
2001-03-21,350.5750732421875,599.0,600.0,570.0,571.0,49000
2001-03-22,349.9898986816406,598.0,600.0,595.0,599.0,48000
2001-03-23,349.9898986816406,598.0,599.0,578.0,578.0,69000
2001-03-26,382.1794128417969,653.0,653.0,590.0,610.0,150000
2001-03-27,372.2815246582031,630.0,638.0,607.0,607.0,35000
2001-03-28,360.463134765625,610.0,630.0,610.0,630.0,24000
2001-03-29,355.7356262207031,602.0,614.0,602.0,614.0,21000
2001-03-30,349.82635498046875,592.0,610.0,592.0,602.0,21000
2001-04-02,355.7356262207031,602.0,602.0,590.0,592.0,17000
2001-04-03,353.3721008300781,598.0,615.0,587.0,587.0,25000
2001-04-04,346.2809143066406,586.0,615.0,580.0,615.0,37000
2001-04-05,354.5539245605469,600.0,609.0,600.0,607.0,40000
2001-04-06,355.144775390625,601.0,610.0,591.0,600.0,36000
2001-04-09,352.19012451171875,596.0,596.0,595.0,595.0,7000
2001-04-10,353.9628601074219,599.0,600.0,596.0,596.0,13000
2001-04-11,351.59918212890625,595.0,615.0,595.0,601.0,23000
2001-04-12,356.9175109863281,604.0,607.0,597.0,597.0,15000
2001-04-13,356.9175109863281,604.0,604.0,602.0,604.0,15000
2001-04-16,358.0994873046875,606.0,610.0,604.0,604.0,8000
2001-04-17,360.463134765625,610.0,610.0,605.0,605.0,22000
2001-04-18,359.2811889648437,608.0,614.0,603.0,609.0,67000
2001-04-19,365.78131103515625,619.0,619.0,610.0,610.0,76000
2001-04-20,365.78131103515625,619.0,624.0,615.0,619.0,54000
2001-04-23,363.4175720214844,615.0,621.0,610.0,621.0,52000
2001-04-24,368.1450805664063,623.0,630.0,615.0,615.0,34000
2001-04-25,364.0086669921875,616.0,622.0,611.0,620.0,27000
2001-04-26,364.0086669921875,616.0,622.0,611.0,620.0,27000
2001-04-27,374.6452331542969,634.0,635.0,623.0,630.0,101000
2001-04-30,374.6452331542969,634.0,634.0,634.0,634.0,0
2001-05-01,384.0999755859375,650.0,650.0,633.0,634.0,92000
2001-05-02,381.7362976074219,646.0,650.0,636.0,650.0,45000
2001-05-03,381.7362976074219,646.0,646.0,646.0,646.0,0
2001-05-04,381.7362976074219,646.0,646.0,646.0,646.0,0
2001-05-07,377.0088806152344,638.0,650.0,636.0,646.0,300
2001-05-08,375.8269958496094,636.0,638.0,630.0,630.0,300
2001-05-09,368.7360534667969,624.0,631.0,621.0,631.0,200
2001-05-10,369.3269348144531,625.0,625.0,621.0,621.0,80
2001-05-11,364.0086669921875,616.0,629.0,616.0,621.0,100
2001-05-14,363.4175720214844,615.0,636.0,611.0,636.0,100
2001-05-15,371.09967041015625,628.0,628.0,615.0,615.0,22000
2001-05-16,361.0539245605469,611.0,618.0,611.0,615.0,31000
2001-05-17,383.5090637207031,649.0,649.0,611.0,625.0,87000
2001-05-18,382.3273315429688,647.0,650.0,639.0,649.0,204000
2001-05-21,375.2360534667969,635.0,640.0,635.0,637.0,30000
2001-05-22,382.9180908203125,648.0,653.0,645.0,646.0,173000
2001-05-23,389.4183044433594,659.0,665.0,652.0,652.0,180000
2001-05-24,384.0999755859375,650.0,659.0,649.0,659.0,56000
2001-05-25,388.2363586425781,657.0,659.0,655.0,659.0,38000
2001-05-28,395.3276062011719,669.0,675.0,667.0,667.0,120000
2001-05-29,397.100341796875,672.0,673.0,660.0,670.0,139000
2001-05-30,394.1457214355469,667.0,670.0,658.0,670.0,115000
2001-05-31,384.6908264160156,651.0,660.0,640.0,640.0,73000
2001-06-01,384.6908264160156,651.0,660.0,635.0,635.0,68000
2001-06-04,390.00921630859375,660.0,665.0,653.0,653.0,86000
2001-06-05,386.4636535644531,654.0,664.0,654.0,664.0,35000
2001-06-06,378.1907348632813,640.0,655.0,640.0,655.0,32000
2001-06-07,384.6908264160156,651.0,653.0,644.0,647.0,25000
2001-06-08,392.9638366699219,665.0,665.0,651.0,651.0,146000
2001-06-11,390.60009765625,661.0,665.0,661.0,664.0,52000
2001-06-12,385.8727111816406,653.0,660.0,650.0,659.0,64000
2001-06-13,383.5090637207031,649.0,650.0,644.0,650.0,35000
2001-06-14,379.3727416992188,642.0,649.0,641.0,643.0,39000
2001-06-15,372.2815246582031,630.0,639.0,627.0,632.0,59000
2001-06-18,378.1907348632813,640.0,640.0,627.0,627.0,38000
2001-06-19,375.2360534667969,635.0,640.0,630.0,630.0,38000
2001-06-20,377.5998229980469,639.0,640.0,629.0,634.0,35000
2001-06-21,378.1907348632813,640.0,641.0,638.0,639.0,37000
2001-06-22,392.3728332519531,664.0,664.0,634.0,643.0,75000
2001-06-25,395.3276062011719,669.0,669.0,658.0,658.0,103000
2001-06-26,395.9184875488281,670.0,670.0,664.0,670.0,107000
2001-06-27,392.9638366699219,665.0,666.0,659.0,660.0,29000
2001-06-28,384.0999755859375,650.0,660.0,641.0,655.0,36000
2001-06-29,386.4636535644531,654.0,658.0,647.0,658.0,55000
2001-07-02,383.5090637207031,649.0,660.0,649.0,660.0,39000
2001-07-03,383.5090637207031,649.0,650.0,639.0,650.0,14000
2001-07-04,379.3727416992188,642.0,644.0,642.0,643.0,27000
2001-07-05,380.5544738769531,644.0,647.0,640.0,641.0,17000
2001-07-06,381.1455383300781,645.0,649.0,632.0,649.0,86000
2001-07-09,374.0542297363281,633.0,640.0,633.0,635.0,66000
2001-07-10,383.5090637207031,649.0,649.0,635.0,635.0,59000
2001-07-11,377.0088806152344,638.0,638.0,630.0,635.0,37000
2001-07-12,375.2360534667969,635.0,648.0,632.0,632.0,29000
2001-07-13,378.1907348632813,640.0,640.0,631.0,635.0,55000
2001-07-16,377.5998229980469,639.0,650.0,632.0,640.0,96000
2001-07-17,369.3269348144531,625.0,630.0,625.0,630.0,13000
2001-07-18,361.6448974609375,612.0,625.0,612.0,615.0,60000
2001-07-19,365.1904296875,618.0,618.0,611.0,611.0,34000
2001-07-20,365.1904296875,618.0,618.0,618.0,618.0,0
2001-07-23,358.0994873046875,606.0,614.0,601.0,614.0,79000
2001-07-24,353.9628601074219,599.0,604.0,597.0,600.0,108000
2001-07-25,356.9175109863281,604.0,605.0,597.0,598.0,57000
2001-07-26,357.5084533691406,605.0,612.0,600.0,612.0,52000
2001-07-27,361.6448974609375,612.0,612.0,605.0,610.0,20000
2001-07-30,347.4627380371094,588.0,610.0,586.0,602.0,36000
2001-07-31,354.5539245605469,600.0,606.0,598.0,598.0,30000
2001-08-01,369.3269348144531,625.0,625.0,602.0,610.0,32000
2001-08-02,371.6905822753906,629.0,635.0,611.0,611.0,31000
2001-08-03,360.463134765625,610.0,629.0,610.0,624.0,31000
2001-08-06,360.463134765625,610.0,611.0,607.0,611.0,29000
2001-08-07,358.6901550292969,607.0,607.0,601.0,601.0,12000
2001-08-08,356.3265686035156,603.0,605.0,600.0,605.0,59000
2001-08-09,353.3721008300781,598.0,601.0,588.0,600.0,53000
2001-08-10,363.4175720214844,615.0,625.0,598.0,598.0,57000
2001-08-13,353.3721008300781,598.0,615.0,598.0,615.0,24000
2001-08-14,353.9628601074219,599.0,605.0,592.0,601.0,51000
2001-08-15,350.4174194335937,593.0,593.0,589.0,592.0,39000
2001-08-16,344.5082397460937,583.0,587.0,581.0,587.0,59000
2001-08-17,346.87188720703125,587.0,587.0,580.0,580.0,65000
2001-08-20,348.64453125,590.0,590.0,580.0,587.0,99000
2001-08-21,349.2355041503906,591.0,591.0,581.0,581.0,24000
2001-08-22,346.2809143066406,586.0,587.0,580.0,582.0,25000
2001-08-23,346.2809143066406,586.0,586.0,581.0,582.0,23000
2001-08-24,343.3264465332031,581.0,595.0,581.0,595.0,44000
2001-08-27,348.64453125,590.0,600.0,590.0,600.0,24000
2001-08-28,345.6900329589844,585.0,585.0,570.0,583.0,29000
2001-08-29,338.59893798828125,573.0,579.0,573.0,575.0,19000
2001-08-30,329.1441345214844,557.0,573.0,552.0,573.0,24000
2001-08-31,328.5532531738281,556.0,565.0,552.0,555.0,62000
2001-09-03,319.0984802246094,540.0,553.0,540.0,552.0,41000
2001-09-04,325.0076904296875,550.0,550.0,535.0,540.0,29000
2001-09-05,313.18927001953125,530.0,541.0,530.0,530.0,61000
2001-09-06,316.73486328125,536.0,536.0,530.0,530.0,12000
2001-09-07,313.18927001953125,530.0,541.0,530.0,541.0,29000
2001-09-10,313.7802124023437,531.0,541.0,521.0,530.0,37000
2001-09-11,317.91656494140625,538.0,538.0,526.0,526.0,32000
2001-09-12,299.0071105957031,506.0,520.0,505.0,520.0,95000
2001-09-13,301.9617919921875,511.0,512.0,500.0,507.0,123000
2001-09-14,303.7344970703125,514.0,533.0,505.0,531.0,199000
2001-09-17,302.5525817871094,512.0,512.0,502.0,508.0,70000
2001-09-18,296.052490234375,501.0,511.0,500.0,502.0,188000
2001-09-19,301.3706970214844,510.0,511.0,501.0,504.0,119000
2001-09-20,302.5525817871094,512.0,512.0,503.0,510.0,65000
2001-09-21,298.41619873046875,505.0,522.0,501.0,522.0,91000
2001-09-24,298.41619873046875,505.0,505.0,505.0,505.0,0
2001-09-25,306.3439636230469,512.0,524.0,500.0,524.0,49000
2001-09-26,305.7457275390625,511.0,515.0,505.0,505.0,26000
2001-09-27,299.1640319824219,500.0,513.0,495.0,504.0,97000
2001-09-28,299.1640319824219,500.0,500.0,500.0,500.0,0
2001-10-01,302.75408935546875,506.0,507.0,502.0,504.0,105000
2001-10-02,307.54071044921875,514.0,530.0,510.0,516.0,112000
2001-10-03,308.7373046875,516.0,525.0,515.0,525.0,117000
2001-10-04,308.7373046875,516.0,519.0,511.0,516.0,82000
2001-10-05,303.95074462890625,508.0,515.0,508.0,509.0,184000
2001-10-08,303.95074462890625,508.0,508.0,508.0,508.0,0
2001-10-09,302.1556701660156,505.0,508.0,500.0,508.0,83000
2001-10-10,294.37750244140625,492.0,505.0,492.0,505.0,143000
2001-10-11,296.17236328125,495.0,496.0,489.0,493.0,176000
2001-10-12,305.1473083496094,510.0,510.0,496.0,500.0,236000
2001-10-15,301.557373046875,504.0,508.0,496.0,508.0,114000
2001-10-16,302.1556701660156,505.0,508.0,504.0,504.0,72000
2001-10-17,299.1640319824219,500.0,504.0,497.0,504.0,130000
2001-10-18,301.557373046875,504.0,504.0,497.0,498.0,56000
2001-10-19,299.1640319824219,500.0,500.0,498.0,500.0,65000
2001-10-22,299.1640319824219,500.0,500.0,498.0,500.0,33000
2001-10-23,304.549072265625,509.0,509.0,504.0,504.0,25000
2001-10-24,312.9256591796875,523.0,524.0,509.0,509.0,47000
2001-10-25,312.32733154296875,522.0,526.0,520.0,525.0,78000
2001-10-26,315.91729736328125,528.0,539.0,523.0,539.0,70000
2001-10-29,315.91729736328125,528.0,538.0,525.0,538.0,63000
2001-10-30,312.9256591796875,523.0,526.0,512.0,520.0,69000
2001-10-31,302.75408935546875,506.0,516.0,505.0,512.0,76000
2001-11-01,304.549072265625,509.0,510.0,501.0,501.0,68000
2001-11-02,316.5156555175781,529.0,531.0,510.0,510.0,85000
2001-11-05,311.130615234375,520.0,520.0,510.0,512.0,87000
2001-11-06,305.7457275390625,511.0,520.0,511.0,520.0,35000
2001-11-07,300.3607177734375,502.0,512.0,502.0,510.0,50000
2001-11-08,309.9339904785156,518.0,522.0,516.0,522.0,66000
2001-11-09,309.9339904785156,518.0,518.0,518.0,518.0,0
2001-11-12,318.9088439941406,533.0,535.0,525.0,525.0,85000
2001-11-13,311.7288818359375,521.0,533.0,520.0,533.0,24000
2001-11-14,312.32733154296875,522.0,523.0,521.0,521.0,18000
2001-11-15,317.1139831542969,530.0,530.0,518.0,519.0,42000
2001-11-16,320.1055603027344,535.0,535.0,528.0,530.0,75000
2001-11-19,327.8838806152344,548.0,549.0,534.0,534.0,76000
2001-11-20,324.8921203613281,543.0,550.0,543.0,545.0,59000
2001-11-21,321.90045166015625,538.0,542.0,533.0,540.0,46000
2001-11-22,317.1139831542969,530.0,539.0,518.0,539.0,68000
2001-11-23,317.1139831542969,530.0,530.0,530.0,530.0,0
2001-11-26,333.2686767578125,557.0,560.0,549.0,549.0,110000
2001-11-27,328.4821472167969,549.0,556.0,545.0,556.0,18000
2001-11-28,323.0972595214844,540.0,549.0,538.0,549.0,27000
2001-11-29,324.2938232421875,542.0,544.0,531.0,531.0,40000
2001-11-30,318.3105773925781,532.0,550.0,532.0,543.0,36000
2001-12-03,315.31890869140625,527.0,538.0,527.0,532.0,29000
2001-12-04,323.0972595214844,540.0,541.0,535.0,537.0,57000
2001-12-05,330.8754272460937,553.0,553.0,546.0,550.0,48000
2001-12-06,335.06378173828125,560.0,560.0,554.0,557.0,39000
2001-12-07,334.46551513671875,559.0,567.0,549.0,559.0,132000
2001-12-10,330.8754272460937,553.0,560.0,552.0,560.0,50000
2001-12-11,318.3105773925781,532.0,534.0,531.0,531.0,36000
2001-12-12,316.5156555175781,529.0,542.0,526.0,542.0,60000
2001-12-13,310.5323791503906,519.0,537.0,506.0,530.0,124000
2001-12-14,298.5658264160156,499.0,509.0,497.0,509.0,176000
2001-12-17,305.7457275390625,511.0,517.0,499.0,501.0,54000
2001-12-18,311.130615234375,520.0,525.0,519.0,521.0,96000
2001-12-19,302.1556701660156,505.0,516.0,505.0,505.0,42000
2001-12-20,304.549072265625,509.0,515.0,500.0,511.0,49000
2001-12-21,306.9423217773437,513.0,514.0,505.0,509.0,22000
2001-12-24,306.9423217773437,513.0,513.0,513.0,513.0,0
2001-12-25,309.3356018066406,517.0,519.0,510.0,519.0,25000
2001-12-26,302.1556701660156,505.0,518.0,505.0,518.0,55000
2001-12-27,298.5658264160156,499.0,503.0,498.0,502.0,45000
2001-12-28,311.130615234375,520.0,520.0,504.0,504.0,23000
2001-12-31,311.130615234375,520.0,520.0,520.0,520.0,0
2002-01-01,311.130615234375,520.0,520.0,520.0,520.0,0
2002-01-02,311.130615234375,520.0,520.0,520.0,520.0,0
2002-01-03,311.130615234375,520.0,520.0,520.0,520.0,0
2002-01-04,311.130615234375,520.0,520.0,510.0,510.0,7000
2002-01-07,306.9423217773437,513.0,520.0,513.0,520.0,45000
2002-01-08,307.54071044921875,514.0,515.0,509.0,513.0,26000
2002-01-09,300.9590759277344,503.0,510.0,503.0,507.0,36000
2002-01-10,299.762451171875,501.0,505.0,500.0,503.0,47000
2002-01-11,296.17236328125,495.0,501.0,495.0,501.0,110000
2002-01-14,296.17236328125,495.0,495.0,495.0,495.0,0
2002-01-15,294.37750244140625,492.0,495.0,490.0,495.0,33000
2002-01-16,299.1640319824219,500.0,500.0,492.0,500.0,38000
2002-01-17,295.5740661621094,494.0,501.0,494.0,501.0,31000
2002-01-18,302.1556701660156,505.0,505.0,494.0,495.0,40000
2002-01-21,312.9256591796875,523.0,525.0,505.0,515.0,101000
2002-01-22,309.3356018066406,517.0,524.0,515.0,524.0,57000
2002-01-23,309.3356018066406,517.0,523.0,517.0,520.0,39000
2002-01-24,310.5323791503906,519.0,521.0,516.0,517.0,48000
2002-01-25,311.130615234375,520.0,520.0,504.0,504.0,58000
2002-01-28,314.1222839355469,525.0,528.0,512.0,525.0,45000
2002-01-29,309.9339904785156,518.0,525.0,515.0,525.0,21000
2002-01-30,311.130615234375,520.0,520.0,508.0,508.0,47000
2002-01-31,311.130615234375,520.0,520.0,520.0,520.0,0
2002-02-01,314.1222839355469,525.0,530.0,525.0,525.0,47000
2002-02-04,315.31890869140625,527.0,528.0,525.0,525.0,30000
2002-02-05,314.1222839355469,525.0,526.0,523.0,525.0,55000
2002-02-06,314.7206420898437,526.0,528.0,521.0,525.0,42000
2002-02-07,317.1139831542969,530.0,532.0,519.0,526.0,81000
2002-02-08,317.1139831542969,530.0,530.0,525.0,525.0,65000
2002-02-11,317.1139831542969,530.0,530.0,530.0,530.0,0
2002-02-12,324.8921203613281,543.0,544.0,535.0,535.0,59000
2002-02-13,328.4821472167969,549.0,550.0,540.0,543.0,88000
2002-02-14,323.6955261230469,541.0,549.0,529.0,529.0,52000
2002-02-15,318.9088439941406,533.0,541.0,532.0,532.0,47000
2002-02-18,322.4988098144531,539.0,539.0,526.0,526.0,69000
2002-02-19,321.90045166015625,538.0,539.0,529.0,539.0,56000
2002-02-20,321.90045166015625,538.0,538.0,537.0,538.0,33000
2002-02-21,323.0972595214844,540.0,540.0,533.0,538.0,35000
2002-02-22,326.0888061523437,545.0,548.0,541.0,548.0,34000
2002-02-25,325.4906311035156,544.0,547.0,540.0,545.0,20000
2002-02-26,328.4821472167969,549.0,549.0,525.0,549.0,68000
2002-02-27,328.4821472167969,549.0,549.0,541.0,547.0,55000
2002-02-28,332.0720520019531,555.0,555.0,546.0,550.0,65000
2002-03-01,331.47381591796875,554.0,556.0,549.0,555.0,42000
2002-03-04,341.0470275878906,570.0,570.0,555.0,555.0,74000
2002-03-05,342.84197998046875,573.0,574.0,550.0,550.0,53000
2002-03-06,339.2520446777344,567.0,572.0,566.0,572.0,46000
2002-03-07,340.44873046875,569.0,575.0,567.0,570.0,61000
2002-03-08,338.05535888671875,565.0,569.0,539.0,539.0,155000
2002-03-11,335.66217041015625,561.0,575.0,545.0,545.0,77000
2002-03-12,326.6872253417969,546.0,563.0,546.0,562.0,29000
2002-03-13,317.1139831542969,530.0,547.0,530.0,547.0,56000
2002-03-14,317.7121887207031,531.0,537.0,531.0,531.0,32000
2002-03-15,326.6872253417969,546.0,546.0,531.0,531.0,27000
2002-03-18,326.0888061523437,545.0,550.0,540.0,548.0,18000
2002-03-19,331.47381591796875,554.0,555.0,540.0,555.0,81000
2002-03-20,338.6537475585937,566.0,566.0,555.0,564.0,114000
2002-03-21,338.6537475585937,566.0,566.0,566.0,566.0,0
2002-03-22,333.2686767578125,557.0,566.0,557.0,566.0,46000
2002-03-25,333.8671569824219,558.0,578.0,557.0,577.0,94000
2002-03-26,340.0693664550781,562.0,562.0,554.0,554.0,35000
2002-03-27,342.4898986816406,566.0,590.0,562.0,562.0,94000
2002-03-28,363.0634765625,600.0,600.0,575.0,586.0,186000
2002-03-29,345.5154113769531,571.0,595.0,570.0,570.0,32000
2002-04-01,336.4388427734375,556.0,591.0,555.0,591.0,19000
2002-04-02,344.9102478027344,570.0,571.0,556.0,556.0,9000
2002-04-03,349.7510986328125,578.0,578.0,562.0,562.0,30000
2002-04-04,344.9102478027344,570.0,578.0,561.0,578.0,48000
2002-04-05,341.2796936035156,564.0,580.0,559.0,560.0,78000
2002-04-08,338.85919189453125,560.0,569.0,544.0,544.0,61000
2002-04-09,332.80816650390625,550.0,561.0,549.0,553.0,72000
2002-04-10,337.6490478515625,558.0,561.0,551.0,551.0,29000
2002-04-11,334.01837158203125,552.0,560.0,552.0,558.0,23000
2002-04-12,335.2285461425781,554.0,572.0,553.0,572.0,54000
2002-04-15,336.4388427734375,556.0,556.0,549.0,550.0,13000
2002-04-16,341.8847351074219,565.0,565.0,556.0,556.0,19000
2002-04-17,340.0693664550781,562.0,570.0,560.0,560.0,35000
2002-04-18,342.4898986816406,566.0,576.0,563.0,563.0,29000
2002-04-19,350.9613037109375,580.0,580.0,574.0,574.0,37000
2002-04-22,350.35626220703125,579.0,579.0,572.0,579.0,17000
2002-04-23,345.5154113769531,571.0,579.0,566.0,566.0,17000
2002-04-24,342.4898986816406,566.0,575.0,566.0,573.0,29000
2002-04-25,344.9102478027344,570.0,573.0,567.0,567.0,19000
2002-04-26,350.9613037109375,580.0,580.0,574.0,580.0,67000
2002-04-29,350.9613037109375,580.0,580.0,580.0,580.0,0
2002-04-30,335.8336181640625,555.0,565.0,554.0,565.0,36000
2002-05-01,330.9927673339844,547.0,554.0,545.0,551.0,76000
2002-05-02,344.9102478027344,570.0,570.0,547.0,547.0,47000
2002-05-03,344.9102478027344,570.0,570.0,570.0,570.0,0
2002-05-06,344.9102478027344,570.0,570.0,570.0,570.0,0
2002-05-07,343.70001220703125,568.0,571.0,568.0,570.0,44000
2002-05-08,333.4132995605469,551.0,569.0,550.0,568.0,31000
2002-05-09,335.2285461425781,554.0,560.0,554.0,554.0,17000
2002-05-10,336.4388427734375,556.0,559.0,554.0,554.0,24000
2002-05-13,329.7825622558594,545.0,555.0,545.0,546.0,15000
2002-05-14,331.5979309082031,548.0,550.0,544.0,549.0,12000
2002-05-15,327.3622131347656,541.0,548.0,541.0,544.0,34000
2002-05-16,330.9927673339844,547.0,548.0,530.0,534.0,192000
2002-05-17,327.3622131347656,541.0,558.0,541.0,557.0,78000
2002-05-20,329.1776123046875,544.0,550.0,540.0,540.0,42000
2002-05-21,329.7825622558594,545.0,548.0,541.0,548.0,15000
2002-05-22,328.5724792480469,543.0,547.0,541.0,541.0,40000
2002-05-23,334.01837158203125,552.0,555.0,543.0,543.0,100000
2002-05-24,340.6744689941406,563.0,566.0,555.0,566.0,75000
2002-05-27,332.80816650390625,550.0,573.0,550.0,570.0,63000
2002-05-28,332.80816650390625,550.0,555.0,549.0,551.0,50000
2002-05-29,327.3622131347656,541.0,549.0,541.0,545.0,60000
2002-05-30,327.3622131347656,541.0,545.0,540.0,542.0,81000
2002-05-31,323.73162841796875,535.0,541.0,535.0,538.0,36000
2002-06-03,327.9671936035156,542.0,545.0,535.0,537.0,36000
2002-06-04,332.203125,549.0,549.0,543.0,544.0,55000
2002-06-05,325.5468444824219,538.0,541.0,538.0,540.0,31000
2002-06-06,320.7060852050781,530.0,540.0,530.0,540.0,53000
2002-06-07,322.5213623046875,533.0,533.0,530.0,531.0,27000
2002-06-10,320.7060852050781,530.0,535.0,530.0,534.0,37000
2002-06-11,322.5213623046875,533.0,534.0,531.0,531.0,23000
2002-06-12,321.3111267089844,531.0,538.0,530.0,538.0,27000
2002-06-13,320.7060852050781,530.0,535.0,530.0,532.0,33000
2002-06-14,320.7060852050781,530.0,533.0,530.0,530.0,182000
2002-06-17,308.60400390625,510.0,530.0,510.0,530.0,98000
2002-06-18,313.4447326660156,518.0,525.0,515.0,520.0,72000
2002-06-19,302.5528259277344,500.0,520.0,500.0,517.0,58000
2002-06-20,314.0499267578125,519.0,519.0,502.0,502.0,23000
2002-06-21,304.3681945800781,503.0,510.0,503.0,505.0,38000
2002-06-24,306.1834411621094,506.0,514.0,504.0,504.0,53000
2002-06-25,312.2344970703125,516.0,516.0,508.0,508.0,29000
2002-06-26,306.7886047363281,507.0,520.0,506.0,520.0,47000
2002-06-27,304.3681945800781,503.0,506.0,503.0,506.0,63000
2002-06-28,304.97332763671875,504.0,510.0,504.0,509.0,153000
2002-07-01,306.1834411621094,506.0,510.0,506.0,506.0,23000
2002-07-02,309.2090759277344,511.0,513.0,505.0,507.0,57000
2002-07-03,311.0243530273437,514.0,519.0,511.0,512.0,31000
2002-07-04,308.60400390625,510.0,513.0,508.0,512.0,33000
2002-07-05,307.39373779296875,508.0,518.0,508.0,518.0,101000
2002-07-08,306.1834411621094,506.0,515.0,506.0,513.0,69000
2002-07-09,311.0243530273437,514.0,514.0,503.0,505.0,118000
2002-07-10,309.81414794921875,512.0,520.0,510.0,511.0,56000
2002-07-11,306.1834411621094,506.0,512.0,506.0,512.0,22000
2002-07-12,306.7886047363281,507.0,510.0,505.0,508.0,22000
2002-07-15,304.97332763671875,504.0,510.0,504.0,510.0,35000
2002-07-16,299.5272521972656,495.0,504.0,495.0,501.0,96000
2002-07-17,300.1324157714844,496.0,496.0,491.0,496.0,63000
2002-07-18,299.5272521972656,495.0,500.0,495.0,496.0,52000
2002-07-19,300.1324157714844,496.0,500.0,496.0,498.0,25000
2002-07-22,298.3171081542969,493.0,500.0,492.0,496.0,91000
2002-07-23,301.3426513671875,498.0,498.0,492.0,493.0,42000
2002-07-24,297.7120361328125,492.0,495.0,492.0,493.0,30000
2002-07-25,303.1579895019531,501.0,501.0,494.0,498.0,56000
2002-07-26,294.0813903808594,486.0,507.0,486.0,507.0,130000
2002-07-29,314.6549987792969,520.0,520.0,491.0,491.0,134000
2002-07-30,306.7886047363281,507.0,515.0,507.0,515.0,38000
2002-07-31,307.39373779296875,508.0,508.0,501.0,501.0,18000
2002-08-01,303.1579895019531,501.0,506.0,501.0,501.0,21000
2002-08-02,302.5528259277344,500.0,507.0,500.0,502.0,32000
2002-08-05,298.3171081542969,493.0,493.0,487.0,490.0,24000
2002-08-06,294.0813903808594,486.0,490.0,485.0,490.0,49000
2002-08-07,294.6864929199219,487.0,493.0,487.0,487.0,40000
2002-08-08,297.7120361328125,492.0,492.0,488.0,489.0,43000
2002-08-09,302.5528259277344,500.0,502.0,495.0,502.0,46000
2002-08-12,299.5272521972656,495.0,502.0,495.0,500.0,27000
2002-08-13,299.5272521972656,495.0,500.0,495.0,495.0,27000
2002-08-14,303.1579895019531,501.0,501.0,495.0,495.0,28000
2002-08-15,303.7631225585937,502.0,505.0,501.0,501.0,30000
2002-08-16,309.81414794921875,512.0,512.0,504.0,512.0,51000
2002-08-19,301.9478454589844,499.0,510.0,498.0,510.0,33000
2002-08-20,308.60400390625,510.0,510.0,501.0,502.0,47000
2002-08-21,305.5784606933594,505.0,510.0,501.0,510.0,48000
2002-08-22,304.97332763671875,504.0,509.0,503.0,505.0,50000
2002-08-23,304.97332763671875,504.0,504.0,504.0,504.0,0
2002-08-26,312.83966064453125,517.0,517.0,507.0,510.0,92000
2002-08-27,307.39373779296875,508.0,515.0,508.0,515.0,39000
2002-08-28,307.99884033203125,509.0,515.0,505.0,505.0,101000
2002-08-29,304.97332763671875,504.0,513.0,502.0,513.0,65000
2002-08-30,306.7886047363281,507.0,507.0,498.0,504.0,69000
2002-09-02,302.5528259277344,500.0,504.0,498.0,498.0,38000
2002-09-03,291.66094970703125,482.0,500.0,482.0,500.0,68000
2002-09-04,288.0303649902344,476.0,481.0,475.0,476.0,78000
2002-09-05,293.476318359375,485.0,489.0,476.0,481.0,49000
2002-09-06,290.4508361816406,480.0,480.0,476.0,477.0,27000
2002-09-09,289.8456420898437,479.0,482.0,476.0,480.0,50000
2002-09-10,296.5017395019531,490.0,490.0,479.0,479.0,52000
2002-09-11,295.89678955078125,489.0,493.0,486.0,488.0,54000
2002-09-12,294.0813903808594,486.0,490.0,481.0,489.0,53000
2002-09-13,292.2660217285156,483.0,483.0,477.0,481.0,166000
2002-09-16,292.2660217285156,483.0,483.0,483.0,483.0,0
2002-09-17,299.5272521972656,495.0,495.0,483.0,483.0,65000
2002-09-18,299.5272521972656,495.0,495.0,485.0,495.0,80000
2002-09-19,300.1324157714844,496.0,500.0,495.0,495.0,56000
2002-09-20,301.9478454589844,499.0,499.0,494.0,495.0,54000
2002-09-23,301.9478454589844,499.0,499.0,499.0,499.0,0
2002-09-24,302.5528259277344,500.0,504.0,490.0,504.0,85000
2002-09-25,292.9017944335937,478.0,488.0,473.0,484.0,65000
2002-09-26,294.1273498535156,480.0,489.0,480.0,480.0,53000
2002-09-27,299.64227294921875,489.0,489.0,485.0,485.0,51000
2002-09-30,294.1273498535156,480.0,486.0,480.0,480.0,25000
2002-10-01,291.67626953125,476.0,483.0,476.0,480.0,42000
2002-10-02,288.61248779296875,471.0,485.0,470.0,481.0,62000
2002-10-03,291.0634765625,475.0,480.0,474.0,474.0,44000
2002-10-04,281.87213134765625,460.0,470.0,459.0,470.0,85000
2002-10-07,272.6806335449219,445.0,460.0,445.0,460.0,89000
2002-10-08,268.39111328125,438.0,448.0,438.0,444.0,56000
2002-10-09,264.1018981933594,431.0,443.0,430.0,440.0,58000
2002-10-10,256.13592529296875,418.0,430.0,416.0,430.0,70000
2002-10-11,263.4890441894531,430.0,432.0,423.0,423.0,78000
2002-10-14,263.4890441894531,430.0,430.0,430.0,430.0,0
2002-10-15,277.5826416015625,453.0,453.0,442.0,442.0,38000
2002-10-16,278.1955261230469,454.0,471.0,454.0,468.0,67000
2002-10-17,286.1614074707031,467.0,468.0,455.0,455.0,64000
2002-10-18,284.3230285644531,464.0,472.0,464.0,467.0,25000
2002-10-21,287.9996643066406,470.0,473.0,465.0,465.0,38000
2002-10-22,277.5826416015625,453.0,470.0,453.0,470.0,33000
2002-10-23,282.4848022460937,461.0,463.0,448.0,453.0,42000
2002-10-24,274.5187683105469,448.0,465.0,447.0,465.0,31000
2002-10-25,287.3868408203125,469.0,469.0,458.0,458.0,54000
2002-10-28,282.4848022460937,461.0,474.0,458.0,474.0,61000
2002-10-29,282.4848022460937,461.0,463.0,455.0,461.0,46000
2002-10-30,281.87213134765625,460.0,460.0,454.0,460.0,65000
2002-10-31,271.455078125,443.0,453.0,442.0,450.0,31000
2002-11-01,276.3572082519531,451.0,451.0,443.0,443.0,36000
2002-11-04,276.3572082519531,451.0,451.0,451.0,451.0,0
2002-11-05,281.87213134765625,460.0,460.0,455.0,455.0,38000
2002-11-06,281.2592468261719,459.0,462.0,459.0,460.0,47000
2002-11-07,280.03375244140625,457.0,459.0,455.0,458.0,41000
2002-11-08,275.744384765625,450.0,455.0,449.0,451.0,38000
2002-11-11,270.22955322265625,441.0,450.0,441.0,450.0,31000
2002-11-12,269.61676025390625,440.0,441.0,430.0,441.0,37000
2002-11-13,266.5530090332031,435.0,435.0,430.0,435.0,31000
2002-11-14,260.4252624511719,425.0,433.0,425.0,433.0,43000
2002-11-15,261.6508178710937,427.0,430.0,422.0,425.0,66000
2002-11-18,259.1997375488281,423.0,427.0,419.0,427.0,42000
2002-11-19,238.9784545898437,390.0,418.0,388.0,418.0,61000
2002-11-20,241.42958068847656,394.0,399.0,380.0,380.0,80000
2002-11-21,250.00831604003903,408.0,408.0,394.0,394.0,71000
2002-11-22,248.7826385498047,406.0,409.0,401.0,404.0,78000
2002-11-25,259.1997375488281,423.0,423.0,406.0,406.0,72000
2002-11-26,261.6508178710937,427.0,433.0,424.0,433.0,83000
2002-11-27,259.1997375488281,423.0,429.0,423.0,423.0,37000
2002-11-28,261.0380859375,426.0,430.0,425.0,429.0,41000
2002-11-29,269.61676025390625,440.0,440.0,425.0,426.0,44000
2002-12-02,269.61676025390625,440.0,440.0,440.0,440.0,0
2002-12-03,262.87628173828125,429.0,433.0,426.0,428.0,41000
2002-12-04,251.2336883544922,410.0,419.0,410.0,416.0,65000
2002-12-05,257.97418212890625,421.0,423.0,410.0,410.0,41000
2002-12-06,256.13592529296875,418.0,426.0,413.0,426.0,103000
2002-12-09,251.2336883544922,410.0,416.0,410.0,415.0,74000
2002-12-10,255.5231170654297,417.0,419.0,411.0,414.0,94000
2002-12-11,249.3954620361328,407.0,414.0,407.0,412.0,70000
2002-12-12,248.1700897216797,405.0,414.0,403.0,409.0,65000
2002-12-13,243.26779174804688,397.0,405.0,397.0,401.0,159000
2002-12-16,238.9784545898437,390.0,396.0,390.0,394.0,71000
2002-12-17,239.5912322998047,391.0,399.0,390.0,391.0,77000
2002-12-18,234.6890411376953,383.0,395.0,381.0,390.0,113000
2002-12-19,235.30191040039065,384.0,388.0,381.0,383.0,116000
2002-12-20,238.9784545898437,390.0,392.0,384.0,384.0,132000
2002-12-23,238.9784545898437,390.0,390.0,390.0,390.0,0
2002-12-24,239.5912322998047,391.0,395.0,387.0,390.0,133000
2002-12-25,245.71881103515625,401.0,401.0,391.0,391.0,127000
2002-12-26,252.45928955078125,412.0,414.0,406.0,411.0,96000
2002-12-27,258.58697509765625,422.0,422.0,410.0,412.0,57000
2002-12-30,259.1997375488281,423.0,425.0,419.0,420.0,46000
2002-12-31,259.1997375488281,423.0,423.0,423.0,423.0,0
2003-01-01,259.1997375488281,423.0,423.0,423.0,423.0,0
2003-01-02,259.1997375488281,423.0,423.0,423.0,423.0,0
2003-01-03,259.1997375488281,423.0,423.0,423.0,423.0,0
2003-01-06,269.00390625,439.0,439.0,423.0,423.0,29000
2003-01-07,263.4890441894531,430.0,449.0,425.0,449.0,44000
2003-01-08,262.2636108398437,428.0,430.0,426.0,429.0,45000
2003-01-09,262.2636108398437,428.0,428.0,418.0,418.0,36000
2003-01-10,265.3274230957031,433.0,435.0,423.0,428.0,49000
2003-01-13,265.3274230957031,433.0,433.0,433.0,433.0,0
2003-01-14,264.1018981933594,431.0,431.0,422.0,428.0,57000
2003-01-15,264.1018981933594,431.0,436.0,429.0,431.0,91000
2003-01-16,272.6806335449219,445.0,446.0,430.0,432.0,65000
2003-01-17,270.84234619140625,442.0,450.0,442.0,445.0,42000
2003-01-20,276.3572082519531,451.0,451.0,442.0,442.0,37000
2003-01-21,276.9700012207031,452.0,453.0,450.0,451.0,45000
2003-01-22,277.5826416015625,453.0,456.0,452.0,452.0,34000
2003-01-23,276.3572082519531,451.0,455.0,450.0,453.0,44000
2003-01-24,278.1955261230469,454.0,456.0,450.0,451.0,62000
2003-01-27,278.1955261230469,454.0,456.0,454.0,454.0,20000
2003-01-28,274.5187683105469,448.0,452.0,446.0,449.0,37000
2003-01-29,265.3274230957031,433.0,447.0,433.0,447.0,33000
2003-01-30,264.1018981933594,431.0,434.0,430.0,434.0,34000
2003-01-31,256.13592529296875,418.0,431.0,418.0,431.0,45000
2003-02-03,269.00390625,439.0,443.0,410.0,410.0,66000
2003-02-04,268.39111328125,438.0,441.0,438.0,439.0,34000
2003-02-05,268.39111328125,438.0,443.0,435.0,438.0,64000
2003-02-06,267.7784118652344,437.0,441.0,433.0,433.0,46000
2003-02-07,271.455078125,443.0,443.0,437.0,438.0,44000
2003-02-10,273.906005859375,447.0,448.0,436.0,443.0,46000
2003-02-11,273.906005859375,447.0,447.0,447.0,447.0,0
2003-02-12,273.2933044433594,446.0,452.0,446.0,448.0,36000
2003-02-13,275.744384765625,450.0,456.0,445.0,446.0,46000
2003-02-14,274.5187683105469,448.0,450.0,442.0,445.0,67000
2003-02-17,278.8081359863281,455.0,459.0,453.0,454.0,41000
2003-02-18,286.774169921875,468.0,468.0,455.0,455.0,101000
2003-02-19,286.1614074707031,467.0,478.0,467.0,477.0,51000
2003-02-20,285.5486145019531,466.0,466.0,455.0,465.0,71000
2003-02-21,281.2592468261719,459.0,467.0,459.0,466.0,41000
2003-02-24,280.03375244140625,457.0,461.0,457.0,460.0,34000
2003-02-25,272.0678100585937,444.0,451.0,444.0,450.0,74000
2003-02-26,272.0678100585937,444.0,449.0,444.0,445.0,63000
2003-02-27,274.5187683105469,448.0,448.0,442.0,443.0,61000
2003-02-28,270.22955322265625,441.0,448.0,441.0,448.0,23000
2003-03-03,273.906005859375,447.0,450.0,440.0,440.0,32000
2003-03-04,286.774169921875,468.0,470.0,452.0,457.0,91000
2003-03-05,282.4848022460937,461.0,468.0,461.0,468.0,56000
2003-03-06,284.9358825683594,465.0,469.0,463.0,463.0,71000
2003-03-07,276.9700012207031,452.0,464.0,444.0,463.0,64000
2003-03-10,271.455078125,443.0,449.0,439.0,449.0,32000
2003-03-11,267.7784118652344,437.0,442.0,435.0,440.0,51000
2003-03-12,268.39111328125,438.0,445.0,434.0,434.0,59000
2003-03-13,273.906005859375,447.0,447.0,438.0,438.0,43000
2003-03-14,267.1656494140625,436.0,447.0,436.0,446.0,199000
2003-03-17,273.2933044433594,446.0,450.0,433.0,436.0,92000
2003-03-18,270.22955322265625,441.0,447.0,441.0,446.0,55000
2003-03-19,267.1656494140625,436.0,440.0,436.0,440.0,48000
2003-03-20,272.0678100585937,444.0,446.0,435.0,435.0,114000
2003-03-21,272.0678100585937,444.0,444.0,444.0,444.0,0
2003-03-24,281.2592468261719,459.0,460.0,445.0,445.0,118000
2003-03-25,274.5187683105469,448.0,460.0,448.0,460.0,82000
2003-03-26,279.64569091796875,450.0,451.0,437.0,437.0,75000
2003-03-27,277.15997314453125,446.0,446.0,445.0,445.0,55000
2003-03-28,279.64569091796875,450.0,450.0,443.0,443.0,71000
2003-03-31,271.5671691894531,437.0,447.0,436.0,446.0,70000
2003-04-01,267.8384704589844,431.0,433.0,430.0,432.0,38000
2003-04-02,269.0812683105469,433.0,436.0,429.0,430.0,52000
2003-04-03,260.3812255859375,419.0,434.0,419.0,432.0,76000
2003-04-04,259.7597351074219,418.0,418.0,417.0,418.0,69000
2003-04-07,265.97418212890625,428.0,428.0,419.0,422.0,29000
2003-04-08,261.62408447265625,421.0,428.0,420.0,428.0,34000
2003-04-09,260.3812255859375,419.0,419.0,416.0,419.0,33000
2003-04-10,255.40968322753903,411.0,418.0,411.0,418.0,47000
2003-04-11,257.8955078125,415.0,415.0,409.0,412.0,76000
2003-04-14,256.652587890625,413.0,413.0,406.0,410.0,60000
2003-04-15,257.2740173339844,414.0,414.0,410.0,411.0,36000
2003-04-16,260.3812255859375,419.0,419.0,413.0,416.0,26000
2003-04-17,267.2169494628906,430.0,431.0,420.0,420.0,80000
2003-04-18,259.7597351074219,418.0,430.0,418.0,430.0,45000
2003-04-21,259.1383361816406,417.0,420.0,414.0,418.0,61000
2003-04-22,260.3812255859375,419.0,422.0,416.0,417.0,39000
2003-04-23,261.0025634765625,420.0,427.0,419.0,419.0,55000
2003-04-24,263.4884948730469,424.0,426.0,421.0,421.0,46000
2003-04-25,265.97418212890625,428.0,428.0,421.0,427.0,102000
2003-04-28,256.0310974121094,412.0,428.0,411.0,428.0,45000
2003-04-29,256.0310974121094,412.0,412.0,412.0,412.0,0
2003-04-30,256.0310974121094,412.0,417.0,411.0,412.0,74000
2003-05-01,263.4884948730469,424.0,430.0,413.0,413.0,45000
2003-05-02,262.2455139160156,422.0,427.0,418.0,421.0,45000
2003-05-05,262.2455139160156,422.0,422.0,422.0,422.0,0
2003-05-06,265.97418212890625,428.0,436.0,422.0,423.0,71000
2003-05-07,267.2169494628906,430.0,436.0,429.0,431.0,44000
2003-05-08,267.2169494628906,430.0,433.0,427.0,433.0,71000
2003-05-09,267.2169494628906,430.0,431.0,423.0,427.0,89000
2003-05-12,267.2169494628906,430.0,430.0,423.0,429.0,50000
2003-05-13,265.3526611328125,427.0,429.0,426.0,426.0,61000
2003-05-14,265.97418212890625,428.0,432.0,427.0,428.0,53000
2003-05-15,264.1098022460937,425.0,430.0,425.0,430.0,69000
2003-05-16,269.0812683105469,433.0,433.0,427.0,431.0,46000
2003-05-19,264.7312927246094,426.0,433.0,423.0,433.0,42000
2003-05-20,263.4884948730469,424.0,425.0,421.0,423.0,28000
2003-05-21,261.62408447265625,421.0,424.0,420.0,424.0,48000
2003-05-22,261.62408447265625,421.0,422.0,420.0,421.0,35000
2003-05-23,268.4599304199219,432.0,432.0,422.0,422.0,84000
2003-05-26,274.05279541015625,441.0,441.0,435.0,437.0,78000
2003-05-27,265.3526611328125,427.0,442.0,425.0,441.0,55000
2003-05-28,269.0812683105469,433.0,437.0,428.0,428.0,49000
2003-05-29,272.1885070800781,438.0,438.0,434.0,438.0,42000
2003-05-30,273.43133544921875,440.0,440.0,430.0,439.0,67000
2003-06-02,272.8099060058594,439.0,445.0,436.0,440.0,65000
2003-06-03,275.2955627441406,443.0,444.0,440.0,440.0,46000
2003-06-04,272.8099060058594,439.0,444.0,438.0,444.0,49000
2003-06-05,275.2955627441406,443.0,445.0,440.0,441.0,38000
2003-06-06,282.7528991699219,455.0,455.0,444.0,444.0,80000
2003-06-09,285.860107421875,460.0,460.0,452.0,458.0,48000
2003-06-10,280.26715087890625,451.0,460.0,448.0,459.0,48000
2003-06-11,280.26715087890625,451.0,462.0,451.0,451.0,107000
2003-06-12,280.26715087890625,451.0,457.0,451.0,456.0,35000
2003-06-13,285.860107421875,460.0,461.0,452.0,456.0,163000
2003-06-16,281.510009765625,453.0,456.0,452.0,455.0,34000
2003-06-17,280.8886108398437,452.0,460.0,451.0,454.0,72000
2003-06-18,282.13153076171875,454.0,460.0,450.0,451.0,82000
2003-06-19,283.374267578125,456.0,459.0,451.0,451.0,54000
2003-06-20,285.2386169433594,459.0,460.0,455.0,455.0,52000
2003-06-23,287.7243347167969,463.0,464.0,457.0,459.0,84000
2003-06-24,283.374267578125,456.0,462.0,456.0,462.0,60000
2003-06-25,284.6171569824219,458.0,460.0,453.0,454.0,90000
2003-06-26,285.2386169433594,459.0,463.0,454.0,463.0,71000
2003-06-27,292.69586181640625,471.0,472.0,461.0,461.0,102000
2003-06-30,289.58856201171875,466.0,475.0,461.0,475.0,112000
2003-07-01,302.6387939453125,487.0,488.0,472.0,474.0,202000
2003-07-02,319.4176025390625,514.0,523.0,496.0,499.0,410000
2003-07-03,305.7460632324219,492.0,515.0,489.0,514.0,457000
2003-07-04,310.09600830078125,499.0,502.0,492.0,502.0,213000
2003-07-07,312.58172607421875,503.0,504.0,494.0,500.0,86000
2003-07-08,311.33892822265625,501.0,507.0,500.0,506.0,100000
2003-07-09,309.4745788574219,498.0,502.0,497.0,500.0,68000
2003-07-10,301.3959045410156,485.0,495.0,485.0,490.0,161000
2003-07-11,303.2601318359375,488.0,492.0,486.0,487.0,51000
2003-07-14,306.98883056640625,494.0,496.0,490.0,491.0,45000
2003-07-15,310.7174377441406,500.0,503.0,495.0,495.0,109000
2003-07-16,299.53155517578125,482.0,504.0,476.0,500.0,87000
2003-07-17,292.69586181640625,471.0,475.0,470.0,472.0,62000
2003-07-18,292.69586181640625,471.0,478.0,465.0,466.0,104000
2003-07-21,292.69586181640625,471.0,471.0,471.0,471.0,0
2003-07-22,290.2101135253906,467.0,469.0,461.0,466.0,111000
2003-07-23,297.0458679199219,478.0,478.0,463.0,467.0,149000
2003-07-24,297.0458679199219,478.0,485.0,476.0,480.0,111000
2003-07-25,293.3172302246094,472.0,485.0,466.0,478.0,116000
2003-07-28,306.98883056640625,494.0,496.0,484.0,490.0,144000
2003-07-29,310.7174377441406,500.0,502.0,495.0,498.0,159000
2003-07-30,310.09600830078125,499.0,501.0,494.0,500.0,115000
2003-07-31,311.33892822265625,501.0,504.0,499.0,500.0,127000
2003-08-01,311.9603576660156,502.0,508.0,501.0,503.0,68000
2003-08-04,315.6889953613281,508.0,509.0,502.0,504.0,96000
2003-08-05,311.33892822265625,501.0,504.0,497.0,504.0,148000
2003-08-06,307.61016845703125,495.0,495.0,490.0,494.0,58000
2003-08-07,305.1244812011719,491.0,497.0,491.0,496.0,48000
2003-08-08,308.23162841796875,496.0,500.0,493.0,493.0,69000
2003-08-11,311.9603576660156,502.0,502.0,496.0,496.0,47000
2003-08-12,311.33892822265625,501.0,505.0,499.0,500.0,65000
2003-08-13,316.31036376953125,509.0,509.0,503.0,503.0,83000
2003-08-14,315.6889953613281,508.0,510.0,500.0,503.0,80000
2003-08-15,323.7675476074219,521.0,521.0,521.0,521.0,226000
2003-08-18,332.4676513671875,535.0,540.0,526.0,528.0,182000
2003-08-19,339.9248352050781,547.0,550.0,539.0,540.0,223000
2003-08-20,339.9248352050781,547.0,547.0,539.0,544.0,121000
2003-08-21,340.5463562011719,548.0,549.0,540.0,547.0,194000
2003-08-22,330.60333251953125,532.0,547.0,525.0,547.0,202000
2003-08-25,334.3319702148437,538.0,540.0,523.0,527.0,92000
2003-08-26,328.1177062988281,528.0,540.0,528.0,538.0,101000
2003-08-27,337.4391174316406,543.0,543.0,528.0,528.0,81000
2003-08-28,333.7104797363281,537.0,543.0,536.0,543.0,65000
2003-08-29,332.4676513671875,535.0,540.0,534.0,536.0,64000
2003-09-01,338.6820373535156,545.0,545.0,539.0,540.0,80000
2003-09-02,341.7890930175781,550.0,554.0,539.0,547.0,157000
2003-09-03,354.83935546875,571.0,575.0,559.0,560.0,287000
2003-09-04,351.73211669921875,566.0,571.0,560.0,571.0,259000
2003-09-05,345.5177001953125,556.0,557.0,550.0,550.0,202000
2003-09-08,344.8963623046875,555.0,562.0,550.0,551.0,193000
2003-09-09,349.8677978515625,563.0,569.0,555.0,555.0,134000
2003-09-10,347.3821716308594,559.0,562.0,554.0,559.0,103000
2003-09-11,344.8963623046875,555.0,559.0,550.0,556.0,64000
2003-09-12,346.7606506347656,558.0,559.0,554.0,555.0,158000
2003-09-15,346.7606506347656,558.0,558.0,558.0,558.0,0
2003-09-16,347.3821716308594,559.0,563.0,553.0,557.0,73000
2003-09-17,354.2178955078125,570.0,575.0,559.0,559.0,95000
2003-09-18,349.8677978515625,563.0,569.0,562.0,567.0,94000
2003-09-19,351.1106872558594,565.0,566.0,563.0,566.0,84000
2003-09-22,349.2464599609375,562.0,566.0,559.0,565.0,139000
2003-09-23,349.2464599609375,562.0,562.0,562.0,562.0,0
2003-09-24,348.62506103515625,561.0,573.0,555.0,570.0,94000
2003-09-25,346.268310546875,551.0,555.0,515.0,555.0,77000
2003-09-26,338.09869384765625,538.0,548.0,530.0,547.0,54000
2003-09-29,336.2133483886719,535.0,540.0,533.0,538.0,54000
2003-09-30,336.8417663574219,536.0,536.0,528.0,536.0,31000
2003-10-01,341.24078369140625,543.0,543.0,536.0,537.0,102000
2003-10-02,346.8968200683594,552.0,556.0,544.0,552.0,80000
2003-10-03,346.8968200683594,552.0,552.0,547.0,552.0,65000
2003-10-06,348.78204345703125,555.0,565.0,555.0,555.0,80000
2003-10-07,348.78204345703125,555.0,563.0,555.0,556.0,73000
2003-10-08,339.3554992675781,540.0,557.0,540.0,555.0,56000
2003-10-09,333.6996154785156,531.0,540.0,530.0,540.0,108000
2003-10-10,335.5849304199219,534.0,545.0,529.0,529.0,112000
2003-10-13,335.5849304199219,534.0,534.0,534.0,534.0,0
2003-10-14,333.0712280273437,530.0,539.0,530.0,534.0,87000
2003-10-15,332.4428100585937,529.0,537.0,529.0,534.0,148000
2003-10-16,333.0712280273437,530.0,530.0,525.0,529.0,89000
2003-10-17,329.9289855957031,525.0,529.0,522.0,529.0,99000
2003-10-20,333.0712280273437,530.0,535.0,520.0,526.0,168000
2003-10-21,336.2133483886719,535.0,548.0,530.0,540.0,181000
2003-10-22,334.3280334472656,532.0,535.0,524.0,535.0,129000
2003-10-23,319.24560546875,508.0,530.0,504.0,530.0,157000
2003-10-24,321.7592468261719,512.0,515.0,508.0,515.0,81000
2003-10-27,326.7867431640625,520.0,527.0,513.0,520.0,86000
2003-10-28,329.3006286621094,524.0,528.0,520.0,520.0,120000
2003-10-29,329.9289855957031,525.0,530.0,524.0,525.0,77000
2003-10-30,330.5574035644531,526.0,531.0,525.0,525.0,75000
2003-10-31,332.4428100585937,529.0,530.0,525.0,526.0,54000
2003-11-03,332.4428100585937,529.0,529.0,529.0,529.0,0
2003-11-04,333.6996154785156,531.0,536.0,529.0,529.0,89000
2003-11-05,333.6996154785156,531.0,534.0,530.0,531.0,91000
2003-11-06,334.3280334472656,532.0,543.0,531.0,531.0,195000
2003-11-07,334.3280334472656,532.0,538.0,532.0,534.0,81000
2003-11-10,335.5849304199219,534.0,542.0,534.0,534.0,139000
2003-11-11,327.41522216796875,521.0,534.0,520.0,533.0,125000
2003-11-12,331.185791015625,527.0,527.0,519.0,520.0,108000
2003-11-13,345.0115661621094,549.0,555.0,530.0,530.0,617000
2003-11-14,333.6996154785156,531.0,556.0,531.0,553.0,447000
2003-11-17,327.41522216796875,521.0,528.0,510.0,528.0,246000
2003-11-18,328.67218017578125,523.0,524.0,502.0,523.0,205000
2003-11-19,321.7592468261719,512.0,523.0,502.0,523.0,141000
2003-11-20,324.9014587402344,517.0,522.0,505.0,512.0,176000
2003-11-21,325.5298767089844,518.0,525.0,517.0,517.0,106000
2003-11-24,325.5298767089844,518.0,518.0,518.0,518.0,0
2003-11-25,335.5849304199219,534.0,537.0,520.0,520.0,107000
2003-11-26,332.4428100585937,529.0,543.0,521.0,537.0,126000
2003-11-27,327.41522216796875,521.0,529.0,521.0,529.0,46000
2003-11-28,326.1583557128906,519.0,521.0,515.0,520.0,52000
2003-12-01,334.3280334472656,532.0,532.0,511.0,517.0,92000
2003-12-02,335.5849304199219,534.0,536.0,530.0,535.0,118000
2003-12-03,334.9564208984375,533.0,534.0,513.0,533.0,100000
2003-12-04,332.4428100585937,529.0,533.0,529.0,532.0,61000
2003-12-05,330.5574035644531,526.0,540.0,526.0,537.0,165000
2003-12-08,329.3006286621094,524.0,538.0,524.0,535.0,106000
2003-12-09,334.9564208984375,533.0,533.0,520.0,524.0,115000
2003-12-10,334.3280334472656,532.0,535.0,525.0,534.0,112000
2003-12-11,335.5849304199219,534.0,535.0,531.0,534.0,85000
2003-12-12,338.09869384765625,538.0,542.0,533.0,534.0,205000
2003-12-15,340.6123962402344,542.0,550.0,538.0,550.0,112000
2003-12-16,340.6123962402344,542.0,543.0,536.0,536.0,79000
2003-12-17,337.4701538085937,537.0,542.0,533.0,533.0,66000
2003-12-18,336.2133483886719,535.0,539.0,535.0,536.0,40000
2003-12-19,334.9564208984375,533.0,537.0,529.0,535.0,77000
2003-12-22,333.6996154785156,531.0,533.0,524.0,529.0,71000
2003-12-23,333.6996154785156,531.0,531.0,531.0,531.0,0
2003-12-24,334.9564208984375,533.0,534.0,530.0,531.0,65000
2003-12-25,334.9564208984375,533.0,535.0,524.0,524.0,52000
2003-12-26,338.09869384765625,538.0,538.0,531.0,534.0,57000
2003-12-29,342.4977722167969,545.0,545.0,541.0,541.0,32000
2003-12-30,342.4977722167969,545.0,549.0,542.0,544.0,36000
2003-12-31,342.4977722167969,545.0,545.0,545.0,545.0,0
2004-01-01,342.4977722167969,545.0,545.0,545.0,545.0,0
2004-01-02,342.4977722167969,545.0,545.0,545.0,545.0,0
2004-01-05,348.1536560058594,554.0,560.0,547.0,555.0,34000
2004-01-06,348.78204345703125,555.0,560.0,554.0,557.0,103000
2004-01-07,347.52520751953125,553.0,558.0,553.0,554.0,71000
2004-01-08,349.410400390625,556.0,560.0,552.0,552.0,109000
2004-01-09,356.95166015625,568.0,568.0,558.0,560.0,162000
2004-01-12,356.95166015625,568.0,568.0,568.0,568.0,0
2004-01-13,370.77740478515625,590.0,597.0,584.0,597.0,407000
2004-01-14,366.37835693359375,583.0,590.0,576.0,581.0,166000
2004-01-15,364.4928894042969,580.0,588.0,580.0,583.0,131000
2004-01-16,365.1213684082031,581.0,586.0,580.0,586.0,71000
2004-01-19,370.14886474609375,589.0,589.0,582.0,585.0,128000
2004-01-20,373.9195251464844,595.0,599.0,592.0,592.0,150000
2004-01-21,369.52044677734375,588.0,597.0,588.0,596.0,179000
2004-01-22,368.2634887695313,586.0,598.0,586.0,595.0,157000
2004-01-23,369.52044677734375,588.0,594.0,586.0,586.0,76000
2004-01-26,373.2911376953125,594.0,597.0,588.0,597.0,118000
2004-01-27,368.89208984375,587.0,597.0,587.0,597.0,101000
2004-01-28,365.7498779296875,582.0,590.0,582.0,587.0,115000
2004-01-29,367.00677490234375,584.0,590.0,579.0,581.0,114000
2004-01-30,367.00677490234375,584.0,595.0,584.0,584.0,68000
2004-02-02,367.6351318359375,585.0,589.0,584.0,584.0,48000
2004-02-03,372.6627197265625,593.0,594.0,582.0,585.0,151000
2004-02-04,365.7498779296875,582.0,590.0,582.0,589.0,57000
2004-02-05,385.2314453125,613.0,625.0,582.0,582.0,570000
2004-02-06,383.3460693359375,610.0,619.0,602.0,610.0,336000
2004-02-09,386.4882507324219,615.0,620.0,610.0,610.0,212000
2004-02-10,385.2314453125,613.0,616.0,608.0,616.0,117000
2004-02-11,385.2314453125,613.0,613.0,613.0,613.0,0
2004-02-12,378.3184814453125,602.0,614.0,602.0,610.0,125000
2004-02-13,380.8323974609375,606.0,608.0,603.0,608.0,61000
2004-02-16,380.2039184570313,605.0,609.0,605.0,605.0,59000
2004-02-17,381.4607238769531,607.0,608.0,604.0,606.0,80000
2004-02-18,383.3460693359375,610.0,610.0,602.0,605.0,103000
2004-02-19,383.3460693359375,610.0,612.0,603.0,610.0,112000
2004-02-20,385.8597717285156,614.0,617.0,604.0,604.0,152000
2004-02-23,385.2314453125,613.0,616.0,608.0,612.0,130000
2004-02-24,380.2039184570313,605.0,613.0,605.0,613.0,68000
2004-02-25,377.0618286132813,600.0,605.0,597.0,602.0,112000
2004-02-26,382.7175598144531,609.0,610.0,603.0,608.0,80000
2004-02-27,381.4607238769531,607.0,611.0,602.0,611.0,110000
2004-03-01,383.3460693359375,610.0,615.0,608.0,614.0,133000
2004-03-02,391.5157470703125,623.0,624.0,614.0,620.0,265000
2004-03-03,387.1167602539063,616.0,628.0,615.0,623.0,170000
2004-03-04,386.4882507324219,615.0,620.0,613.0,613.0,132000
2004-03-05,387.1167602539063,616.0,623.0,615.0,616.0,65000
2004-03-08,389.6304321289063,620.0,622.0,618.0,621.0,106000
2004-03-09,392.1442565917969,624.0,626.0,618.0,621.0,132000
2004-03-10,389.6304321289063,620.0,625.0,619.0,624.0,67000
2004-03-11,401.57073974609375,639.0,639.0,618.0,619.0,234000
2004-03-12,389.6304321289063,620.0,629.0,619.0,619.0,133000
2004-03-15,399.056884765625,635.0,635.0,625.0,625.0,131000
2004-03-16,390.88720703125,622.0,634.0,621.0,634.0,96000
2004-03-17,395.9147338867188,630.0,630.0,621.0,621.0,146000
2004-03-18,394.6579895019531,628.0,632.0,628.0,630.0,115000
2004-03-19,397.1715393066406,632.0,634.0,627.0,628.0,144000
2004-03-22,399.6852722167969,636.0,644.0,630.0,630.0,157000
2004-03-23,400.9421997070313,638.0,640.0,630.0,636.0,154000
2004-03-24,400.9421997070313,638.0,640.0,625.0,637.0,103000
2004-03-25,404.71295166015625,644.0,650.0,639.0,642.0,338000
2004-03-26,402.9676818847656,635.0,645.0,630.0,636.0,134000
2004-03-29,404.8714599609375,638.0,644.0,637.0,644.0,128000
2004-03-30,410.5828552246094,647.0,650.0,638.0,640.0,195000
2004-03-31,409.313720703125,645.0,649.0,640.0,647.0,121000
2004-04-01,404.8714599609375,638.0,649.0,634.0,649.0,78000
2004-04-02,403.6022033691406,636.0,639.0,628.0,628.0,224000
2004-04-05,404.8714599609375,638.0,645.0,630.0,637.0,208000
2004-04-06,409.313720703125,645.0,648.0,633.0,645.0,138000
2004-04-07,405.5061340332031,639.0,644.0,637.0,642.0,118000
2004-04-08,404.8714599609375,638.0,643.0,630.0,642.0,177000
2004-04-09,401.0638732910156,632.0,637.0,630.0,637.0,90000
2004-04-12,409.313720703125,645.0,649.0,635.0,638.0,123000
2004-04-13,420.73638916015625,663.0,665.0,648.0,650.0,411000
2004-04-14,428.35150146484375,675.0,675.0,657.0,660.0,294000
2004-04-15,427.7168884277344,674.0,682.0,665.0,680.0,372000
2004-04-16,428.35150146484375,675.0,678.0,667.0,671.0,232000
2004-04-19,427.0824890136719,673.0,674.0,661.0,665.0,155000
2004-04-20,429.6207885742188,677.0,678.0,670.0,672.0,169000
2004-04-21,428.9861755371094,676.0,677.0,672.0,676.0,159000
2004-04-22,427.7168884277344,674.0,677.0,666.0,666.0,166000
2004-04-23,428.35150146484375,675.0,677.0,671.0,676.0,118000
2004-04-26,428.35150146484375,675.0,678.0,674.0,675.0,117000
2004-04-27,423.2747802734375,667.0,676.0,660.0,674.0,140000
2004-04-28,427.7168884277344,674.0,685.0,666.0,675.0,335000
2004-04-29,427.7168884277344,674.0,674.0,674.0,674.0,0
2004-04-30,420.73638916015625,663.0,668.0,651.0,664.0,100000
2004-05-03,420.73638916015625,663.0,663.0,663.0,663.0,0
2004-05-04,420.73638916015625,663.0,663.0,663.0,663.0,0
2004-05-05,420.73638916015625,663.0,663.0,663.0,663.0,0
2004-05-06,416.2944030761719,656.0,677.0,656.0,666.0,88000
2004-05-07,402.9676818847656,635.0,648.0,635.0,646.0,109000
2004-05-10,382.66058349609375,603.0,634.0,580.0,634.0,143000
2004-05-11,378.218505859375,596.0,602.0,580.0,580.0,95000
2004-05-12,380.757080078125,600.0,612.0,595.0,602.0,155000
2004-05-13,378.218505859375,596.0,613.0,595.0,613.0,90000
2004-05-14,378.218505859375,596.0,605.0,591.0,591.0,140000
2004-05-17,362.3536987304688,571.0,597.0,570.0,592.0,182000
2004-05-18,362.9881591796875,572.0,593.0,550.0,551.0,180000
2004-05-19,382.0260314941406,602.0,612.0,582.0,602.0,75000
2004-05-20,387.1029052734375,610.0,620.0,584.0,603.0,182000
2004-05-21,383.29534912109375,604.0,609.0,594.0,609.0,124000
2004-05-24,381.3915710449219,601.0,611.0,595.0,611.0,179000
2004-05-25,380.757080078125,600.0,606.0,600.0,601.0,94000
2004-05-26,389.0067138671875,613.0,630.0,610.0,629.0,199000
2004-05-27,381.3915710449219,601.0,613.0,600.0,613.0,132000
2004-05-28,392.1795654296875,618.0,619.0,610.0,610.0,129000
2004-05-31,396.6217956542969,625.0,634.0,620.0,629.0,126000
2004-06-01,401.0638732910156,632.0,638.0,622.0,628.0,154000
2004-06-02,397.8909912109375,627.0,632.0,625.0,632.0,80000
2004-06-03,400.4293518066406,631.0,640.0,629.0,631.0,230000
2004-06-04,403.6022033691406,636.0,639.0,631.0,631.0,88000
2004-06-07,410.5828552246094,647.0,650.0,640.0,640.0,175000
2004-06-08,411.8521118164063,649.0,650.0,644.0,650.0,103000
2004-06-09,411.2174072265625,648.0,650.0,647.0,649.0,84000
2004-06-10,417.56341552734375,658.0,658.0,647.0,647.0,104000
2004-06-11,418.1980895996094,659.0,660.0,653.0,658.0,237000
2004-06-14,418.8326110839844,660.0,666.0,655.0,655.0,152000
2004-06-15,422.64013671875,666.0,668.0,657.0,660.0,157000
2004-06-16,422.0055541992188,665.0,670.0,660.0,666.0,114000
2004-06-17,419.4671325683594,661.0,666.0,660.0,666.0,61000
2004-06-18,416.2944030761719,656.0,660.0,654.0,660.0,65000
2004-06-21,421.3708801269531,664.0,666.0,630.0,646.0,134000
2004-06-22,411.2174072265625,648.0,655.0,643.0,646.0,99000
2004-06-23,411.8521118164063,649.0,653.0,645.0,649.0,47000
2004-06-24,408.6791076660156,644.0,650.0,640.0,649.0,93000
2004-06-25,399.7947387695313,630.0,645.0,625.0,640.0,317000
2004-06-28,411.2174072265625,648.0,649.0,638.0,639.0,148000
2004-06-29,415.0249328613281,654.0,656.0,644.0,644.0,116000
2004-06-30,420.1018371582031,662.0,665.0,656.0,665.0,119000
2004-07-01,422.0055541992188,665.0,666.0,661.0,663.0,108000
2004-07-02,419.4671325683594,661.0,666.0,653.0,666.0,166000
2004-07-05,411.2174072265625,648.0,660.0,640.0,660.0,76000
2004-07-06,410.5828552246094,647.0,651.0,642.0,643.0,55000
2004-07-07,406.1407775878906,640.0,645.0,636.0,640.0,83000
2004-07-08,397.2564697265625,626.0,647.0,625.0,641.0,162000
2004-07-09,399.7947387695313,630.0,634.0,620.0,634.0,135000
2004-07-12,408.6791076660156,644.0,650.0,634.0,637.0,93000
2004-07-13,399.7947387695313,630.0,655.0,630.0,652.0,125000
2004-07-14,400.4293518066406,631.0,643.0,631.0,633.0,135000
2004-07-15,399.7947387695313,630.0,638.0,630.0,632.0,62000
2004-07-16,397.8909912109375,627.0,635.0,622.0,627.0,105000
2004-07-19,397.8909912109375,627.0,627.0,627.0,627.0,0
2004-07-20,393.4488525390625,620.0,625.0,618.0,621.0,109000
2004-07-21,401.6985168457031,633.0,637.0,621.0,622.0,92000
2004-07-22,397.2564697265625,626.0,630.0,620.0,620.0,91000
2004-07-23,397.8909912109375,627.0,634.0,626.0,627.0,79000
2004-07-26,392.1795654296875,618.0,627.0,617.0,626.0,66000
2004-07-27,385.1990661621094,607.0,620.0,605.0,618.0,88000
2004-07-28,392.814208984375,619.0,624.0,618.0,620.0,48000
2004-07-29,385.1990661621094,607.0,617.0,607.0,612.0,62000
2004-07-30,393.4488525390625,620.0,622.0,608.0,608.0,81000
2004-08-02,389.6412048339844,614.0,620.0,610.0,618.0,54000
2004-08-03,386.4682312011719,609.0,615.0,607.0,614.0,51000
2004-08-04,379.4879150390625,598.0,609.0,583.0,605.0,135000
2004-08-05,389.0067138671875,613.0,615.0,595.0,595.0,99000
2004-08-06,382.66058349609375,603.0,605.0,597.0,597.0,97000
2004-08-09,379.4879150390625,598.0,603.0,587.0,599.0,85000
2004-08-10,379.4879150390625,598.0,603.0,595.0,603.0,97000
2004-08-11,380.1223449707031,599.0,606.0,596.0,601.0,94000
2004-08-12,378.218505859375,596.0,605.0,592.0,604.0,144000
2004-08-13,371.87249755859375,586.0,588.0,581.0,588.0,171000
2004-08-16,366.7957763671875,578.0,586.0,574.0,586.0,80000
2004-08-17,364.2575378417969,574.0,596.0,572.0,584.0,98000
2004-08-18,365.5265808105469,576.0,580.0,573.0,576.0,74000
2004-08-19,371.2380065917969,585.0,586.0,576.0,576.0,34000
2004-08-20,373.1417846679688,588.0,591.0,580.0,580.0,51000
2004-08-23,373.1417846679688,588.0,596.0,588.0,596.0,43000
2004-08-24,371.2380065917969,585.0,591.0,583.0,587.0,24000
2004-08-25,373.1417846679688,588.0,594.0,585.0,586.0,69000
2004-08-26,368.6995544433594,581.0,607.0,577.0,607.0,157000
2004-08-27,372.50726318359375,587.0,590.0,586.0,587.0,88000
2004-08-30,373.1417846679688,588.0,594.0,587.0,589.0,59000
2004-08-31,372.50726318359375,587.0,591.0,586.0,591.0,45000
2004-09-01,379.4879150390625,598.0,601.0,591.0,591.0,72000
2004-09-02,380.1223449707031,599.0,600.0,596.0,598.0,79000
2004-09-03,376.3148193359375,593.0,600.0,593.0,598.0,109000
2004-09-06,379.4879150390625,598.0,599.0,594.0,594.0,60000
2004-09-07,377.58392333984375,595.0,599.0,590.0,598.0,64000
2004-09-08,379.4879150390625,598.0,599.0,595.0,596.0,52000
2004-09-09,371.2380065917969,585.0,599.0,585.0,595.0,122000
2004-09-10,368.6995544433594,581.0,585.0,579.0,581.0,253000
2004-09-13,375.0456237792969,591.0,591.0,583.0,584.0,110000
2004-09-14,373.1417846679688,588.0,592.0,585.0,590.0,123000
2004-09-15,371.2380065917969,585.0,590.0,583.0,586.0,142000
2004-09-16,368.6995544433594,581.0,587.0,579.0,584.0,125000
2004-09-17,371.87249755859375,586.0,588.0,583.0,583.0,87000
2004-09-20,371.87249755859375,586.0,586.0,586.0,586.0,0
2004-09-21,371.87249755859375,586.0,590.0,586.0,587.0,127000
2004-09-22,369.9689025878906,583.0,590.0,582.0,590.0,117000
2004-09-23,369.9689025878906,583.0,583.0,583.0,583.0,0
2004-09-24,369.9689025878906,583.0,588.0,580.0,586.0,138000
2004-09-27,364.35589599609375,568.0,575.0,557.0,570.0,76000
2004-09-28,365.6388854980469,570.0,575.0,561.0,561.0,47000
2004-09-29,363.7145080566406,567.0,577.0,566.0,572.0,41000
2004-09-30,364.35589599609375,568.0,574.0,568.0,569.0,59000
2004-10-01,368.8463134765625,575.0,578.0,571.0,571.0,153000
2004-10-04,373.3366394042969,582.0,583.0,575.0,577.0,129000
2004-10-05,372.0535278320313,580.0,589.0,575.0,583.0,148000
2004-10-06,371.4122314453125,579.0,582.0,578.0,580.0,50000
2004-10-07,370.7705993652344,578.0,582.0,576.0,582.0,85000
2004-10-08,373.9781494140625,583.0,584.0,573.0,576.0,42000
2004-10-11,373.9781494140625,583.0,583.0,583.0,583.0,0
2004-10-12,366.9217834472656,572.0,588.0,572.0,588.0,55000
2004-10-13,365.6388854980469,570.0,576.0,570.0,573.0,60000
2004-10-14,366.9217834472656,572.0,572.0,569.0,571.0,153000
2004-10-15,365.6388854980469,570.0,571.0,561.0,571.0,110000
2004-10-18,366.2803649902344,571.0,578.0,567.0,578.0,30000
2004-10-19,364.99749755859375,569.0,574.0,567.0,571.0,46000
2004-10-20,360.5071411132813,562.0,568.0,562.0,568.0,52000
2004-10-21,358.582763671875,559.0,565.0,559.0,563.0,45000
2004-10-22,359.8656616210937,561.0,565.0,557.0,557.0,29000
2004-10-25,355.37530517578125,554.0,561.0,552.0,557.0,67000
2004-10-26,354.09234619140625,552.0,573.0,551.0,563.0,65000
2004-10-27,357.9411926269531,558.0,565.0,550.0,555.0,221000
2004-10-28,371.4122314453125,579.0,580.0,573.0,577.0,218000
2004-10-29,361.1485290527344,563.0,574.0,559.0,574.0,110000
2004-11-01,363.0729675292969,566.0,568.0,563.0,563.0,25000
2004-11-02,368.2048034667969,574.0,576.0,567.0,568.0,57000
2004-11-03,368.2048034667969,574.0,574.0,574.0,574.0,0
2004-11-04,375.9023132324219,586.0,591.0,578.0,580.0,137000
2004-11-05,379.1097412109375,591.0,594.0,587.0,587.0,84000
2004-11-08,376.5439453125,587.0,591.0,586.0,591.0,45000
2004-11-09,376.5439453125,587.0,592.0,587.0,590.0,28000
2004-11-10,373.9781494140625,583.0,585.0,579.0,583.0,55000
2004-11-11,366.9217834472656,572.0,580.0,571.0,578.0,61000
2004-11-12,370.7705993652344,578.0,578.0,566.0,566.0,94000
2004-11-15,371.4122314453125,579.0,585.0,571.0,576.0,85000
2004-11-16,369.4877624511719,576.0,581.0,576.0,579.0,60000
2004-11-17,370.129150390625,577.0,580.0,576.0,579.0,39000
2004-11-18,366.9217834472656,572.0,580.0,572.0,580.0,48000
2004-11-19,367.563232421875,573.0,575.0,573.0,574.0,37000
2004-11-22,362.4314880371094,565.0,570.0,564.0,570.0,32000
2004-11-23,362.4314880371094,565.0,565.0,565.0,565.0,0
2004-11-24,365.6388854980469,570.0,575.0,567.0,567.0,76000
2004-11-25,363.7145080566406,567.0,575.0,563.0,570.0,102000
2004-11-26,361.1485290527344,563.0,572.0,563.0,565.0,90000
2004-11-29,361.79010009765625,564.0,568.0,561.0,563.0,75000
2004-11-30,358.582763671875,559.0,566.0,557.0,566.0,65000
2004-12-01,356.0168762207031,555.0,559.0,554.0,557.0,50000
2004-12-02,360.5071411132813,562.0,564.0,560.0,564.0,72000
2004-12-03,363.0729675292969,566.0,568.0,563.0,568.0,90000
2004-12-06,367.563232421875,573.0,576.0,571.0,571.0,53000
2004-12-07,368.8463134765625,575.0,578.0,575.0,576.0,44000
2004-12-08,369.4877624511719,576.0,576.0,572.0,573.0,117000
2004-12-09,360.5071411132813,562.0,576.0,561.0,576.0,71000
2004-12-10,361.1485290527344,563.0,572.0,563.0,572.0,131000
2004-12-13,364.35589599609375,568.0,574.0,563.0,563.0,112000
2004-12-14,367.563232421875,573.0,574.0,569.0,574.0,106000
2004-12-15,367.563232421875,573.0,575.0,570.0,573.0,59000
2004-12-16,369.4877624511719,576.0,576.0,571.0,573.0,91000
2004-12-17,369.4877624511719,576.0,577.0,574.0,575.0,118000
2004-12-20,375.2609558105469,585.0,592.0,578.0,580.0,287000
2004-12-21,375.9023132324219,586.0,588.0,582.0,585.0,88000
2004-12-22,378.4682922363281,590.0,593.0,586.0,590.0,114000
2004-12-23,378.4682922363281,590.0,590.0,590.0,590.0,0
2004-12-24,385.5245666503906,601.0,610.0,596.0,596.0,202000
2004-12-27,385.5245666503906,601.0,608.0,600.0,606.0,72000
2004-12-28,386.807373046875,603.0,605.0,598.0,605.0,95000
2004-12-29,385.5245666503906,601.0,605.0,599.0,605.0,109000
2004-12-30,389.3733825683594,607.0,608.0,604.0,606.0,63000
2004-12-31,389.3733825683594,607.0,607.0,607.0,607.0,0
2005-01-03,389.3733825683594,607.0,607.0,607.0,607.0,0
2005-01-04,391.2978210449219,610.0,611.0,601.0,611.0,28000
2005-01-05,387.4490051269531,604.0,610.0,602.0,610.0,67000
2005-01-06,387.4490051269531,604.0,605.0,595.0,599.0,109000
2005-01-07,384.2415161132813,599.0,605.0,597.0,604.0,78000
2005-01-10,384.2415161132813,599.0,599.0,599.0,599.0,0
2005-01-11,390.0148010253906,608.0,610.0,594.0,594.0,158000
2005-01-12,392.5806884765625,612.0,613.0,608.0,608.0,70000
2005-01-13,394.5050964355469,615.0,616.0,613.0,613.0,75000
2005-01-14,400.919921875,625.0,629.0,609.0,612.0,195000
2005-01-17,405.4101257324219,632.0,632.0,625.0,630.0,96000
2005-01-18,398.3540954589844,621.0,634.0,619.0,634.0,66000
2005-01-19,398.3540954589844,621.0,627.0,618.0,622.0,100000
2005-01-20,394.5050964355469,615.0,619.0,612.0,613.0,100000
2005-01-21,393.8636474609375,614.0,616.0,606.0,610.0,51000
2005-01-24,397.7124633789063,620.0,622.0,612.0,613.0,74000
2005-01-25,403.4856567382813,629.0,630.0,622.0,623.0,77000
2005-01-26,405.4101257324219,632.0,633.0,628.0,633.0,97000
2005-01-27,399.636962890625,623.0,630.0,621.0,630.0,110000
2005-01-28,397.7124633789063,620.0,632.0,610.0,622.0,101000
2005-01-31,402.2028198242188,627.0,632.0,624.0,624.0,101000
2005-02-01,404.7686767578125,631.0,635.0,626.0,632.0,166000
2005-02-02,402.8442993164063,628.0,632.0,623.0,631.0,201000
2005-02-03,404.7686767578125,631.0,633.0,615.0,631.0,181000
2005-02-04,402.8442993164063,628.0,633.0,628.0,632.0,168000
2005-02-07,418.8809814453125,653.0,657.0,634.0,634.0,530000
2005-02-08,414.3907775878906,646.0,652.0,643.0,652.0,222000
2005-02-09,411.1832885742188,641.0,649.0,639.0,646.0,127000
2005-02-10,415.0321960449219,647.0,648.0,641.0,647.0,141000
2005-02-11,415.0321960449219,647.0,647.0,647.0,647.0,0
2005-02-14,418.8809814453125,653.0,658.0,648.0,648.0,144000
2005-02-15,416.9566345214844,650.0,656.0,649.0,654.0,180000
2005-02-16,415.6736145019531,648.0,655.0,646.0,650.0,135000
2005-02-17,416.9566345214844,650.0,653.0,647.0,649.0,80000
2005-02-18,418.2395629882813,652.0,655.0,649.0,650.0,106000
2005-02-21,418.8809814453125,653.0,664.0,653.0,655.0,177000
2005-02-22,417.5980529785156,651.0,658.0,651.0,653.0,126000
2005-02-23,418.2395629882813,652.0,653.0,647.0,650.0,111000
2005-02-24,424.01263427734375,661.0,663.0,654.0,654.0,110000
2005-02-25,424.65435791015625,662.0,664.0,660.0,662.0,109000
2005-02-28,432.3519592285156,674.0,681.0,661.0,663.0,197000
2005-03-01,429.14459228515625,669.0,670.0,663.0,670.0,130000
2005-03-02,429.7861022949219,670.0,671.0,665.0,665.0,164000
2005-03-03,428.5031433105469,668.0,672.0,665.0,670.0,114000
2005-03-04,429.7861022949219,670.0,673.0,669.0,673.0,179000
2005-03-07,434.2763366699219,677.0,679.0,670.0,670.0,243000
2005-03-08,435.5594787597656,679.0,683.0,678.0,680.0,317000
2005-03-09,429.7861022949219,670.0,679.0,670.0,677.0,170000
2005-03-10,427.8616638183594,667.0,673.0,666.0,667.0,175000
2005-03-11,427.8616638183594,667.0,670.0,666.0,667.0,178000
2005-03-14,423.3713684082031,660.0,668.0,660.0,668.0,110000
2005-03-15,422.72991943359375,659.0,663.0,657.0,661.0,165000
2005-03-16,419.52239990234375,654.0,663.0,652.0,663.0,126000
2005-03-17,413.10784912109375,644.0,651.0,642.0,650.0,233000
2005-03-18,419.52239990234375,654.0,659.0,645.0,645.0,86000
2005-03-21,419.52239990234375,654.0,654.0,654.0,654.0,0
2005-03-22,418.8809814453125,653.0,663.0,650.0,656.0,188000
2005-03-23,417.5980529785156,651.0,654.0,637.0,654.0,237000
2005-03-24,415.6736145019531,648.0,653.0,647.0,652.0,80000
2005-03-25,421.4468994140625,657.0,658.0,650.0,658.0,89000
2005-03-28,420.9612426757813,650.0,652.0,641.0,652.0,49000
2005-03-29,410.59906005859375,634.0,650.0,631.0,650.0,67000
2005-03-30,407.3609313964844,629.0,633.0,628.0,632.0,92000
2005-03-31,419.6658935546875,648.0,648.0,630.0,632.0,91000
2005-04-01,415.7803039550781,642.0,645.0,631.0,639.0,67000
2005-04-04,411.2466735839844,635.0,643.0,631.0,643.0,76000
2005-04-05,416.4278259277344,643.0,646.0,637.0,637.0,55000
2005-04-06,411.8941955566406,636.0,643.0,634.0,637.0,106000
2005-04-07,418.3706665039063,646.0,646.0,637.0,640.0,55000
2005-04-08,423.5516662597656,654.0,654.0,646.0,649.0,104000
2005-04-11,418.3706665039063,646.0,654.0,642.0,654.0,82000
2005-04-12,415.1323852539063,641.0,650.0,640.0,640.0,106000
2005-04-13,416.4278259277344,643.0,647.0,636.0,643.0,72000
2005-04-14,415.7803039550781,642.0,642.0,633.0,635.0,147000
2005-04-15,411.8941955566406,636.0,642.0,634.0,641.0,144000
2005-04-18,397.646484375,614.0,621.0,602.0,621.0,262000
2005-04-19,402.8274536132813,622.0,626.0,612.0,613.0,139000
2005-04-20,408.008544921875,630.0,631.0,624.0,626.0,70000
2005-04-21,400.8846740722656,619.0,623.0,616.0,621.0,98000
2005-04-22,406.0657653808594,627.0,630.0,625.0,630.0,46000
2005-04-25,404.7704772949219,625.0,628.0,620.0,624.0,70000
2005-04-26,404.7704772949219,625.0,631.0,623.0,631.0,93000
2005-04-27,413.1895751953125,638.0,638.0,627.0,627.0,97000
2005-04-28,414.4849548339844,640.0,643.0,636.0,641.0,92000
2005-04-29,414.4849548339844,640.0,640.0,640.0,640.0,0
2005-05-02,408.65618896484375,631.0,637.0,623.0,630.0,123000
2005-05-03,408.65618896484375,631.0,631.0,631.0,631.0,0
2005-05-04,408.65618896484375,631.0,631.0,631.0,631.0,0
2005-05-05,408.65618896484375,631.0,631.0,631.0,631.0,0
2005-05-06,416.4278259277344,643.0,645.0,636.0,643.0,57000
2005-05-09,416.4278259277344,643.0,644.0,636.0,640.0,45000
2005-05-10,417.7230224609375,645.0,645.0,640.0,640.0,68000
2005-05-11,421.60882568359375,651.0,653.0,643.0,644.0,107000
2005-05-12,424.1994323730469,655.0,656.0,648.0,652.0,97000
2005-05-13,422.2564697265625,652.0,653.0,648.0,649.0,88000
2005-05-16,420.9612426757813,650.0,662.0,648.0,656.0,308000
2005-05-17,413.1895751953125,638.0,662.0,634.0,660.0,302000
2005-05-18,425.4946594238281,657.0,660.0,640.0,641.0,198000
2005-05-19,426.1423034667969,658.0,661.0,647.0,656.0,197000
2005-05-20,425.4946594238281,657.0,660.0,652.0,659.0,114000
2005-05-23,428.7328796386719,662.0,663.0,655.0,657.0,87000
2005-05-24,427.43756103515625,660.0,663.0,655.0,663.0,78000
2005-05-25,419.0183410644531,647.0,659.0,642.0,659.0,139000
2005-05-26,421.60882568359375,651.0,658.0,645.0,648.0,110000
2005-05-27,437.7997131347656,676.0,681.0,651.0,651.0,212000
2005-05-30,441.0378723144531,681.0,683.0,678.0,680.0,366000
2005-05-31,441.0378723144531,681.0,683.0,674.0,675.0,192000
2005-06-01,438.4472961425781,677.0,680.0,677.0,680.0,123000
2005-06-02,435.2091979980469,672.0,683.0,665.0,680.0,191000
2005-06-03,439.0949401855469,678.0,680.0,662.0,680.0,305000
2005-06-06,433.9139404296875,670.0,675.0,668.0,675.0,160000
2005-06-07,435.8568420410156,673.0,676.0,663.0,676.0,253000
2005-06-08,440.3901062011719,680.0,681.0,670.0,671.0,159000
2005-06-09,440.3901062011719,680.0,682.0,679.0,681.0,143000
2005-06-10,451.4000549316406,697.0,705.0,683.0,683.0,524000
2005-06-13,449.45703125,694.0,702.0,693.0,700.0,167000
2005-06-14,459.81927490234375,710.0,713.0,687.0,694.0,408000
2005-06-15,465.6479797363281,719.0,719.0,707.0,707.0,350000
2005-06-16,463.7050476074219,716.0,720.0,711.0,719.0,328000
2005-06-17,465.0003051757813,718.0,725.0,715.0,719.0,282000
2005-06-20,468.23834228515625,723.0,724.0,718.0,720.0,163000
2005-06-21,468.8860778808594,724.0,728.0,722.0,722.0,197000
2005-06-22,469.5336608886719,725.0,725.0,716.0,724.0,266000
2005-06-23,468.8860778808594,724.0,725.0,718.0,718.0,132000
2005-06-24,469.5336608886719,725.0,725.0,717.0,720.0,99000
2005-06-27,468.23834228515625,723.0,725.0,721.0,725.0,104000
2005-06-28,474.0670166015625,732.0,734.0,720.0,723.0,205000
2005-06-29,479.24810791015625,740.0,744.0,732.0,734.0,187000
2005-06-30,477.30517578125,737.0,745.0,736.0,743.0,254000
2005-07-01,480.5433349609375,742.0,747.0,737.0,743.0,305000
2005-07-04,492.2009582519531,760.0,761.0,740.0,745.0,412000
2005-07-05,482.4863586425781,745.0,754.0,738.0,752.0,410000
2005-07-06,484.4292297363281,748.0,749.0,742.0,746.0,110000
2005-07-07,481.1911926269531,743.0,754.0,743.0,748.0,250000
2005-07-08,481.1911926269531,743.0,749.0,737.0,738.0,200000
2005-07-11,483.7814636230469,747.0,749.0,743.0,743.0,202000
2005-07-12,481.8386840820313,744.0,754.0,744.0,748.0,308000
2005-07-13,491.5531311035156,759.0,759.0,744.0,745.0,257000
2005-07-14,494.7914123535156,764.0,769.0,755.0,759.0,322000
2005-07-15,492.8482971191406,761.0,768.0,758.0,765.0,147000
2005-07-18,492.8482971191406,761.0,761.0,761.0,761.0,0
2005-07-19,494.1435546875,763.0,765.0,761.0,761.0,80000
2005-07-20,503.8580932617188,778.0,779.0,764.0,765.0,230000
2005-07-21,505.801025390625,781.0,784.0,776.0,777.0,263000
2005-07-22,497.3818664550781,768.0,779.0,755.0,778.0,223000
2005-07-25,501.915283203125,775.0,775.0,763.0,766.0,103000
2005-07-26,503.2106323242188,777.0,779.0,771.0,776.0,120000
2005-07-27,507.0963134765625,783.0,784.0,778.0,778.0,92000
2005-07-28,504.50579833984375,779.0,788.0,775.0,788.0,168000
2005-07-29,499.972412109375,772.0,782.0,772.0,780.0,104000
2005-08-01,503.2106323242188,777.0,778.0,765.0,765.0,183000
2005-08-02,498.67724609375,770.0,777.0,766.0,777.0,124000
2005-08-03,494.7914123535156,764.0,775.0,763.0,775.0,134000
2005-08-04,492.8482971191406,761.0,767.0,753.0,764.0,258000
2005-08-05,481.8386840820313,744.0,758.0,740.0,751.0,313000
2005-08-08,490.2579956054688,757.0,765.0,710.0,710.0,299000
2005-08-09,503.8580932617188,778.0,782.0,746.0,753.0,496000
2005-08-10,505.801025390625,781.0,793.0,776.0,783.0,286000
2005-08-11,506.4487609863281,782.0,787.0,781.0,782.0,186000
2005-08-12,504.50579833984375,779.0,785.0,779.0,780.0,186000
2005-08-15,512.9249877929688,792.0,799.0,781.0,781.0,305000
2005-08-16,517.458251953125,799.0,800.0,796.0,797.0,140000
2005-08-17,516.8108520507812,798.0,799.0,795.0,799.0,105000
2005-08-18,516.8108520507812,798.0,799.0,794.0,799.0,118000
2005-08-19,516.1632080078125,797.0,799.0,788.0,793.0,185000
2005-08-22,518.7537231445312,801.0,805.0,792.0,798.0,258000
2005-08-23,523.9346923828125,809.0,816.0,800.0,800.0,375000
2005-08-24,520.0490112304688,803.0,804.0,799.0,800.0,114000
2005-08-25,513.57275390625,793.0,802.0,785.0,801.0,278000
2005-08-26,513.57275390625,793.0,798.0,790.0,795.0,144000
2005-08-29,509.0390625,786.0,792.0,780.0,789.0,111000
2005-08-30,514.867919921875,795.0,796.0,781.0,781.0,67000
2005-08-31,510.9821472167969,789.0,795.0,785.0,794.0,64000
2005-09-01,507.7440185546875,784.0,792.0,783.0,790.0,261000
2005-09-02,507.7440185546875,784.0,787.0,780.0,784.0,169000
2005-09-05,516.8108520507812,798.0,799.0,781.0,784.0,349000
2005-09-06,514.2203979492188,794.0,810.0,794.0,800.0,334000
2005-09-07,520.0490112304688,803.0,809.0,794.0,794.0,188000
2005-09-08,518.1060791015625,800.0,807.0,798.0,803.0,158000
2005-09-09,524.5823974609375,810.0,810.0,801.0,806.0,267000
2005-09-12,527.8207397460938,815.0,823.0,811.0,814.0,194000
2005-09-13,530.4111328125,819.0,825.0,815.0,815.0,180000
2005-09-14,534.944580078125,826.0,839.0,819.0,819.0,254000
2005-09-15,543.3637084960938,839.0,852.0,823.0,826.0,279000
2005-09-16,546.60205078125,844.0,853.0,831.0,853.0,129000
2005-09-19,546.60205078125,844.0,844.0,844.0,844.0,0
2005-09-20,549.840087890625,849.0,852.0,836.0,836.0,134000
2005-09-21,554.3736572265625,856.0,868.0,849.0,868.0,149000
2005-09-22,556.9639892578125,860.0,863.0,856.0,860.0,143000
2005-09-23,556.9639892578125,860.0,860.0,860.0,860.0,0
2005-09-26,573.1549682617188,885.0,886.0,862.0,865.0,194000
2005-09-27,575.927001953125,883.0,891.0,876.0,882.0,151000
2005-09-28,577.2313232421875,885.0,887.0,877.0,883.0,78000
2005-09-29,578.535888671875,887.0,889.0,867.0,875.0,184000
2005-09-30,577.2313232421875,885.0,885.0,867.0,877.0,257000
2005-10-03,573.3178100585938,879.0,885.0,860.0,885.0,184000
2005-10-04,587.014892578125,900.0,909.0,877.0,880.0,328000
2005-10-05,590.2761840820312,905.0,911.0,899.0,911.0,236000
2005-10-06,574.6223754882812,881.0,897.0,881.0,895.0,153000
2005-10-07,570.056884765625,874.0,884.0,870.0,876.0,182000
2005-10-10,570.056884765625,874.0,874.0,874.0,874.0,0
2005-10-11,583.7536010742188,895.0,895.0,873.0,873.0,158000
2005-10-12,583.7536010742188,895.0,904.0,885.0,895.0,243000
2005-10-13,583.7536010742188,895.0,895.0,875.0,875.0,99000
2005-10-14,583.7536010742188,895.0,896.0,889.0,895.0,88000
2005-10-17,583.7536010742188,895.0,904.0,888.0,895.0,140000
2005-10-18,581.144775390625,891.0,899.0,891.0,895.0,137000
2005-10-19,577.8836669921875,886.0,894.0,875.0,892.0,124000
2005-10-20,564.8389282226562,866.0,887.0,862.0,878.0,156000
2005-10-21,571.3611450195312,876.0,876.0,852.0,856.0,131000
2005-10-24,566.1434936523438,868.0,877.0,867.0,877.0,39000
2005-10-25,567.4478759765625,870.0,877.0,868.0,872.0,90000
2005-10-26,572.66552734375,878.0,884.0,865.0,878.0,72000
2005-10-27,576.5791625976562,884.0,886.0,870.0,870.0,74000
2005-10-28,571.3611450195312,876.0,889.0,873.0,884.0,173000
2005-10-31,588.3193359375,902.0,909.0,882.0,882.0,191000
2005-11-01,594.8419799804688,912.0,912.0,890.0,901.0,84000
2005-11-02,592.2327270507812,908.0,917.0,903.0,910.0,119000
2005-11-03,592.2327270507812,908.0,908.0,908.0,908.0,0
2005-11-04,594.1895751953125,911.0,917.0,910.0,910.0,94000
2005-11-07,598.1030883789062,917.0,917.0,905.0,912.0,145000
2005-11-08,592.885009765625,909.0,920.0,907.0,917.0,114000
2005-11-09,587.6671752929688,901.0,913.0,897.0,906.0,124000
2005-11-10,586.3627319335938,899.0,904.0,891.0,896.0,89000
2005-11-11,592.885009765625,909.0,925.0,899.0,899.0,159000
2005-11-14,587.014892578125,900.0,923.0,896.0,921.0,114000
2005-11-15,580.4926147460938,890.0,902.0,887.0,900.0,85000
2005-11-16,599.4075927734375,919.0,922.0,884.0,884.0,170000
2005-11-17,603.3209228515625,925.0,937.0,906.0,924.0,141000
2005-11-18,596.1463623046875,914.0,929.0,909.0,924.0,113000
2005-11-21,605.9296875,929.0,937.0,916.0,917.0,236000
2005-11-22,635.932861328125,975.0,978.0,939.0,940.0,461000
2005-11-23,635.932861328125,975.0,975.0,975.0,975.0,0
2005-11-24,633.9763793945312,972.0,979.0,966.0,976.0,244000
2005-11-25,635.932861328125,975.0,977.0,952.0,977.0,112000
2005-11-28,651.5865478515625,999.0,999.0,971.0,977.0,179000
2005-11-29,643.7598876953125,987.0,1004.0,971.0,1000.0,309000
2005-11-30,626.8013916015625,961.0,995.0,961.0,995.0,243000
2005-12-01,641.15087890625,983.0,984.0,961.0,962.0,190000
2005-12-02,663.3267822265625,1017.0,1019.0,993.0,1003.0,429000
2005-12-05,701.1568603515625,1075.0,1090.0,1008.0,1018.0,435000
2005-12-06,694.63427734375,1065.0,1095.0,1057.0,1095.0,427000
2005-12-07,691.3733520507812,1060.0,1064.0,1044.0,1045.0,236000
2005-12-08,673.7628173828125,1033.0,1055.0,1029.0,1041.0,169000
2005-12-09,689.4163208007812,1057.0,1067.0,1044.0,1064.0,275000
2005-12-12,707.0269775390625,1084.0,1093.0,1065.0,1077.0,244000
2005-12-13,704.4179077148438,1080.0,1090.0,1078.0,1084.0,207000
2005-12-14,692.0252685546875,1061.0,1078.0,1055.0,1062.0,162000
2005-12-15,688.7642211914062,1056.0,1064.0,1021.0,1021.0,132000
2005-12-16,695.28662109375,1066.0,1077.0,1038.0,1054.0,179000
2005-12-19,690.0687255859375,1058.0,1066.0,1038.0,1050.0,150000
2005-12-20,704.4179077148438,1080.0,1080.0,1038.0,1038.0,155000
2005-12-21,705.7222900390625,1082.0,1088.0,1076.0,1080.0,205000
2005-12-22,704.4179077148438,1080.0,1080.0,1070.0,1080.0,169000
2005-12-23,704.4179077148438,1080.0,1080.0,1080.0,1080.0,0
2005-12-26,691.3733520507812,1060.0,1080.0,1042.0,1080.0,178000
2005-12-27,692.6776123046875,1062.0,1071.0,1058.0,1065.0,103000
2005-12-28,695.93896484375,1067.0,1068.0,1047.0,1047.0,142000
2005-12-29,691.3733520507812,1060.0,1068.0,1057.0,1057.0,137000
2005-12-30,684.8507080078125,1050.0,1061.0,1045.0,1060.0,73000
2006-01-02,684.8507080078125,1050.0,1050.0,1050.0,1050.0,0
2006-01-03,684.8507080078125,1050.0,1050.0,1050.0,1050.0,0
2006-01-04,688.7642211914062,1056.0,1064.0,1046.0,1046.0,70000
2006-01-05,704.4179077148438,1080.0,1080.0,1051.0,1051.0,140000
2006-01-06,748.7701416015625,1148.0,1170.0,1078.0,1081.0,455000
2006-01-09,748.7701416015625,1148.0,1148.0,1148.0,1148.0,0
2006-01-10,792.4703369140625,1215.0,1244.0,1181.0,1188.0,957000
2006-01-11,780.729736328125,1197.0,1203.0,1160.0,1195.0,462000
2006-01-12,778.1207885742188,1193.0,1213.0,1185.0,1213.0,254000
2006-01-13,767.6849975585938,1177.0,1190.0,1153.0,1181.0,257000
2006-01-16,768.9895629882812,1179.0,1187.0,1162.0,1162.0,123000
2006-01-17,747.465576171875,1146.0,1179.0,1145.0,1165.0,147000
2006-01-18,690.7208862304688,1059.0,1126.0,1002.0,1120.0,332000
2006-01-19,729.202880859375,1118.0,1147.0,1039.0,1039.0,278000
2006-01-20,748.7701416015625,1148.0,1162.0,1122.0,1122.0,333000
2006-01-23,711.592529296875,1091.0,1122.0,1080.0,1100.0,241000
2006-01-24,727.8983764648438,1116.0,1125.0,1095.0,1100.0,162000
2006-01-25,755.2926635742188,1158.0,1182.0,1130.0,1130.0,259000
2006-01-26,760.5106811523438,1166.0,1173.0,1158.0,1170.0,517000
2006-01-27,763.771728515625,1171.0,1178.0,1166.0,1170.0,227000
2006-01-30,764.423828125,1172.0,1199.0,1172.0,1183.0,376000
2006-01-31,765.076171875,1173.0,1180.0,1156.0,1172.0,114000
2006-02-01,760.5106811523438,1166.0,1179.0,1160.0,1160.0,100000
2006-02-02,760.5106811523438,1166.0,1176.0,1150.0,1165.0,163000
2006-02-03,755.2926635742188,1158.0,1170.0,1153.0,1169.0,90000
2006-02-06,762.4671630859375,1169.0,1178.0,1155.0,1169.0,176000
2006-02-07,760.5106811523438,1166.0,1175.0,1161.0,1170.0,164000
2006-02-08,744.8568115234375,1142.0,1167.0,1122.0,1160.0,151000
2006-02-09,752.0316162109375,1153.0,1170.0,1142.0,1142.0,150000
2006-02-10,737.6820678710938,1131.0,1168.0,1116.0,1168.0,139000
2006-02-13,684.8507080078125,1050.0,1120.0,1048.0,1119.0,239000
2006-02-14,691.3733520507812,1060.0,1081.0,987.0,1010.0,412000
2006-02-15,672.4583740234375,1031.0,1078.0,1022.0,1062.0,152000
2006-02-16,674.4149169921875,1034.0,1063.0,1011.0,1011.0,374000
2006-02-17,661.3702392578125,1014.0,1053.0,1011.0,1050.0,189000
2006-02-20,634.6282958984375,973.0,1005.0,950.0,995.0,247000
2006-02-21,661.3702392578125,1014.0,1028.0,960.0,963.0,175000
2006-02-22,667.2403564453125,1023.0,1045.0,1011.0,1014.0,126000
2006-02-23,697.8956298828125,1070.0,1076.0,1038.0,1043.0,200000
2006-02-24,703.7655639648438,1079.0,1091.0,1063.0,1090.0,202000
2006-02-27,730.50732421875,1120.0,1120.0,1090.0,1099.0,188000
2006-02-28,707.67919921875,1085.0,1125.0,1060.0,1125.0,276000
2006-03-01,686.8074951171875,1053.0,1070.0,1035.0,1060.0,242000
2006-03-02,671.1538696289062,1029.0,1068.0,1029.0,1065.0,269000
2006-03-03,663.3267822265625,1017.0,1045.0,1004.0,1029.0,259000
2006-03-06,668.5447387695312,1025.0,1036.0,1013.0,1018.0,156000
2006-03-07,664.6314086914062,1019.0,1046.0,1016.0,1046.0,105000
2006-03-08,654.8477783203125,1004.0,1039.0,1000.0,1015.0,151000
2006-03-09,675.7193603515625,1036.0,1047.0,1004.0,1007.0,275000
2006-03-10,696.5910034179688,1068.0,1085.0,1020.0,1020.0,455000
2006-03-13,706.3748168945312,1083.0,1088.0,1067.0,1067.0,124000
2006-03-14,707.67919921875,1085.0,1100.0,1075.0,1100.0,144000
2006-03-15,696.5910034179688,1068.0,1087.0,1050.0,1065.0,408000
2006-03-16,690.0687255859375,1058.0,1071.0,1046.0,1071.0,169000
2006-03-17,699.199951171875,1072.0,1072.0,1045.0,1070.0,144000
2006-03-20,710.9403076171875,1090.0,1098.0,1075.0,1079.0,116000
2006-03-21,710.9403076171875,1090.0,1090.0,1090.0,1090.0,0
2006-03-22,720.7239379882812,1105.0,1114.0,1093.0,1100.0,161000
2006-03-23,722.6807250976562,1108.0,1125.0,1102.0,1115.0,157000
2006-03-24,729.202880859375,1118.0,1138.0,1110.0,1138.0,178000
2006-03-27,734.4210205078125,1126.0,1134.0,1107.0,1107.0,111000
2006-03-28,740.4878540039062,1129.0,1138.0,1113.0,1120.0,97000
2006-03-29,744.423095703125,1135.0,1146.0,1114.0,1121.0,162000
2006-03-30,741.1436767578125,1130.0,1150.0,1116.0,1150.0,135000
2006-03-31,736.552734375,1123.0,1135.0,1123.0,1135.0,122000
2006-04-03,745.0789184570312,1136.0,1148.0,1107.0,1119.0,255000
2006-04-04,740.4878540039062,1129.0,1147.0,1121.0,1139.0,163000
2006-04-05,729.99365234375,1113.0,1135.0,1111.0,1127.0,138000
2006-04-06,736.552734375,1123.0,1125.0,1110.0,1112.0,94000
2006-04-07,738.5203857421875,1126.0,1126.0,1104.0,1120.0,111000
2006-04-10,731.3055419921875,1115.0,1122.0,1110.0,1120.0,97000
2006-04-11,721.4672241210938,1100.0,1116.0,1093.0,1116.0,116000
2006-04-12,709.661376953125,1082.0,1100.0,1082.0,1090.0,150000
2006-04-13,709.661376953125,1082.0,1110.0,1068.0,1082.0,135000
2006-04-14,707.0380859375,1078.0,1092.0,1078.0,1090.0,82000
2006-04-17,702.44677734375,1071.0,1094.0,1071.0,1082.0,107000
2006-04-18,704.414306640625,1074.0,1078.0,1061.0,1075.0,95000
2006-04-19,701.791015625,1070.0,1090.0,1070.0,1079.0,92000
2006-04-20,698.5114135742188,1065.0,1082.0,1060.0,1081.0,90000
2006-04-21,698.5114135742188,1065.0,1080.0,1061.0,1072.0,106000
2006-04-24,678.1792602539062,1034.0,1066.0,1028.0,1065.0,158000
2006-04-25,684.0821533203125,1043.0,1048.0,1029.0,1036.0,134000
2006-04-26,695.2322998046875,1060.0,1075.0,1057.0,1060.0,203000
2006-04-27,695.8878784179688,1061.0,1070.0,1053.0,1060.0,92000
2006-04-28,702.44677734375,1071.0,1078.0,1057.0,1062.0,195000
2006-05-01,712.9408569335938,1087.0,1090.0,1067.0,1075.0,268000
2006-05-02,722.7788696289062,1102.0,1105.0,1087.0,1087.0,298000
2006-05-03,722.7788696289062,1102.0,1102.0,1102.0,1102.0,0
2006-05-04,722.7788696289062,1102.0,1102.0,1102.0,1102.0,0
2006-05-05,722.7788696289062,1102.0,1102.0,1102.0,1102.0,0
2006-05-08,722.7788696289062,1102.0,1118.0,1100.0,1118.0,165000
2006-05-09,718.8436889648438,1096.0,1101.0,1090.0,1096.0,121000
2006-05-10,708.3497924804688,1080.0,1097.0,1072.0,1097.0,132000
2006-05-11,701.1350708007812,1069.0,1086.0,1057.0,1081.0,147000
2006-05-12,695.8878784179688,1061.0,1070.0,1050.0,1066.0,168000
2006-05-15,688.67333984375,1050.0,1059.0,1042.0,1050.0,102000
2006-05-16,686.0498657226562,1046.0,1077.0,1041.0,1072.0,351000
2006-05-17,698.5114135742188,1065.0,1068.0,1046.0,1061.0,416000
2006-05-18,704.414306640625,1074.0,1079.0,1038.0,1056.0,557000
2006-05-19,709.0054321289062,1081.0,1084.0,1053.0,1074.0,318000
2006-05-22,690.6410522460938,1053.0,1086.0,1027.0,1084.0,371000
2006-05-23,682.114501953125,1040.0,1071.0,1025.0,1071.0,380000
2006-05-24,693.9204711914062,1058.0,1058.0,1031.0,1031.0,195000
2006-05-25,678.8351440429688,1035.0,1046.0,1028.0,1038.0,211000
2006-05-26,703.1026611328125,1072.0,1077.0,1060.0,1068.0,401000
2006-05-29,696.5438842773438,1062.0,1074.0,1054.0,1073.0,203000
2006-05-30,689.3292846679688,1051.0,1065.0,1046.0,1062.0,168000
2006-05-31,673.5881958007812,1027.0,1040.0,1020.0,1026.0,138000
2006-06-01,667.68505859375,1018.0,1050.0,1013.0,1047.0,153000
2006-06-02,667.68505859375,1018.0,1030.0,978.0,1030.0,258000
2006-06-05,659.1587524414062,1005.0,1028.0,997.0,1019.0,220000
2006-06-06,640.7941284179688,977.0,997.0,972.0,985.0,167000
2006-06-07,619.1500854492188,944.0,981.0,932.0,981.0,416000
2006-06-08,587.66796875,896.0,934.0,886.0,932.0,396000
2006-06-09,594.2266845703125,906.0,932.0,894.0,900.0,366000
2006-06-12,604.7208251953125,922.0,928.0,907.0,910.0,232000
2006-06-13,585.04443359375,892.0,913.0,889.0,913.0,278000
2006-06-14,581.7649536132812,887.0,905.0,869.0,872.0,149000
2006-06-15,591.6029663085938,902.0,921.0,895.0,917.0,139000
2006-06-16,617.1824951171875,941.0,952.0,922.0,952.0,161000
2006-06-19,612.5914306640625,934.0,952.0,927.0,951.0,198000
2006-06-20,611.9354858398438,933.0,953.0,920.0,925.0,171000
2006-06-21,611.9354858398438,933.0,960.0,927.0,953.0,172000
2006-06-22,634.2352294921875,967.0,970.0,943.0,943.0,171000
2006-06-23,626.3648681640625,955.0,958.0,942.0,957.0,90000
2006-06-26,633.5794067382812,966.0,981.0,949.0,965.0,81000
2006-06-27,634.8912963867188,968.0,974.0,961.0,966.0,36000
2006-06-28,634.2352294921875,967.0,974.0,960.0,963.0,106000
2006-06-29,650.6323852539062,992.0,992.0,961.0,961.0,241000
2006-06-30,653.91162109375,997.0,1024.0,982.0,1022.0,144000
2006-07-03,661.7822265625,1009.0,1020.0,1007.0,1007.0,79000
2006-07-04,668.3411254882812,1019.0,1029.0,1005.0,1029.0,111000
2006-07-05,659.1587524414062,1005.0,1012.0,1000.0,1000.0,111000
2006-07-06,654.567626953125,998.0,1009.0,988.0,1009.0,66000
2006-07-07,662.4384155273438,1010.0,1019.0,1000.0,1014.0,152000
2006-07-10,669.6528930664062,1021.0,1025.0,983.0,1001.0,142000
2006-07-11,669.6528930664062,1021.0,1030.0,998.0,1019.0,194000
2006-07-12,661.1264038085938,1008.0,1010.0,998.0,1006.0,177000
2006-07-13,657.1912231445312,1002.0,1014.0,998.0,998.0,193000
2006-07-14,662.4384155273438,1010.0,1010.0,986.0,999.0,264000
2006-07-17,662.4384155273438,1010.0,1010.0,1010.0,1010.0,0
2006-07-18,638.8265991210938,974.0,990.0,971.0,979.0,237000
2006-07-19,626.3648681640625,955.0,972.0,934.0,964.0,232000
2006-07-20,652.60009765625,995.0,995.0,979.0,984.0,146000
2006-07-21,635.547119140625,969.0,980.0,962.0,965.0,212000
2006-07-24,617.1824951171875,941.0,969.0,916.0,969.0,342000
2006-07-25,624.397216796875,952.0,963.0,945.0,947.0,270000
2006-07-26,622.4295654296875,949.0,958.0,937.0,952.0,84000
2006-07-27,632.2677001953125,964.0,969.0,942.0,950.0,134000
2006-07-28,643.41748046875,981.0,988.0,960.0,986.0,369000
2006-07-31,642.1058349609375,979.0,995.0,970.0,987.0,358000
2006-08-01,655.2234497070312,999.0,1016.0,985.0,989.0,396000
2006-08-02,651.2882080078125,993.0,993.0,979.0,989.0,197000
2006-08-03,659.1587524414062,1005.0,1025.0,1002.0,1003.0,411000
2006-08-04,657.1912231445312,1002.0,1006.0,990.0,997.0,241000
2006-08-07,634.2352294921875,967.0,994.0,964.0,987.0,218000
2006-08-08,640.1382446289062,976.0,985.0,960.0,960.0,96000
2006-08-09,632.2677001953125,964.0,967.0,936.0,966.0,175000
2006-08-10,636.2029418945312,970.0,985.0,966.0,966.0,164000
2006-08-11,631.61181640625,963.0,992.0,950.0,971.0,172000
2006-08-14,642.7617797851562,980.0,983.0,973.0,983.0,132000
2006-08-15,637.5148315429688,972.0,985.0,967.0,981.0,222000
2006-08-16,644.7295532226562,983.0,985.0,975.0,982.0,209000
2006-08-17,644.7295532226562,983.0,992.0,981.0,983.0,171000
2006-08-18,649.9763793945312,991.0,998.0,982.0,985.0,123000
2006-08-21,645.3851318359375,984.0,1001.0,980.0,1001.0,141000
2006-08-22,644.7295532226562,983.0,987.0,976.0,984.0,127000
2006-08-23,645.3851318359375,984.0,990.0,979.0,979.0,106000
2006-08-24,632.9236450195312,965.0,987.0,957.0,983.0,171000
2006-08-25,632.2677001953125,964.0,982.0,962.0,973.0,139000
2006-08-28,614.5590209960938,937.0,974.0,932.0,974.0,213000
2006-08-29,609.9677734375,930.0,964.0,927.0,940.0,314000
2006-08-30,606.0326538085938,924.0,943.0,918.0,930.0,218000
2006-08-31,617.1824951171875,941.0,941.0,919.0,919.0,203000
2006-09-01,606.6884765625,925.0,945.0,924.0,943.0,225000
2006-09-04,617.8383178710938,942.0,942.0,931.0,935.0,255000
2006-09-05,619.1500854492188,944.0,947.0,937.0,944.0,215000
2006-09-06,615.8707885742188,939.0,950.0,939.0,945.0,111000
2006-09-07,601.4413452148438,917.0,936.0,916.0,930.0,308000
2006-09-08,602.7532348632812,919.0,925.0,911.0,922.0,348000
2006-09-11,587.66796875,896.0,921.0,894.0,920.0,299000
2006-09-12,564.712158203125,861.0,905.0,860.0,893.0,380000
2006-09-13,564.712158203125,861.0,884.0,861.0,880.0,201000
2006-09-14,566.0238037109375,863.0,874.0,862.0,868.0,101000
2006-09-15,565.3679809570312,862.0,871.0,861.0,866.0,107000
2006-09-18,565.3679809570312,862.0,862.0,862.0,862.0,0
2006-09-19,570.614990234375,870.0,886.0,865.0,867.0,175000
2006-09-20,558.8092651367188,852.0,870.0,850.0,869.0,165000
2006-09-21,566.6797485351562,864.0,875.0,860.0,860.0,191000
2006-09-22,558.8092651367188,852.0,870.0,852.0,854.0,122000
2006-09-25,559.4651489257812,853.0,861.0,849.0,859.0,246000
2006-09-26,549.05859375,831.0,856.0,826.0,853.0,203000
2006-09-27,553.0230712890625,837.0,844.0,828.0,834.0,340000
2006-09-28,552.3623657226562,836.0,847.0,831.0,841.0,228000
2006-09-29,553.0230712890625,837.0,846.0,833.0,843.0,164000
2006-10-02,569.5411987304688,862.0,878.0,844.0,844.0,307000
2006-10-03,559.6302490234375,847.0,863.0,844.0,858.0,420000
2006-10-04,541.790771484375,820.0,859.0,819.0,847.0,325000
2006-10-05,553.683837890625,838.0,838.0,824.0,832.0,233000
2006-10-06,542.4515380859375,821.0,837.0,815.0,833.0,420000
2006-10-09,542.4515380859375,821.0,821.0,821.0,821.0,0
2006-10-10,545.094482421875,825.0,835.0,805.0,810.0,342000
2006-10-11,526.5942993164062,797.0,827.0,797.0,826.0,332000
2006-10-12,529.2371826171875,801.0,808.0,788.0,798.0,349000
2006-10-13,545.094482421875,825.0,826.0,807.0,821.0,328000
2006-10-16,561.6124877929688,850.0,850.0,835.0,842.0,307000
2006-10-17,547.0767211914062,828.0,851.0,826.0,851.0,480000
2006-10-18,560.2908325195312,848.0,849.0,827.0,835.0,246000
2006-10-19,579.4517822265625,877.0,883.0,857.0,860.0,644000
2006-10-20,600.5949096679688,909.0,914.0,884.0,884.0,767000
2006-10-23,609.184326171875,922.0,927.0,903.0,910.0,703000
2006-10-24,596.6307373046875,903.0,927.0,901.0,923.0,422000
2006-10-25,586.0591430664062,887.0,906.0,878.0,904.0,564000
2006-10-26,603.898681640625,914.0,915.0,900.0,907.0,366000
2006-10-27,539.8086547851562,817.0,844.0,814.0,844.0,1550000
2006-10-30,531.2192993164062,804.0,816.0,795.0,815.0,1144000
2006-10-31,509.4156494140625,771.0,805.0,759.0,805.0,1685000
2006-11-01,516.0226440429688,781.0,786.0,771.0,779.0,814000
2006-11-02,502.8085021972656,761.0,779.0,755.0,779.0,1242000
2006-11-03,502.8085021972656,761.0,761.0,761.0,761.0,0
2006-11-06,501.4867858886719,759.0,762.0,751.0,762.0,701000
2006-11-07,492.23675537109375,745.0,765.0,740.0,762.0,691000
2006-11-08,498.8440246582031,755.0,764.0,736.0,746.0,873000
2006-11-09,478.3617248535156,724.0,755.0,723.0,755.0,606000
2006-11-10,485.6294860839844,735.0,744.0,721.0,726.0,599000
2006-11-13,487.61175537109375,738.0,746.0,736.0,740.0,502000
2006-11-14,494.2189025878906,748.0,752.0,743.0,748.0,428000
2006-11-15,507.4334411621094,768.0,771.0,755.0,756.0,475000
2006-11-16,519.3262329101562,786.0,787.0,772.0,775.0,602000
2006-11-17,522.6300659179688,791.0,796.0,790.0,792.0,552000
2006-11-20,498.183349609375,754.0,796.0,742.0,796.0,943000
2006-11-21,501.4867858886719,759.0,771.0,756.0,756.0,421000
2006-11-22,516.0226440429688,781.0,783.0,755.0,766.0,619000
2006-11-23,516.0226440429688,781.0,781.0,781.0,781.0,0
2006-11-24,514.0405883789062,778.0,789.0,767.0,789.0,228000
2006-11-27,520.6477661132812,788.0,790.0,777.0,779.0,372000
2006-11-28,522.6300659179688,791.0,796.0,778.0,788.0,467000
2006-11-29,531.2192993164062,804.0,806.0,795.0,801.0,343000
2006-11-30,533.8622436523438,808.0,815.0,802.0,815.0,220000
2006-12-01,539.1480102539062,816.0,818.0,809.0,813.0,314000
2006-12-04,534.5228881835938,809.0,813.0,803.0,812.0,385000
2006-12-05,529.2371826171875,801.0,812.0,792.0,810.0,347000
2006-12-06,536.5050048828125,812.0,815.0,804.0,811.0,482000
2006-12-07,535.8444213867188,811.0,815.0,807.0,813.0,196000
2006-12-08,541.790771484375,820.0,825.0,815.0,818.0,469000
2006-12-11,568.8804931640625,861.0,861.0,824.0,830.0,748000
2006-12-12,566.2374267578125,857.0,870.0,851.0,863.0,402000
2006-12-13,571.5234375,865.0,867.0,857.0,861.0,243000
2006-12-14,583.4163208007812,883.0,885.0,857.0,867.0,394000
2006-12-15,578.791259765625,876.0,888.0,870.0,884.0,423000
2006-12-18,573.50537109375,868.0,876.0,865.0,875.0,209000
2006-12-19,563.5945434570312,853.0,865.0,853.0,858.0,273000
2006-12-20,575.4876098632812,871.0,872.0,850.0,850.0,284000
2006-12-21,572.8446655273438,867.0,873.0,858.0,872.0,243000
2006-12-22,572.1841430664062,866.0,868.0,856.0,859.0,177000
2006-12-25,576.1481323242188,872.0,878.0,858.0,858.0,226000
2006-12-26,582.0947875976562,881.0,882.0,861.0,875.0,164000
2006-12-27,581.4340209960938,880.0,882.0,877.0,882.0,173000
2006-12-28,576.808837890625,873.0,876.0,866.0,874.0,193000
2006-12-29,599.9342651367188,908.0,915.0,883.0,886.0,397000
2007-01-04,599.273681640625,907.0,909.0,902.0,909.0,99000
2007-01-05,583.4163208007812,883.0,909.0,880.0,909.0,241000
2007-01-09,578.1303100585938,875.0,883.0,864.0,877.0,276000
2007-01-10,563.5945434570312,853.0,877.0,846.0,876.0,326000
2007-01-11,562.2733154296875,851.0,867.0,846.0,853.0,259000
2007-01-12,561.6124877929688,850.0,861.0,845.0,861.0,405000
2007-01-15,573.50537109375,868.0,868.0,848.0,850.0,452000
2007-01-16,569.5411987304688,862.0,868.0,854.0,868.0,253000
2007-01-17,572.1841430664062,866.0,872.0,848.0,868.0,416000
2007-01-18,575.4876098632812,871.0,877.0,863.0,865.0,263000
2007-01-19,575.4876098632812,871.0,878.0,868.0,876.0,222000
2007-01-22,576.808837890625,873.0,883.0,870.0,883.0,239000
2007-01-23,578.1303100585938,875.0,880.0,865.0,873.0,194000
2007-01-24,578.1303100585938,875.0,877.0,872.0,875.0,189000
2007-01-25,571.5234375,865.0,878.0,865.0,878.0,174000
2007-01-26,578.1303100585938,875.0,875.0,867.0,875.0,287000
2007-01-29,580.7732543945312,879.0,884.0,869.0,875.0,256000
2007-01-30,578.791259765625,876.0,882.0,874.0,878.0,224000
2007-01-31,574.1663208007812,869.0,878.0,865.0,878.0,283000
2007-02-01,565.5767822265625,856.0,870.0,846.0,870.0,452000
2007-02-02,563.5945434570312,853.0,863.0,852.0,863.0,377000
2007-02-05,554.344482421875,839.0,853.0,839.0,853.0,274000
2007-02-06,560.2908325195312,848.0,857.0,841.0,842.0,192000
2007-02-07,556.3267211914062,842.0,857.0,841.0,853.0,197000
2007-02-08,553.0230712890625,837.0,851.0,837.0,851.0,139000
2007-02-09,561.6124877929688,850.0,852.0,835.0,836.0,218000
2007-02-13,560.2908325195312,848.0,854.0,841.0,852.0,172000
2007-02-14,558.3088989257812,845.0,850.0,844.0,848.0,158000
2007-02-15,569.5411987304688,862.0,865.0,848.0,853.0,281000
2007-02-16,577.4697875976562,874.0,876.0,856.0,860.0,245000
2007-02-19,580.7732543945312,879.0,883.0,872.0,877.0,248000
2007-02-20,586.0591430664062,887.0,887.0,877.0,877.0,187000
2007-02-21,586.7198486328125,888.0,893.0,880.0,881.0,211000
2007-02-22,585.3984985351562,886.0,888.0,878.0,878.0,175000
2007-02-23,586.7198486328125,888.0,888.0,880.0,880.0,170000
2007-02-26,603.2379150390625,913.0,915.0,893.0,893.0,532000
2007-02-27,585.3984985351562,886.0,895.0,881.0,893.0,331000
2007-02-28,558.3088989257812,845.0,850.0,816.0,816.0,607000
2007-03-01,551.7017211914062,835.0,845.0,827.0,838.0,700000
2007-03-02,543.1124267578125,822.0,835.0,821.0,835.0,327000
2007-03-05,525.2728271484375,795.0,822.0,794.0,820.0,409000
2007-03-06,540.4691772460938,818.0,820.0,795.0,795.0,281000
2007-03-07,532.5407104492188,806.0,826.0,805.0,820.0,384000
2007-03-08,543.7730712890625,823.0,824.0,806.0,806.0,254000
2007-03-09,548.3980102539062,830.0,831.0,820.0,823.0,269000
2007-03-12,561.6124877929688,850.0,860.0,842.0,860.0,262000
2007-03-13,556.3267211914062,842.0,857.0,841.0,857.0,265000
2007-03-14,538.4871826171875,815.0,829.0,813.0,822.0,310000
2007-03-15,545.094482421875,825.0,831.0,816.0,825.0,293000
2007-03-16,539.8086547851562,817.0,834.0,816.0,834.0,239000
2007-03-19,543.7730712890625,823.0,826.0,817.0,818.0,243000
2007-03-20,550.3802490234375,833.0,837.0,827.0,833.0,200000
2007-03-22,556.9874267578125,843.0,846.0,839.0,843.0,227000
2007-03-23,557.6480102539062,844.0,847.0,830.0,847.0,246000
2007-03-26,562.9338989257812,852.0,854.0,844.0,854.0,273000
2007-03-27,564.9322509765625,848.0,854.0,837.0,850.0,155000
2007-03-28,563.6001586914062,846.0,850.0,842.0,848.0,122000
2007-03-29,572.2606811523438,859.0,859.0,838.0,844.0,178000
2007-03-30,574.2590942382812,862.0,863.0,853.0,862.0,243000
2007-04-02,554.9396362304688,833.0,863.0,830.0,862.0,302000
2007-04-03,556.27197265625,835.0,846.0,828.0,833.0,275000
2007-04-04,564.26611328125,847.0,848.0,841.0,845.0,224000
2007-04-05,565.5986328125,849.0,855.0,843.0,848.0,334000
2007-04-06,563.6001586914062,846.0,858.0,836.0,841.0,159000
2007-04-09,572.2606811523438,859.0,859.0,848.0,850.0,228000
2007-04-10,571.5944213867188,858.0,860.0,851.0,852.0,250000
2007-04-11,563.6001586914062,846.0,856.0,844.0,856.0,294000
2007-04-12,561.6015625,843.0,850.0,843.0,850.0,159000
2007-04-13,555.6058349609375,834.0,848.0,833.0,843.0,183000
2007-04-16,562.933837890625,845.0,852.0,840.0,843.0,182000
2007-04-17,550.2761840820312,826.0,852.0,826.0,846.0,365000
2007-04-18,561.6015625,843.0,845.0,830.0,835.0,165000
2007-04-19,558.2705078125,838.0,845.0,831.0,844.0,267000
2007-04-20,558.9365844726562,839.0,844.0,831.0,838.0,205000
2007-04-23,556.9381713867188,836.0,844.0,825.0,829.0,192000
2007-04-24,556.9381713867188,836.0,838.0,826.0,837.0,172000
2007-04-25,552.2748413085938,829.0,831.0,823.0,827.0,188000
2007-04-26,558.2705078125,838.0,840.0,826.0,839.0,166000
2007-04-27,560.2691650390625,841.0,846.0,828.0,828.0,218000
2007-05-01,566.930908203125,851.0,854.0,841.0,842.0,186000
2007-05-02,565.5986328125,849.0,853.0,835.0,852.0,245000
2007-05-07,569.5958862304688,855.0,856.0,851.0,856.0,192000
2007-05-08,570.9281616210938,857.0,859.0,855.0,857.0,101000
2007-05-09,563.6001586914062,846.0,852.0,844.0,852.0,272000
2007-05-10,566.2649536132812,850.0,856.0,850.0,856.0,216000
2007-05-11,558.2705078125,838.0,841.0,833.0,835.0,239000
2007-05-14,566.2649536132812,850.0,854.0,847.0,854.0,344000
2007-05-15,554.9396362304688,833.0,842.0,833.0,842.0,344000
2007-05-16,546.9451904296875,821.0,823.0,818.0,821.0,409000
2007-05-17,559.6029663085938,840.0,845.0,838.0,845.0,360000
2007-05-18,558.9365844726562,839.0,851.0,828.0,851.0,414000
2007-05-21,562.2677001953125,844.0,848.0,837.0,848.0,331000
2007-05-22,572.2606811523438,859.0,860.0,840.0,845.0,339000
2007-05-23,577.59033203125,867.0,884.0,863.0,864.0,631000
2007-05-24,572.9268188476562,860.0,860.0,848.0,850.0,546000
2007-05-25,559.6029663085938,840.0,845.0,835.0,840.0,491000
2007-05-28,559.6029663085938,840.0,844.0,836.0,843.0,457000
2007-05-29,555.6058349609375,834.0,843.0,830.0,837.0,604000
2007-05-30,566.930908203125,851.0,851.0,839.0,842.0,411000
2007-05-31,570.9281616210938,857.0,857.0,852.0,853.0,283000
2007-06-01,574.9253540039062,863.0,865.0,860.0,864.0,234000
2007-06-04,573.593017578125,861.0,865.0,858.0,865.0,265000
2007-06-05,574.2590942382812,862.0,863.0,856.0,856.0,287000
2007-06-06,579.5887451171875,870.0,873.0,868.0,870.0,261000
2007-06-07,584.2520751953125,877.0,883.0,866.0,869.0,329000
2007-06-08,568.9298095703125,854.0,856.0,848.0,852.0,371000
2007-06-11,574.2590942382812,862.0,876.0,856.0,870.0,579000
2007-06-12,581.5872802734375,873.0,879.0,863.0,869.0,355000
2007-06-13,571.5944213867188,858.0,862.0,851.0,856.0,361000
2007-06-14,566.2649536132812,850.0,854.0,846.0,848.0,628000
2007-06-15,577.59033203125,867.0,872.0,856.0,863.0,662000
2007-06-18,585.5844116210938,879.0,882.0,876.0,879.0,314000
2007-06-19,584.2520751953125,877.0,879.0,874.0,879.0,155000
2007-06-20,583.5859375,876.0,881.0,873.0,873.0,249000
2007-06-21,597.5760498046875,897.0,898.0,878.0,881.0,432000
2007-06-22,606.2365112304688,910.0,911.0,903.0,903.0,479000
2007-06-25,606.2365112304688,910.0,918.0,910.0,918.0,381000
2007-06-26,601.5732421875,903.0,905.0,902.0,903.0,420000
2007-06-27,589.581787109375,885.0,888.0,877.0,885.0,885000
2007-06-28,597.5760498046875,897.0,898.0,890.0,890.0,215000
2007-06-29,610.2337036132812,916.0,919.0,905.0,907.0,292000
2007-07-02,621.5590209960938,933.0,934.0,925.0,930.0,364000
2007-07-03,616.2294311523438,925.0,933.0,915.0,933.0,163000
2007-07-04,618.894287109375,929.0,930.0,926.0,929.0,182000
2007-07-05,616.2294311523438,925.0,934.0,925.0,930.0,187000
2007-07-06,606.2365112304688,910.0,926.0,905.0,926.0,401000
2007-07-09,610.2337036132812,916.0,920.0,912.0,919.0,209000
2007-07-10,608.9013061523438,914.0,917.0,908.0,917.0,118000
2007-07-11,602.9056396484375,905.0,909.0,900.0,909.0,155000
2007-07-12,601.5732421875,903.0,914.0,900.0,907.0,215000
2007-07-13,599.5745849609375,900.0,909.0,895.0,906.0,218000
2007-07-17,595.5775146484375,894.0,896.0,890.0,891.0,138000
2007-07-18,587.5831298828125,882.0,897.0,880.0,895.0,116000
2007-07-19,600.9069213867188,902.0,902.0,897.0,899.0,300000
2007-07-20,599.5745849609375,900.0,902.0,898.0,901.0,230000
2007-07-23,595.5775146484375,894.0,899.0,889.0,889.0,199000
2007-07-24,596.2435913085938,895.0,898.0,883.0,883.0,262000
2007-07-25,588.249267578125,883.0,886.0,882.0,885.0,156000
2007-07-26,590.2479248046875,886.0,901.0,886.0,894.0,315000
2007-07-27,572.9268188476562,860.0,865.0,857.0,857.0,193000
2007-07-30,577.59033203125,867.0,870.0,846.0,847.0,217000
2007-07-31,580.9208984375,872.0,877.0,871.0,877.0,128000
2007-08-01,574.2590942382812,862.0,876.0,860.0,870.0,193000
2007-08-02,576.2576904296875,865.0,868.0,850.0,863.0,324000
2007-08-03,572.2606811523438,859.0,869.0,853.0,862.0,198000
2007-08-06,578.9226684570312,869.0,870.0,853.0,859.0,190000
2007-08-07,568.263427734375,853.0,861.0,846.0,857.0,478000
2007-08-08,570.2620849609375,856.0,861.0,850.0,853.0,260000
2007-08-09,598.2423095703125,898.0,910.0,893.0,899.0,786000
2007-08-10,594.9111938476562,893.0,909.0,892.0,895.0,441000
2007-08-13,576.924072265625,866.0,868.0,864.0,867.0,283000
2007-08-14,570.2620849609375,856.0,868.0,850.0,859.0,260000
2007-08-15,557.6045532226562,837.0,846.0,836.0,841.0,277000
2007-08-16,550.9423217773438,827.0,831.0,810.0,814.0,262000
2007-08-17,504.9750061035156,758.0,828.0,750.0,821.0,553000
2007-08-20,530.2902221679688,796.0,804.0,788.0,800.0,209000
2007-08-21,536.2862548828125,805.0,813.0,802.0,807.0,161000
2007-08-22,532.2890014648438,799.0,819.0,796.0,819.0,218000
2007-08-23,537.6185302734375,807.0,809.0,796.0,803.0,258000
2007-08-24,538.950927734375,809.0,818.0,805.0,818.0,110000
2007-08-27,538.2847900390625,808.0,814.0,806.0,811.0,96000
2007-08-28,534.2874755859375,802.0,806.0,796.0,798.0,84000
2007-08-29,528.9578857421875,794.0,798.0,793.0,794.0,169000
2007-08-30,534.2874755859375,802.0,802.0,797.0,798.0,108000
2007-08-31,544.2802734375,817.0,817.0,801.0,801.0,169000
2007-09-03,545.6128540039062,819.0,823.0,810.0,818.0,104000
2007-09-04,546.2789306640625,820.0,830.0,811.0,820.0,160000
2007-09-05,538.950927734375,809.0,827.0,807.0,821.0,139000
2007-09-06,540.2833862304688,811.0,815.0,796.0,796.0,198000
2007-09-07,540.2833862304688,811.0,822.0,803.0,819.0,167000
2007-09-10,532.9549560546875,800.0,806.0,794.0,800.0,181000
2007-09-11,528.9578857421875,794.0,805.0,789.0,795.0,176000
2007-09-12,528.9578857421875,794.0,806.0,790.0,804.0,143000
2007-09-13,530.2902221679688,796.0,805.0,796.0,802.0,197000
2007-09-14,536.952392578125,806.0,810.0,796.0,796.0,210000
2007-09-18,522.2960205078125,784.0,792.0,784.0,792.0,185000
2007-09-19,532.9549560546875,800.0,800.0,786.0,793.0,258000
2007-09-20,531.6228637695312,798.0,801.0,790.0,792.0,128000
2007-09-21,530.95654296875,797.0,806.0,786.0,806.0,199000
2007-09-25,539.6937866210938,803.0,805.0,789.0,791.0,175000
2007-09-26,530.95654296875,790.0,791.0,780.0,785.0,276000
2007-09-27,539.0216674804688,802.0,802.0,794.0,799.0,146000
2007-09-28,549.10302734375,817.0,827.0,810.0,816.0,294000
2007-10-01,557.8404541015625,830.0,845.0,825.0,830.0,171000
2007-10-02,558.5125732421875,831.0,837.0,826.0,826.0,150000
2007-10-03,559.1846313476562,832.0,833.0,826.0,827.0,113000
2007-10-04,549.10302734375,817.0,832.0,810.0,832.0,204000
2007-10-05,546.414794921875,813.0,816.0,807.0,807.0,186000
2007-10-09,553.807861328125,824.0,833.0,812.0,812.0,260000
2007-10-10,555.152099609375,826.0,828.0,814.0,814.0,143000
2007-10-11,559.1846313476562,832.0,832.0,816.0,816.0,135000
2007-10-12,555.152099609375,826.0,831.0,826.0,831.0,135000
2007-10-15,557.1683959960938,829.0,832.0,825.0,830.0,66000
2007-10-16,545.7426147460938,812.0,821.0,812.0,813.0,188000
2007-10-17,538.3496704101562,801.0,809.0,780.0,809.0,171000
2007-10-18,547.0868530273438,814.0,816.0,792.0,795.0,146000
2007-10-19,537.0054931640625,799.0,799.0,799.0,799.0,146000
2007-10-22,525.579833984375,782.0,793.0,759.0,759.0,239000
2007-10-23,526.251708984375,783.0,783.0,777.0,777.0,239000
2007-10-24,521.5471801757812,776.0,783.0,776.0,783.0,239000
2007-10-25,518.1868286132812,771.0,776.0,771.0,776.0,239000
2007-10-26,524.9076538085938,781.0,781.0,779.0,779.0,239000
2007-10-29,527.59619140625,785.0,795.0,781.0,781.0,146000
2007-10-30,532.3007202148438,792.0,792.0,784.0,784.0,146000
2007-10-31,545.7426147460938,812.0,815.0,792.0,793.0,177000
2007-11-01,551.1193237304688,820.0,820.0,812.0,812.0,177000
2007-11-02,545.7426147460938,812.0,815.0,812.0,815.0,177000
2007-11-05,537.0054931640625,799.0,812.0,795.0,802.0,262000
2007-11-06,539.0216674804688,802.0,806.0,802.0,806.0,262000
2007-11-07,531.6287841796875,791.0,793.0,791.0,793.0,262000
2007-11-08,524.9076538085938,781.0,781.0,776.0,776.0,262000
2007-11-09,524.235595703125,780.0,781.0,780.0,781.0,262000
2007-11-12,510.7936096191406,760.0,776.0,760.0,776.0,262000
2007-11-13,521.5471801757812,776.0,776.0,773.0,773.0,262000
2007-11-14,531.6287841796875,791.0,791.0,776.0,776.0,262000
2007-11-15,535.6611938476562,797.0,804.0,797.0,804.0,262000
2007-11-16,527.59619140625,785.0,791.0731811523438,785.0,791.0731811523438,262000
2007-11-19,515.4983520507812,767.0,780.0,767.0,780.0,262000
2007-11-20,513.4820556640625,764.0,764.0,741.0,741.0,262000
2007-11-21,512.1380004882812,762.0,774.1475219726562,762.0,774.1475219726562,262000
2007-11-22,520.8751831054688,775.0,775.0,762.0,762.0,262000
2007-11-26,527.59619140625,785.0,795.0,764.0,775.0,176000
2007-11-27,526.9239501953125,784.0,784.0,764.0,764.0,262000
2007-11-28,526.9239501953125,784.0,788.0,778.0,787.0,204000
2007-11-29,541.0380859375,805.0,805.0,805.0,805.0,204000
2007-11-30,556.4962768554688,828.0,828.0,823.0,823.0,204000
2007-12-03,550.4474487304688,819.0,821.0,819.0,821.0,204000
2007-12-04,539.6937866210938,803.0,820.0,803.0,820.0,204000
2007-12-05,547.0868530273438,814.0,814.0,803.0,803.0,204000
2007-12-06,556.4962768554688,828.0,828.0,814.0,814.0,204000
2007-12-07,557.1683959960938,829.0,829.0,828.0,828.0,204000
2007-12-10,556.4962768554688,828.0,828.0,827.0,827.0,204000
2007-12-11,566.5777587890625,843.0,843.0,840.0,840.0,204000
2007-12-12,567.921875,845.0,845.0,837.0,837.0,204000
2007-12-13,554.4799194335938,825.0,838.0,825.0,838.0,204000
2007-12-14,563.8892211914062,839.0,845.0,839.0,845.0,275000
2007-12-17,548.43115234375,816.0,837.0,816.0,837.0,275000
2007-12-18,545.7426147460938,812.0,816.0,799.0,813.0,176000
2007-12-19,549.10302734375,817.0,819.0,817.0,819.0,275000
2007-12-20,541.7102661132812,806.0,815.0,806.0,812.0,144000
2007-12-21,546.414794921875,813.0,813.0,806.0,806.0,144000
2007-12-25,545.7426147460938,812.0,812.0,810.0,810.0,144000
2007-12-26,558.5125732421875,831.0,832.0,819.0,819.0,188000
2007-12-27,559.8568115234375,833.0,833.0,831.0,831.0,188000
2007-12-28,542.3822631835938,807.0,817.0,792.0,793.0,207000
2008-01-04,521.5471801757812,776.0,824.0,768.0,807.0,252000
2008-01-07,524.235595703125,780.0,780.0,767.0,767.0,188000
2008-01-08,511.46588134765625,761.0,768.0,761.0,768.0,188000
2008-01-09,520.2030639648438,774.0,774.0,763.0,763.0,188000
2008-01-10,504.07269287109375,750.0,761.0,750.0,761.0,188000
2008-01-11,498.6959228515625,742.0,750.0,742.0,750.0,188000
2008-01-15,474.50048828125,706.0,721.0,706.0,721.0,188000
2008-01-16,453.66552734375,675.0,700.0,658.0,696.0,324000
2008-01-17,481.2215881347656,716.0,716.0,694.0,694.0,324000
2008-01-18,496.0075073242188,738.0,744.0,710.0,710.0,254000
2008-01-21,473.15625,704.0,716.0,704.0,716.0,254000
2008-01-22,451.6490783691406,672.0,684.0,672.0,684.0,254000
2008-01-23,464.4189453125,691.0,691.0,691.0,691.0,254000
2008-01-24,483.9098510742188,720.0,720.0,691.0,691.0,254000
2008-01-25,513.4820556640625,764.0,764.0,756.0,756.0,254000
2008-01-28,494.6632995605469,736.0,759.0,736.0,759.0,254000
2008-01-29,506.76116943359375,754.0,754.0,744.0,744.0,254000
2008-01-30,492.6471557617188,733.0,749.0,733.0,749.0,254000
2008-01-31,515.4983520507812,767.0,767.0,756.0,756.0,254000
2008-02-01,518.85888671875,772.0,772.0,767.0,767.0,254000
2008-02-04,525.579833984375,782.0,786.0,782.0,786.0,254000
2008-02-05,527.59619140625,785.0,785.0,781.0,781.0,254000
2008-02-06,502.72845458984375,748.0,773.0,748.0,773.0,254000
2008-02-07,506.0889587402344,753.0,771.0,753.0,771.0,254000
2008-02-08,504.07269287109375,750.0,764.0,748.0,763.0,193000
2008-02-12,493.3191833496094,734.0,741.0,734.0,741.0,193000
2008-02-13,499.3680419921875,743.0,750.0,743.0,750.0,193000
2008-02-14,505.4169616699219,752.0,752.0,743.0,743.0,193000
2008-02-15,513.4820556640625,764.0,768.0,738.0,741.0,276000
2008-02-18,506.76116943359375,754.0,761.0,754.0,761.0,276000
2008-02-19,506.76116943359375,754.0,754.0,740.0,740.0,276000
2008-02-20,481.2215881347656,716.0,723.0,716.0,723.0,276000
2008-02-21,478.5329284667969,712.0,712.0,711.0,711.0,276000
2008-02-22,474.50048828125,706.0,706.0,698.0,698.0,276000
2008-02-25,482.5655822753906,718.0,718.0,712.0,712.0,276000
2008-02-26,482.5655822753906,718.0,720.0,718.0,720.0,276000
2008-02-27,483.2378234863281,719.0,719.0,718.0,718.0,276000
2008-02-28,491.9749755859375,732.0,732.0,724.0,724.0,276000
2008-02-29,477.1888732910156,710.0,710.0,710.0,710.0,276000
2008-03-03,465.0910339355469,692.0,710.0,692.0,710.0,276000
2008-03-04,463.0748596191406,689.0,696.0,689.0,696.0,276000
2008-03-05,459.0421752929688,683.0,683.0,680.0,680.0,276000
2008-03-06,469.1236267089844,698.0,698.0,685.0,685.0,276000
2008-03-07,461.0585021972656,686.0,688.0,686.0,688.0,276000
2008-03-10,429.4699096679688,639.0,639.0,639.0,639.0,276000
2008-03-11,428.125732421875,637.0,637.0,637.0,637.0,276000
2008-03-12,438.2073059082031,652.0,655.0,652.0,655.0,276000
2008-03-13,426.10943603515625,634.0,647.0,634.0,647.0,276000
2008-03-14,409.3070373535156,609.0,617.0,609.0,617.0,276000
2008-03-17,391.1604919433594,582.0,582.0,575.0,575.0,276000
2008-03-18,389.1441345214844,579.0,580.0,579.0,580.0,276000
2008-03-19,396.5372619628906,590.0,590.0,584.0,584.0,276000
2008-03-21,403.2582702636719,600.0,600.0,597.0,597.0,276000
2008-03-24,403.9302673339844,601.0,601.0,601.0,601.0,276000
2008-03-25,410.6511840820313,611.0,611.0,609.0,609.0,276000
2008-03-26,407.9271545410156,599.0,602.0,599.0,602.0,276000
2008-03-27,401.798095703125,590.0,590.0,590.0,590.0,276000
2008-03-28,398.39300537109375,585.0,591.0,585.0,591.0,276000
2008-03-31,402.4790649414063,591.0,591.0,590.0,590.0,276000
2008-04-01,430.4006042480469,632.0,632.0,593.0,593.0,276000
2008-04-02,444.701904296875,653.0,653.0,647.0,650.0,276000
2008-04-03,458.322265625,673.0,673.0,655.0,655.0,276000
2008-04-04,446.7449340820313,656.0,656.0,656.0,656.0,276000
2008-04-07,450.83111572265625,662.0,662.0,656.0,656.0,276000
2008-04-08,466.4942932128906,685.0,685.0,680.3856201171875,680.3856201171875,276000
2008-04-09,459.0033264160156,674.0,680.0,666.0,673.0,231000
2008-04-10,433.8057556152344,637.0,637.0,637.0,637.0,231000
2008-04-11,448.7879028320313,659.0,659.0,652.0,652.0,231000
2008-04-14,450.1500854492188,661.0,661.0,657.0,657.0,231000
2008-04-15,456.2792053222656,670.0,670.0,665.4099731445312,665.4099731445312,231000
2008-04-16,456.960205078125,671.0,672.0,654.0,658.0,184000
2008-04-17,470.5804443359375,691.0,691.0,687.0,687.0,184000
2008-04-18,474.6665344238281,697.0,697.0,682.0,682.0,184000
2008-04-21,476.7095947265625,700.0,700.0,691.0,691.0,184000
2008-04-22,470.5804443359375,691.0,692.0,691.0,692.0,184000
2008-04-23,468.53753662109375,688.0,692.0,685.0,685.0,64000
2008-04-24,467.8564453125,687.0,690.0,687.0,690.0,64000
2008-04-25,476.7095947265625,700.0,700.0,697.0,697.0,64000
2008-04-28,490.3298645019531,720.0,720.0,720.0,720.0,64000
2008-04-30,488.96771240234375,718.0,721.0,718.0,721.0,64000
2008-05-01,483.5197143554688,710.0,710.0,709.0,709.0,64000
2008-05-02,486.924560546875,715.0,717.0,712.0,715.0,118000
2008-05-07,494.4159851074219,726.0,726.0,725.0,725.0,118000
2008-05-08,488.2868957519531,717.0,721.0,717.0,721.0,99000
2008-05-09,473.3045349121094,695.0,716.0,695.0,716.0,99000
2008-05-12,446.7449340820313,656.0,658.0,656.0,658.0,99000
2008-05-13,454.2360534667969,667.0,667.0,664.6157836914062,664.6157836914062,99000
2008-05-14,468.53753662109375,688.0,688.0,681.0,681.0,99000
2008-05-15,473.3045349121094,695.0,700.0,695.0,700.0,99000
2008-05-16,476.7095947265625,700.0,700.0,698.782470703125,698.782470703125,99000
2008-05-19,471.2613830566406,692.0,692.0,688.0,688.0,99000
2008-05-20,489.64886474609375,719.0,719.0,690.0,690.0,99000
2008-05-21,484.20068359375,711.0,711.0,706.0,706.0,99000
2008-05-22,494.4159851074219,726.0,726.0,725.0,725.0,99000
2008-05-23,487.6056823730469,716.0,726.0,716.0,717.0,97000
2008-05-26,482.8385925292969,709.0,710.0,709.0,710.0,97000
2008-05-27,488.96771240234375,718.0,721.0,718.0,721.0,97000
2008-05-28,480.795654296875,706.0,718.0,706.0,715.0,106000
2008-05-29,500.5450744628906,735.0,735.0,726.0,726.0,106000
2008-05-30,529.1476440429688,777.0,777.0,735.0,735.0,106000
2008-06-02,531.1906127929688,780.0,782.0,767.0,772.0,104000
2008-06-03,505.9932556152344,743.0,748.1011962890625,743.0,748.1011962890625,104000
2008-06-04,525.0615234375,771.0,771.0,764.0,764.0,104000
2008-06-05,524.3806762695312,770.0,770.0,765.0,765.0,104000
2008-06-06,512.80322265625,753.0,753.0,753.0,753.0,104000
2008-06-09,494.4159851074219,726.0,735.0,726.0,735.0,104000
2008-06-10,497.8210144042969,731.0,738.0,731.0,738.0,104000
2008-06-11,503.2691345214844,739.0,739.0,731.0,731.0,104000
2008-06-12,505.3120422363281,742.0,743.0,742.0,743.0,104000
2008-06-13,510.0791320800781,749.0,749.0,741.0,741.0,104000
2008-06-16,529.8285522460938,778.0,778.0,770.0,770.0,104000
2008-06-17,526.423583984375,773.0,773.0,773.0,773.0,104000
2008-06-18,535.2766723632812,786.0,786.0,784.0,784.0,104000
2008-06-19,523.0184326171875,768.0,769.0,761.0,761.0,149000
2008-06-20,517.5704345703125,760.0,769.0,760.0,769.0,149000
2008-06-23,512.80322265625,753.0,755.0,746.0,746.0,125000
2008-06-24,523.0184326171875,768.0,769.0,762.0,766.0,102000
2008-06-25,527.7854614257812,775.0,775.0,761.0,761.0,102000
2008-06-26,535.2766723632812,786.0,786.0,782.0,782.0,102000
2008-06-27,529.8285522460938,778.0,783.0,778.0,783.0,102000
2008-06-30,518.9324340820312,762.0,774.0,762.0,774.0,102000
2008-07-01,511.4413146972656,751.0,762.0,751.0,762.0,102000
2008-07-02,503.9501647949219,740.0,751.0,740.0,751.0,102000
2008-07-03,503.9501647949219,740.0,740.0,732.0,732.0,102000
2008-07-04,528.466552734375,776.0,776.0,768.0,768.0,102000
2008-07-07,532.5526123046875,782.0,783.0,768.0,768.0,126000
2008-07-08,508.0361328125,746.0,746.0,733.0,733.0,126000
2008-07-09,514.8463134765625,756.0,770.0,756.0,770.0,126000
2008-07-10,527.7854614257812,775.0,775.0,775.0,775.0,126000
2008-07-11,516.2084350585938,758.0,761.0,758.0,761.0,126000
2008-07-14,500.5450744628906,735.0,749.0,729.0,749.0,319000
2008-07-15,495.7778015136719,728.0,728.0,707.0,707.0,319000
2008-07-16,493.7349853515625,725.0,725.0,720.0,720.0,319000
2008-07-17,503.2691345214844,739.0,739.0,735.0,735.0,319000
2008-07-18,495.096923828125,727.0,727.0,727.0,727.0,319000
2008-07-22,497.8210144042969,731.0,733.0,714.0,725.0,201000
2008-07-23,493.7349853515625,725.0,728.0,725.0,728.0,201000
2008-07-24,505.9932556152344,743.0,745.0,732.0,732.0,101000
2008-07-25,494.4159851074219,726.0,733.0,726.0,733.0,101000
2008-07-28,484.88177490234375,712.0,722.0,712.0,722.0,101000
2008-07-29,468.53753662109375,688.0,690.0,684.0,686.0,255000
2008-07-30,481.47662353515625,707.0,710.0,707.0,710.0,255000
2008-07-31,479.43365478515625,704.0,704.0,700.0,700.0,255000
2008-08-01,454.2360534667969,667.0,705.0,667.0,705.0,255000
2008-08-04,438.5728149414063,644.0,654.0,644.0,654.0,255000
2008-08-05,458.322265625,673.0,673.0,673.0,673.0,255000
2008-08-06,478.0715637207031,702.0,702.0,693.0,693.0,255000
2008-08-07,468.53753662109375,688.0,688.7567749023438,688.0,688.7567749023438,255000
2008-08-08,471.94232177734375,693.0,693.0,691.0,691.0,255000
2008-08-11,471.2613830566406,692.0,695.0,692.0,695.0,255000
2008-08-12,471.2613830566406,692.0,696.0,692.0,696.0,255000
2008-08-13,467.17529296875,686.0,686.0,683.0,683.0,255000
2008-08-14,468.53753662109375,688.0,696.0,684.0,684.0,120000
2008-08-15,478.0715637207031,702.0,702.0,696.0,696.0,120000
2008-08-18,483.5197143554688,710.0,713.0,710.0,713.0,120000
2008-08-19,470.5804443359375,691.0,700.0,691.0,700.0,120000
2008-08-20,478.7526550292969,703.0,703.0,700.0,700.0,120000
2008-08-21,486.924560546875,715.0,720.0,713.0,713.0,112000
2008-08-22,480.795654296875,706.0,712.0,706.0,712.0,112000
2008-08-25,493.7349853515625,725.0,725.0,720.0,720.0,112000
2008-08-26,499.1831359863281,733.0,733.0,722.0,722.0,112000
2008-08-27,491.01080322265625,721.0,723.0,710.0,710.0,131000
2008-08-28,483.5197143554688,710.0,716.0,710.0,716.0,131000
2008-08-29,503.9501647949219,740.0,740.0,710.0,710.0,131000
2008-09-01,510.0791320800781,749.0,749.0,740.0,740.0,131000
2008-09-02,508.0361328125,746.0,746.0,743.0,743.0,131000
2008-09-03,508.7172546386719,747.0,749.0,747.0,749.0,131000
2008-09-04,504.6311645507813,741.0,747.0,741.0,747.0,131000
2008-09-05,502.5881042480469,738.0,738.0,737.0,737.0,131000
2008-09-08,494.4159851074219,726.0,736.0,724.0,734.0,207000
2008-09-09,483.5197143554688,710.0,729.0,710.0,729.0,207000
2008-09-10,469.8993835449219,690.0,698.0,688.0,694.0,219000
2008-09-11,472.6233215332031,694.0,699.0,694.0,699.0,219000
2008-09-12,481.47662353515625,707.0,707.0,707.0,707.0,219000
2008-09-16,466.4942932128906,685.0,707.0,685.0,707.0,219000
2008-09-17,478.7526550292969,703.0,703.0,693.0,693.0,219000
2008-09-18,486.924560546875,715.0,715.0,700.0,700.0,219000
2008-09-19,489.64886474609375,719.0,719.0,710.0,710.0,219000
2008-09-22,490.3298645019531,720.0,720.0,718.0,718.0,219000
2008-09-24,482.8385925292969,709.0,710.0,709.0,710.0,219000
2008-09-25,474.5733337402344,689.0,691.0,684.0,690.0,120000
2008-09-26,441.5115356445313,641.0,664.0,641.0,664.0,120000
2008-09-29,433.24615478515625,629.0,641.0,629.0,641.0,120000
2008-09-30,418.0928649902344,607.0,607.0,603.0,603.0,120000
2008-10-01,406.3835144042969,590.0,607.0,590.0,607.0,120000
2008-10-02,379.5208129882813,551.0,565.0,551.0,565.0,120000
2008-10-03,351.9693908691406,511.0,568.0,511.0,568.0,120000
2008-10-06,340.2600402832031,494.0,508.0,494.0,508.0,120000
2008-10-07,340.94879150390625,495.0,495.0,478.0,478.0,120000
2008-10-08,312.7085876464844,454.0,455.0,454.0,455.0,120000
2008-10-09,314.0862121582031,456.0,456.0,456.0,456.0,120000
2008-10-10,305.8207702636719,444.0,444.0,444.0,444.0,120000
2008-10-14,349.903076171875,508.0,508.0,490.0,490.0,120000
2008-10-15,345.0816345214844,501.0,508.0,480.0,500.0,162000
2008-10-16,303.7544860839844,441.0,441.0,439.0,439.0,162000
2008-10-17,320.9740905761719,466.0,466.0,456.0,456.0,162000
2008-10-20,325.79559326171875,473.0,473.0,466.0,466.0,162000
2008-10-21,323.7292175292969,470.0,478.0,470.0,478.0,162000
2008-10-22,309.9534912109375,450.0,464.0,450.0,464.0,162000
2008-10-23,307.8871765136719,447.0,447.0,438.0,438.0,162000
2008-10-24,291.3563232421875,423.0,445.0,423.0,445.0,162000
2008-10-27,278.9581604003906,405.0,423.0,405.0,423.0,162000
2008-10-28,312.7085876464844,454.0,454.0,423.0,423.0,162000
2008-10-29,322.3515625,468.0,468.0,459.0,459.0,162000
2008-10-30,327.1731262207031,475.0,475.0,459.0,459.0,162000
2008-10-31,316.1525573730469,459.0,475.0,459.0,475.0,162000
2008-11-04,347.83673095703125,505.0,505.0,477.0,477.0,299000
2008-11-05,389.8526306152344,566.0,566.0,505.0,505.0,299000
2008-11-06,370.5666198730469,538.0,554.0,538.0,554.0,299000
2008-11-07,368.5003356933594,535.0,550.0,535.0,550.0,299000
2008-11-10,391.9189147949219,569.0,569.0,568.0,568.0,299000
2008-11-11,389.8526306152344,566.0,573.0,566.0,573.0,299000
2008-11-12,395.3629760742188,574.0,577.0,574.0,577.0,299000
2008-11-13,368.5003356933594,535.0,541.0,535.0,541.0,299000
2008-11-14,387.0975036621094,562.0,562.0,535.0,535.0,299000
2008-11-17,404.317138671875,587.0,587.0,563.0,563.0,299000
2008-11-18,386.4087524414063,561.0,572.0,561.0,572.0,299000
2008-11-19,392.6077880859375,570.0,583.0,570.0,583.0,299000
2008-11-20,380.2096252441406,552.0,571.0,552.0,571.0,299000
2008-11-21,419.4704284667969,609.0,609.0,552.0,552.0,299000
2008-11-25,412.5825805664063,599.0,604.0,599.0,604.0,250000
2008-11-26,418.0928649902344,607.0,611.0,607.0,611.0,250000
2008-11-27,410.5161437988281,596.0,604.031982421875,596.0,604.031982421875,250000
2008-11-28,402.9395751953125,585.0,585.0,581.0,581.0,250000
2008-12-01,398.806884765625,579.0,585.0,579.0,585.0,250000
2008-12-02,386.4087524414063,561.0,579.0,561.0,579.0,250000
2008-12-03,372.6329650878906,541.0,541.0,541.0,541.0,250000
2008-12-04,356.7909240722656,518.0,518.0,515.0,515.0,250000
2008-12-05,385.7199096679688,560.0,567.0,555.0,567.0,250000
2008-12-08,375.3880310058594,545.0,545.0,539.0,539.0,250000
2008-12-09,378.1432495117188,549.0,549.0,549.0,549.0,250000
2008-12-10,396.0516357421875,575.0,575.0,550.0,550.0,250000
2008-12-11,399.4956359863281,580.0,580.0,574.0,574.0,250000
2008-12-12,402.9395751953125,585.0,585.0,581.0,581.0,250000
2008-12-15,418.7817077636719,608.0,608.0,608.0,608.0,250000
2008-12-16,414.6488952636719,602.0,606.0,602.0,606.0,183000
2008-12-17,406.3835144042969,590.0,590.0,586.0,586.0,84000
2008-12-18,387.7862548828125,563.0,596.0,563.0,596.0,134000
2008-12-19,368.5003356933594,535.0,564.0,535.0,564.0,166000
2008-12-22,365.74517822265625,531.0,531.0,528.0,528.0,130000
2008-12-24,340.94879150390625,495.0,532.0,495.0,532.0,193000
2008-12-25,342.326416015625,497.0,497.2981872558594,497.0,497.2981872558594,90000
2008-12-26,347.14794921875,504.0,509.0,501.0,506.0,90000
2008-12-29,347.14794921875,504.0,504.0,497.0,497.0,83000
2008-12-30,346.45916748046875,503.0,505.0,498.0,502.0,49000
2009-01-05,345.77032470703125,502.0,510.0,497.0,508.0,70000
2009-01-06,354.0357360839844,514.0,514.0,508.0,508.0,90000
2009-01-07,357.47967529296875,519.0,519.0,519.0,519.0,171000
2009-01-08,351.2806701660156,510.0,514.0,510.0,514.0,124000
2009-01-09,354.7245483398437,515.0,515.0,515.0,515.0,143000
2009-01-13,345.77032470703125,502.0,502.0,502.0,502.0,226000
2009-01-14,327.8619079589844,476.0,481.0,476.0,481.0,364000
2009-01-15,309.9534912109375,450.0,467.0,450.0,467.0,387000
2009-01-16,320.9740905761719,466.0,466.0,446.0,446.0,388000
2009-01-19,369.1889953613281,536.0,542.0,501.0,507.0,828000
2009-01-20,371.2553405761719,539.0,539.0,524.0,524.0,524000
2009-01-21,331.3058776855469,481.0,514.0,481.0,514.0,1012000
2009-01-22,321.66278076171875,467.0,481.0,467.0,481.0,329000
2009-01-23,323.0404357910156,469.0,469.0,452.0,452.0,334000
2009-01-26,310.6422119140625,451.0,469.0,451.0,469.0,266000
2009-01-27,339.5713195800781,493.0,493.0,471.0,471.0,408000
2009-01-28,331.3058776855469,481.0,493.0,481.0,493.0,194000
2009-01-29,332.6834411621094,483.0,483.0,476.0,476.0,477000
2009-01-30,315.4638061523437,458.0,483.0,458.0,483.0,332000
2009-02-02,319.596435546875,464.0,464.0,458.0,458.0,313000
2009-02-03,312.0198974609375,453.0,466.0,452.0,455.0,271000
2009-02-04,325.1068115234375,472.0,472.0,454.0,454.0,276000
2009-02-05,319.596435546875,464.0,464.0,460.0,460.0,282000
2009-02-06,305.8207702636719,444.0,464.0,444.0,464.0,365000
2009-02-09,311.33111572265625,452.0,456.0,452.0,456.0,274000
2009-02-10,316.84136962890625,460.0,460.0,435.0,451.0,337000
2009-02-12,306.5096130371094,445.0,445.0,443.0,443.0,208000
2009-02-13,305.8207702636719,444.0,444.0,443.0,443.0,191000
2009-02-16,303.065673828125,440.0,445.0,440.0,445.0,140000
2009-02-17,294.1114196777344,427.0,430.0,427.0,430.0,217000
2009-02-18,300.99932861328125,437.0,437.0,433.0,433.0,104000
2009-02-19,302.3768615722656,439.0,439.0,433.0,433.0,41000
2009-02-20,298.2441711425781,433.0,434.0,433.0,434.0,69000
2009-02-23,296.17779541015625,430.0,430.0,426.0,426.0,56000
2009-02-24,283.7796630859375,412.0,413.0,412.0,413.0,67000
2009-02-25,298.9329833984375,434.0,434.0,420.0,420.0,105000
2009-02-26,300.3104553222656,436.0,436.0,434.0,434.0,159000
2009-02-27,299.6217041015625,435.0,435.0,432.0,432.0,99000
2009-03-02,298.2441711425781,433.0,435.0,433.0,435.0,73000
2009-03-03,300.99932861328125,437.0,438.0,437.0,438.0,66000
2009-03-04,308.5758972167969,448.0,448.0,440.0,440.0,138000
2009-03-05,314.0862121582031,456.0,459.0,456.0,459.0,160000
2009-03-06,307.1983337402344,446.0,446.0,446.0,446.0,154000
2009-03-09,303.7544860839844,441.0,441.0,437.0,437.0,62000
2009-03-10,301.6881408691406,438.0,441.0,438.0,441.0,21000
2009-03-11,300.99932861328125,437.0,438.0,437.0,438.0,59000
2009-03-12,276.2030029296875,401.0,401.0,399.0,399.0,447000
2009-03-13,274.825439453125,399.0,399.0,396.0,396.0,318000
2009-03-16,283.0909423828125,411.0,413.0,411.0,413.0,111000
2009-03-17,300.99932861328125,437.0,437.0,437.0,437.0,203000
2009-03-18,303.065673828125,440.0,447.0,440.0,447.0,120000
2009-03-19,308.5758972167969,448.0,448.0,448.0,448.0,115000
2009-03-23,316.84136962890625,460.0,460.0,455.0,455.0,183000
2009-03-24,336.8162536621094,489.0,489.0,482.0,482.0,228000
2009-03-25,343.0151672363281,498.0,498.0,497.0,497.0,316000
2009-03-26,339.5363464355469,488.0,490.0,488.0,490.0,255000
2009-03-27,326.3167724609375,469.0,470.0,469.0,470.0,187000
2009-03-30,301.9647216796875,434.0,438.0,434.0,438.0,378000
2009-03-31,290.8323669433594,418.0,425.0,418.0,425.0,246000
2009-04-01,306.8351135253906,441.0,441.0,416.0,416.0,307000
2009-04-02,316.5759582519531,455.0,455.0,441.0,441.0,400000
2009-04-03,327.708251953125,471.0,471.0,464.0,464.0,452000
2009-04-06,333.2744140625,479.0,484.0,479.0,484.0,352000
2009-04-07,334.666015625,481.0,481.0,479.0,479.0,338000
2009-04-08,327.708251953125,471.0,479.0,471.0,479.0,231000
2009-04-09,331.8829040527344,477.0,477.0,472.0,472.0,211000
2009-04-10,335.3616638183594,482.0,483.0,475.0,475.0,186000
2009-04-13,340.9279479980469,490.0,490.0,484.0,484.0,265000
2009-04-14,342.3194885253906,492.0,492.0,485.0,485.0,244000
2009-04-15,338.144775390625,486.0,486.0,486.0,486.0,336000
2009-04-16,326.3167724609375,469.0,473.0,469.0,473.0,363000
2009-04-17,332.5786437988281,478.0,478.0,469.0,469.0,223000
2009-04-20,329.7956237792969,474.0,474.0,472.0,472.0,232000
2009-04-21,318.66326904296875,458.0,459.0,449.0,449.0,173000
2009-04-22,313.0970458984375,450.0,450.0,445.0,445.0,241000
2009-04-23,311.7055053710937,448.0,448.0,441.0,441.0,281000
2009-04-24,315.18438720703125,453.0,460.0,453.0,460.0,248000
2009-04-27,311.7055053710937,448.0,453.0,448.0,453.0,279000
2009-04-28,311.0097045898437,447.0,447.0,446.0,446.0,278000
2009-04-30,325.6208801269531,468.0,468.0,467.0,467.0,380000
2009-05-01,337.4490661621094,485.0,485.0,472.0,472.0,399000
2009-05-07,357.6264343261719,514.0,514.0,506.0,506.0,437000
2009-05-08,374.3248596191406,538.0,538.0,513.0,513.0,456000
2009-05-11,375.7164611816406,540.0,540.0,533.0,533.0,269000
2009-05-12,360.4094848632813,518.0,540.0,518.0,540.0,150000
2009-05-13,355.5390319824219,511.0,519.0,511.0,519.0,158000
2009-05-14,338.8406066894531,487.0,487.0,484.0,484.0,177000
2009-05-15,351.364501953125,505.0,505.0,490.0,490.0,167000
2009-05-18,335.3616638183594,482.0,482.0,477.0,477.0,138000
2009-05-19,338.8406066894531,487.0,492.0,487.0,492.0,95000
2009-05-20,342.3194885253906,492.0,492.0,487.0,487.0,234000
2009-05-21,343.01519775390625,493.0,493.0,489.0,489.0,106000
2009-05-22,340.9279479980469,490.0,490.0,489.0,489.0,163000
2009-05-25,340.232177734375,489.0,492.0,489.0,492.0,149000
2009-05-26,361.1052551269531,519.0,519.0,508.0,508.0,311000
2009-05-27,361.8010559082031,520.0,522.0,520.0,522.0,194000
2009-05-28,358.3221435546875,515.0,520.0,515.0,520.0,179000
2009-05-29,356.2348022460937,512.0,515.0,512.0,515.0,211000
2009-06-01,368.0630187988281,529.0,529.0,523.0,523.0,185000
2009-06-02,372.2376403808594,535.0,535.0,529.0,529.0,200000
2009-06-03,372.933349609375,536.0,538.0,536.0,538.0,157000
2009-06-04,368.0630187988281,529.0,529.0,529.0,529.0,146000
2009-06-05,364.5841979980469,524.0,524.0,523.0,523.0,105000
2009-06-08,382.6741333007813,550.0,552.0,550.0,552.0,199000
2009-06-09,392.4150085449219,564.0,564.0,561.0,561.0,261000
2009-06-10,391.02349853515625,562.0,566.0,562.0,566.0,229000
2009-06-11,390.3276977539063,561.0,564.0,556.0,560.0,163000
2009-06-12,404.2430419921875,581.0,593.0,579.0,585.0,311000
2009-06-15,409.1134033203125,588.0,590.0,582.0,587.0,227000
2009-06-16,393.8064880371094,566.0,578.0,566.0,578.0,134000
2009-06-17,394.5022888183594,567.0,577.0,556.0,556.0,162000
2009-06-18,388.9360046386719,559.0,560.0,548.0,550.0,149000
2009-06-19,386.1529846191406,555.0,555.0,545.0,548.0,197000
2009-06-22,395.1979675292969,568.0,576.0,566.0,569.0,121000
2009-06-23,371.5417785644531,534.0,543.0,531.0,539.0,179000
2009-06-24,365.2798767089844,525.0,531.0,525.0,530.0,146000
2009-06-25,381.2825622558594,548.0,554.0,533.0,534.0,294000
2009-06-26,388.9360046386719,559.0,567.0,550.0,562.0,235000
2009-06-29,379.8911437988281,546.0,565.0,546.0,565.0,171000
2009-06-30,381.97845458984375,549.0,562.0,544.0,546.0,108000
2009-07-01,384.0657043457031,552.0,562.0,534.0,541.0,228000
2009-07-02,387.5445251464844,557.0,564.0,553.0,553.0,169000
2009-07-03,388.24029541015625,558.0,569.0,553.0,560.0,223000
2009-07-06,397.2853698730469,571.0,575.0,556.0,556.0,325000
2009-07-07,407.0261840820313,585.0,591.0,575.0,578.0,474000
2009-07-08,430.6823425292969,619.0,624.0,573.0,585.0,573000
2009-07-09,407.0261840820313,585.0,607.0,585.0,600.0,331000
2009-07-10,404.2430419921875,581.0,595.0,579.0,595.0,137000
2009-07-13,383.3699035644531,551.0,591.0,551.0,591.0,270000
2009-07-14,391.7192077636719,563.0,568.0,547.0,551.0,262000
2009-07-15,393.8064880371094,566.0,580.0,553.0,563.0,163000
2009-07-16,410.5050659179688,590.0,598.0,585.0,596.0,276000
2009-07-17,409.1134033203125,588.0,595.0,580.0,595.0,49000
2009-07-21,422.3331604003906,607.0,616.0,590.0,590.0,163000
2009-07-22,450.8597717285156,648.0,655.0,612.0,612.0,408000
2009-07-23,435.5527648925781,626.0,645.0,626.0,638.0,408000
2009-07-24,450.16400146484375,647.0,655.0,627.0,629.0,435000
2009-07-27,443.9021301269531,638.0,653.0,634.0,647.0,141000
2009-07-28,435.5527648925781,626.0,638.0,622.0,638.0,93000
2009-07-29,434.8570556640625,625.0,635.0,620.0,620.0,124000
2009-07-30,427.2034912109375,614.0,630.0,597.0,629.0,185000
2009-07-31,438.3357543945313,630.0,636.0,622.0,634.0,157000
2009-08-03,438.3357543945313,630.0,640.0,625.0,625.0,171000
2009-08-04,442.5105285644531,636.0,653.0,631.0,649.0,183000
2009-08-05,432.0739440917969,621.0,635.0,617.0,632.0,135000
2009-08-06,427.8992919921875,615.0,628.0,612.0,612.0,98000
2009-08-07,435.5527648925781,626.0,631.0,616.0,616.0,172000
2009-08-10,442.5105285644531,636.0,637.0,623.0,626.0,108000
2009-08-11,469.6456298828125,675.0,682.0,636.0,636.0,339000
2009-08-12,473.1244812011719,680.0,685.0,666.0,670.0,162000
2009-08-13,471.7328186035156,678.0,680.0,671.0,680.0,98000
2009-08-14,465.4709167480469,669.0,675.0,668.0,672.0,127000
2009-08-17,454.3385620117188,653.0,666.0,650.0,660.0,126000
2009-08-18,454.3385620117188,653.0,676.0,646.0,646.0,178000
2009-08-19,445.9892883300781,641.0,656.0,639.0,653.0,151000
2009-08-20,453.6429138183594,652.0,656.0,629.0,636.0,237000
2009-08-21,441.8147277832031,635.0,647.0,624.0,645.0,155000
2009-08-24,455.0342102050781,654.0,659.0,641.0,642.0,165000
2009-08-25,470.3414001464844,676.0,678.0,639.0,644.0,297000
2009-08-26,483.56097412109375,695.0,699.0,682.0,684.0,248000
2009-08-27,483.56097412109375,695.0,699.0,686.0,686.0,215000
2009-08-28,489.127197265625,703.0,707.0,696.0,696.0,200000
2009-08-31,485.6482543945313,698.0,713.0,697.0,702.0,220000
2009-09-02,483.56097412109375,695.0,704.0,692.0,703.0,338000
2009-09-03,468.9497985839844,674.0,697.0,673.0,695.0,328000
2009-09-04,484.95263671875,697.0,697.0,673.0,675.0,231000
2009-09-07,476.6031494140625,685.0,706.0,684.0,697.0,253000
2009-09-08,496.0848083496094,713.0,714.0,687.0,694.0,216000
2009-09-09,487.0398559570313,700.0,711.0,690.0,707.0,196000
2009-09-10,492.6060485839844,708.0,710.0,698.0,701.0,84000
2009-09-11,505.1299133300781,726.0,732.0,715.0,717.0,317000
2009-09-14,489.8229370117188,704.0,723.0,702.0,708.0,262000
2009-09-15,493.9975891113281,710.0,715.0,706.0,706.0,90000
2009-09-16,481.4737548828125,692.0,705.0,688.0,704.0,345000
2009-09-17,473.820068359375,681.0,691.0,672.0,685.0,255000
2009-09-18,468.2541198730469,673.0,686.0,660.0,686.0,157000
2009-09-21,468.2541198730469,673.0,673.0,673.0,673.0,0
2009-09-24,487.7354736328125,701.0,713.0,685.0,713.0,309000
2009-09-25,470.9172058105469,672.0,688.0,662.0,676.0,320000
2009-09-28,458.3031311035156,654.0,661.0,641.0,652.0,216000
2009-09-29,458.3031311035156,654.0,676.0,643.0,666.0,143000
2009-09-30,456.9018859863281,652.0,664.0,641.0,646.0,138000
2009-10-01,451.9963684082031,645.0,648.0,633.0,648.0,162000
2009-10-02,433.07562255859375,618.0,644.0,615.0,644.0,217000
2009-10-05,439.3823852539063,627.0,630.0,608.0,618.0,154000
2009-10-06,444.9886474609375,635.0,640.0,615.0,615.0,255000
2009-10-07,455.5001525878906,650.0,652.0,628.0,634.0,181000
2009-10-08,471.61810302734375,673.0,682.0,649.0,650.0,334000
2009-10-09,487.0348205566406,695.0,698.0,673.0,683.0,327000
2009-10-13,483.5309448242188,690.0,695.0,676.0,685.0,231000
2009-10-14,492.6410217285156,703.0,706.0,680.0,690.0,256000
2009-10-15,490.5386047363281,700.0,704.0,688.0,695.0,217000
2009-10-16,480.0270080566406,685.0,699.0,673.0,699.0,198000
2009-10-19,480.7279052734375,686.0,692.0,675.0,686.0,225000
2009-10-20,475.1216735839844,678.0,690.0,671.0,690.0,247000
2009-10-21,458.3031311035156,654.0,672.0,653.0,671.0,326000
2009-10-22,458.3031311035156,654.0,654.0,642.0,651.0,196000
2009-10-23,454.0986633300781,648.0,655.0,644.0,655.0,168000
2009-10-26,466.7126159667969,666.0,675.0,645.0,650.0,269000
2009-10-27,451.295654296875,644.0,669.0,640.0,664.0,146000
2009-10-28,444.2879028320313,634.0,648.0,626.0,640.0,137000
2009-10-29,441.4847412109375,630.0,634.0,624.0,624.0,160000
2009-10-30,450.5948791503906,643.0,650.0,637.0,650.0,147000
2009-11-02,462.5080261230469,660.0,660.0,616.0,625.0,292000
2009-11-04,471.61810302734375,673.0,673.0,653.0,665.0,148000
2009-11-05,449.1932678222656,641.0,672.0,638.0,672.0,271000
2009-11-06,433.07562255859375,618.0,656.0,615.0,651.0,317000
2009-11-09,428.8709411621094,612.0,626.0,600.0,612.0,470000
2009-11-10,430.9732666015625,615.0,624.0,601.0,622.0,223000
2009-11-11,412.0524597167969,588.0,620.0,584.0,608.0,270000
2009-11-12,392.430908203125,560.0,588.0,549.0,584.0,566000
2009-11-13,383.3210144042969,547.0,560.0,535.0,560.0,441000
2009-11-16,384.0216674804688,548.0,555.0,524.0,538.0,286000
2009-11-17,372.8093872070313,532.0,557.0,527.0,547.0,359000
2009-11-18,372.8093872070313,532.0,539.0,520.0,534.0,268000
2009-11-19,378.4155883789063,540.0,542.0,526.0,542.0,142000
2009-11-20,383.3210144042969,547.0,555.0,530.0,541.0,177000
2009-11-24,375.6124267578125,536.0,552.0,529.0,547.0,180000
2009-11-25,386.8247985839844,552.0,555.0,530.0,530.0,216000
2009-11-26,395.2341003417969,564.0,575.0,541.0,553.0,376000
2009-11-27,391.0293273925781,558.0,567.0,553.0,555.0,390000
2009-11-30,412.7532653808594,589.0,592.0,578.0,578.0,262000
2009-12-01,411.3517150878906,587.0,594.0,571.0,590.0,273000
2009-12-02,425.3671569824219,607.0,610.0,593.0,597.0,222000
2009-12-03,447.0909729003906,638.0,647.0,607.0,610.0,292000
2009-12-04,451.9963684082031,645.0,658.0,639.0,658.0,289000
2009-12-07,461.10650634765625,658.0,663.0,640.0,650.0,142000
2009-12-08,456.9018859863281,652.0,655.0,643.0,655.0,186000
2009-12-09,446.3901977539063,637.0,646.0,634.0,640.0,140000
2009-12-10,434.4771728515625,620.0,627.0,607.0,627.0,363000
2009-12-11,452.69720458984375,646.0,647.0,620.0,622.0,282000
2009-12-14,454.7994689941406,649.0,657.0,630.0,656.0,190000
2009-12-15,453.39794921875,647.0,650.0,642.0,643.0,100000
2009-12-16,449.1932678222656,641.0,655.0,636.0,647.0,124000
2009-12-17,450.5948791503906,643.0,650.0,637.0,637.0,163000
2009-12-18,463.9094848632813,662.0,665.0,629.0,639.0,220000
2009-12-21,465.3110961914063,664.0,668.0,652.0,652.0,142000
2009-12-22,471.61810302734375,673.0,679.0,663.0,663.0,158000
2009-12-24,484.2317810058594,691.0,694.0,672.0,672.0,142000
2009-12-25,477.2239990234375,681.0,690.0,679.0,688.0,140000
2009-12-28,476.5233154296875,680.0,686.0,675.0,680.0,166000
2009-12-29,476.5233154296875,680.0,680.0,661.0,675.0,190000
2009-12-30,465.3110961914063,664.0,670.0,656.0,661.0,120000
2010-01-04,471.61810302734375,673.0,674.0,660.0,668.0,61000
2010-01-05,470.2163696289063,671.0,683.0,664.0,683.0,121000
2010-01-06,477.9248962402344,682.0,687.0,658.0,671.0,115000
2010-01-07,463.9094848632813,662.0,675.0,659.0,673.0,174000
2010-01-08,468.81488037109375,669.0,671.0,654.0,660.0,187000
2010-01-12,481.4285888671875,687.0,687.0,660.0,660.0,161000
2010-01-13,470.9172058105469,672.0,685.0,669.0,680.0,172000
2010-01-14,482.1295166015625,688.0,689.0,680.0,682.0,127000
2010-01-15,484.9324340820313,692.0,692.0,681.0,691.0,109000
2010-01-18,481.4285888671875,687.0,692.0,680.0,680.0,83000
2010-01-19,482.1295166015625,688.0,697.0,686.0,697.0,57000
2010-01-20,481.4285888671875,687.0,693.0,682.0,693.0,90000
2010-01-21,487.7354736328125,696.0,699.0,671.0,680.0,130000
2010-01-22,472.3186950683594,674.0,683.0,660.0,682.0,216000
2010-01-25,467.4133605957031,667.0,668.0,661.0,664.0,98000
2010-01-26,450.5948791503906,643.0,665.0,643.0,665.0,206000
2010-01-27,438.68170166015625,626.0,646.0,626.0,643.0,104000
2010-01-28,445.6894836425781,636.0,638.0,621.0,621.0,49000
2010-01-29,435.8787231445313,622.0,633.0,620.0,626.0,115000
2010-02-01,435.1779479980469,621.0,625.0,606.0,623.0,144000
2010-02-02,459.004150390625,655.0,656.0,631.0,631.0,157000
2010-02-03,458.3031311035156,654.0,666.0,654.0,656.0,116000
2010-02-04,449.8941650390625,642.0,656.0,636.0,649.0,146000
2010-02-05,437.9810180664063,625.0,638.0,620.0,623.0,281000
2010-02-08,428.8709411621094,612.0,630.0,612.0,615.0,179000
2010-02-09,435.8787231445313,622.0,622.0,605.0,612.0,172000
2010-02-10,442.1855773925781,631.0,635.0,622.0,632.0,187000
2010-02-12,457.6025695800781,653.0,656.0,644.0,644.0,162000
2010-02-15,466.0118103027344,665.0,670.0,646.0,649.0,202000
2010-02-16,463.9094848632813,662.0,666.0,651.0,655.0,117000
2010-02-17,470.9172058105469,672.0,674.0,663.0,670.0,187000
2010-02-18,470.2163696289063,671.0,672.0,656.0,668.0,183000
2010-02-19,470.9172058105469,672.0,674.0,660.0,670.0,178000
2010-02-22,495.4442138671875,707.0,708.0,672.0,674.0,312000
2010-02-23,471.61810302734375,673.0,696.0,667.0,696.0,294000
2010-02-24,449.1932678222656,641.0,653.0,622.0,653.0,519000
2010-02-25,449.8941650390625,642.0,651.0,636.0,641.0,189000
2010-02-26,467.4133605957031,667.0,668.0,646.0,648.0,301000
2010-03-01,491.9402465820313,702.0,705.0,670.0,671.0,305000
2010-03-02,480.7279052734375,686.0,695.0,654.0,692.0,558000
2010-03-03,483.5309448242188,690.0,702.0,683.0,685.0,353000
2010-03-04,492.6410217285156,703.0,704.0,683.0,691.0,367000
2010-03-05,492.6410217285156,703.0,708.0,699.0,703.0,256000
2010-03-08,516.4673461914062,737.0,740.0,715.0,718.0,353000
2010-03-09,501.7510986328125,716.0,732.0,712.0,728.0,331000
2010-03-10,520.6716918945312,743.0,748.0,716.0,716.0,289000
2010-03-11,531.1832885742188,758.0,760.0,750.0,752.0,185000
2010-03-12,530.4825439453125,757.0,760.0,747.0,760.0,107000
2010-03-15,537.4901733398438,767.0,767.0,757.0,759.0,163000
2010-03-16,539.5927124023438,770.0,777.0,765.0,766.0,248000
2010-03-17,543.7971801757812,776.0,787.0,773.0,779.0,281000
2010-03-18,545.8995361328125,779.0,786.0,771.0,771.0,342000
2010-03-19,529.0809936523438,755.0,775.0,753.0,775.0,381000
2010-03-23,548.0018310546875,782.0,786.0,772.0,782.0,606000
2010-03-24,564.1194458007812,805.0,805.0,783.0,786.0,614000
2010-03-25,566.9225463867188,809.0,814.0,798.0,798.0,534000
2010-03-26,583.7410278320312,833.0,836.0,809.0,814.0,761000
2010-03-29,598.5999145507812,846.0,847.0,826.0,829.0,324000
2010-03-30,604.9682006835938,855.0,856.0,843.0,855.0,266000
2010-03-31,607.0906982421875,858.0,870.0,850.0,859.0,386000
2010-04-01,602.8453369140625,852.0,856.0,843.0,854.0,303000
2010-04-02,605.6755981445312,856.0,860.0,850.0,860.0,212000
2010-04-05,626.19482421875,885.0,885.0,860.0,860.0,269000
2010-04-06,634.6858520507812,897.0,907.0,891.0,894.0,611000
2010-04-07,626.9026489257812,886.0,899.0,885.0,885.0,502000
2010-04-08,613.458740234375,867.0,883.0,864.0,880.0,296000
2010-04-09,638.2235717773438,902.0,902.0,873.0,873.0,546000
2010-04-12,646.0068359375,913.0,926.0,904.0,905.0,568000
2010-04-13,662.2806396484375,936.0,937.0,895.0,918.0,913000
2010-04-14,678.5547485351562,959.0,967.0,945.0,948.0,870000
2010-04-15,665.1111450195312,940.0,964.0,935.0,959.0,647000
2010-04-16,656.6201171875,928.0,945.0,923.0,936.0,590000
2010-04-19,625.4874267578125,884.0,906.0,880.0,901.0,598000
2010-04-20,612.7513427734375,866.0,899.0,861.0,899.0,656000
2010-04-21,638.2235717773438,902.0,911.0,870.0,870.0,771000
2010-04-22,646.0068359375,913.0,921.0,892.0,904.0,568000
2010-04-23,652.3749389648438,922.0,922.0,909.0,911.0,349000
2010-04-26,670.7716064453125,948.0,950.0,924.0,925.0,513000
2010-04-27,704.027099609375,995.0,1003.0,943.0,945.0,879000
2010-04-28,691.2908935546875,977.0,988.0,966.0,980.0,712000
2010-04-30,692.7060546875,979.0,995.0,975.0,980.0,536000
2010-05-06,680.6775512695312,962.0,965.0,953.0,964.0,362000
2010-05-07,644.5916137695312,911.0,925.0,907.0,911.0,501000
2010-05-10,645.2991943359375,912.0,929.0,900.0,905.0,446000
2010-05-11,657.3277587890625,929.0,953.0,918.0,930.0,571000
2010-05-12,626.19482421875,885.0,943.0,877.0,943.0,631000
2010-05-13,637.515869140625,901.0,925.0,891.0,893.0,586000
2010-05-14,633.2705688476562,895.0,911.0,886.0,886.0,471000
2010-05-17,739.405517578125,1045.0,1045.0,1045.0,1045.0,420000
2010-05-18,745.06591796875,1053.0,1113.0,1017.0,1100.0,5455000
2010-05-19,740.1129150390625,1046.0,1051.0,1020.0,1023.0,906000
2010-05-20,718.8859252929688,1016.0,1046.0,1007.0,1040.0,799000
2010-05-21,714.6407470703125,1010.0,1016.0,973.0,977.0,930000
2010-05-24,742.2357177734375,1049.0,1055.0,973.0,977.0,1147000
2010-05-25,716.7633056640625,1013.0,1065.0,998.0,1034.0,1193000
2010-05-26,751.4340209960938,1062.0,1080.0,1030.0,1043.0,1715000
2010-05-27,814.4072265625,1151.0,1153.0,1079.0,1080.0,2427000
2010-05-28,837.757080078125,1184.0,1185.0,1149.0,1165.0,1578000
2010-05-31,870.3046875,1230.0,1234.0,1183.0,1184.0,2132000
2010-06-01,864.6444702148438,1222.0,1239.0,1192.0,1227.0,976000
2010-06-02,878.7957763671875,1242.0,1243.0,1198.0,1198.0,1163000
2010-06-03,884.456298828125,1250.0,1256.0,1234.0,1254.0,1048000
2010-06-04,939.6461181640624,1328.0,1335.0,1277.0,1280.0,2393000
2010-06-07,901.4376831054688,1274.0,1314.0,1273.0,1298.0,1395000
2010-06-08,948.1369018554688,1340.0,1346.0,1259.0,1261.0,1761000
2010-06-09,929.7402954101562,1314.0,1344.0,1289.0,1339.0,1502000
2010-06-10,962.9957885742188,1361.0,1364.0,1315.0,1321.0,1390000
2010-06-11,1049.318603515625,1483.0,1488.0,1393.0,1410.0,2955000
2010-06-14,1103.8011474609375,1560.0,1612.0,1517.0,1520.0,4611000
2010-06-15,1079.0364990234375,1525.0,1598.0,1512.0,1545.0,3859000
2010-06-16,1064.88525390625,1505.0,1554.0,1480.0,1550.0,3364000
2010-06-17,1063.469970703125,1503.0,1558.0,1477.0,1495.0,2691000
2010-06-18,1074.79150390625,1519.0,1557.0,1490.0,1496.0,2659000
2010-06-21,1092.480224609375,1544.0,1562.0,1526.0,1530.0,1441000
2010-06-22,1087.5272216796875,1537.0,1553.0,1521.0,1532.0,888000
2010-06-23,1030.21435546875,1456.0,1514.0,1445.0,1501.0,1776000
2010-06-24,1005.4497680664062,1421.0,1476.0,1406.0,1430.0,2249000
2010-06-25,1030.92236328125,1457.0,1468.0,1391.0,1391.0,2084000
2010-06-28,1014.64794921875,1434.0,1476.0,1412.0,1461.0,1384000
2010-06-29,996.9591064453124,1409.0,1456.0,1396.0,1421.0,1553000
2010-06-30,974.3170166015624,1377.0,1396.0,1341.0,1370.0,1761000
2010-07-01,942.4765625,1332.0,1378.0,1321.0,1366.0,1235000
2010-07-02,983.5151977539062,1390.0,1400.0,1327.0,1330.0,1591000
2010-07-05,999.7894897460938,1413.0,1420.0,1376.0,1379.0,964000
2010-07-06,993.421142578125,1404.0,1418.0,1362.0,1416.0,1281000
2010-07-07,973.609375,1376.0,1413.0,1365.0,1399.0,1265000
2010-07-08,996.9591064453124,1409.0,1443.0,1398.0,1413.0,1311000
2010-07-09,1023.8464965820312,1447.0,1452.0,1397.0,1425.0,1437000
2010-07-12,1022.4313354492188,1445.0,1476.0,1438.0,1440.0,1364000
2010-07-13,975.0247192382812,1378.0,1454.0,1368.0,1439.0,1799000
2010-07-14,983.5151977539062,1390.0,1411.0,1382.0,1408.0,1749000
2010-07-15,956.6278076171876,1352.0,1380.0,1314.0,1380.0,2089000
2010-07-16,914.88134765625,1293.0,1332.0,1284.0,1321.0,1917000
2010-07-21,939.6461181640624,1328.0,1362.0,1311.0,1318.0,2185000
2010-07-22,952.3828125,1346.0,1356.0,1315.0,1320.0,1917000
2010-07-23,991.2986450195312,1401.0,1409.0,1365.0,1368.0,1825000
2010-07-26,1024.5540771484375,1448.0,1455.0,1412.0,1413.0,1430000
2010-07-27,992.0059814453124,1402.0,1460.0,1400.0,1459.0,989000
2010-07-28,996.9591064453124,1409.0,1420.0,1385.0,1400.0,1306000
2010-07-29,999.0816650390624,1412.0,1426.0,1386.0,1405.0,728000
2010-07-30,977.1470947265624,1381.0,1410.0,1376.0,1405.0,1287000
2010-08-02,1052.1490478515625,1487.0,1510.0,1444.0,1450.0,2372000
2010-08-03,1034.4598388671875,1462.0,1510.0,1445.0,1509.0,1640000
2010-08-04,995.5436401367188,1407.0,1474.0,1401.0,1470.0,1176000
2010-08-05,988.4680786132812,1397.0,1430.0,1382.0,1421.0,932000
2010-08-06,982.10009765625,1388.0,1414.0,1381.0,1381.0,582000
2010-08-09,968.6563110351562,1369.0,1398.0,1362.0,1366.0,1021000
2010-08-10,941.7691650390624,1331.0,1385.0,1318.0,1372.0,1694000
2010-08-11,911.34375,1288.0,1312.0,1275.0,1312.0,1171000
2010-08-12,908.5136108398438,1284.0,1285.0,1236.0,1263.0,1752000
2010-08-13,900.7301635742188,1273.0,1296.0,1253.0,1288.0,954000
2010-08-16,868.18212890625,1227.0,1257.0,1211.0,1247.0,1412000
2010-08-17,863.9368896484375,1221.0,1230.0,1201.0,1211.0,896000
2010-08-18,875.9653930664062,1238.0,1247.0,1214.0,1241.0,852000
2010-08-19,917.7117309570312,1297.0,1298.0,1234.0,1235.0,1182000
2010-08-20,895.7770385742188,1266.0,1285.0,1260.0,1266.0,804000
2010-08-23,877.3805541992188,1240.0,1269.0,1239.0,1250.0,638000
2010-08-24,864.6444702148438,1222.0,1234.0,1214.0,1230.0,837000
2010-08-25,854.0308227539062,1207.0,1213.0,1174.0,1202.0,1860000
2010-08-26,861.814208984375,1218.0,1233.0,1204.0,1221.0,642000
2010-08-27,892.9468994140625,1262.0,1270.0,1201.0,1213.0,1348000
2010-08-30,912.7587890625,1290.0,1319.0,1282.0,1311.0,1405000
2010-08-31,878.0880737304688,1241.0,1274.0,1239.0,1255.0,824000
2010-09-01,899.3148803710938,1271.0,1278.0,1221.0,1235.0,1056000
2010-09-02,880.2108154296875,1244.0,1298.0,1241.0,1297.0,974000
2010-09-03,905.6831665039062,1280.0,1280.0,1255.0,1259.0,643000
2010-09-06,953.0900268554688,1347.0,1352.0,1289.0,1293.0,1477000
2010-09-07,983.5151977539062,1390.0,1431.0,1387.0,1420.0,3162000
2010-09-08,1004.7424926757812,1420.0,1424.0,1361.0,1362.0,2611000
2010-09-09,1001.9120483398438,1416.0,1443.0,1402.0,1421.0,1107000
2010-09-10,1005.4497680664062,1421.0,1433.0,1402.0,1405.0,1244000
2010-09-13,1062.762451171875,1502.0,1504.0,1426.0,1432.0,2816000
2010-09-14,1112.2918701171875,1572.0,1582.0,1495.0,1518.0,3517000
2010-09-16,1154.038330078125,1631.0,1644.0,1554.0,1554.0,4238000
2010-09-17,1182.3408203125,1671.0,1680.0,1623.0,1642.0,4424000
2010-09-21,1170.3123779296875,1654.0,1701.0,1651.0,1700.0,2394000
2010-09-22,1091.0650634765625,1542.0,1641.0,1522.0,1640.0,4844000
2010-09-24,1073.3759765625,1517.0,1608.0,1511.0,1581.0,4186000
2010-09-27,1110.16943359375,1569.0,1570.0,1503.0,1528.0,2568000
2010-09-28,1145.888916015625,1604.0,1626.0,1554.0,1555.0,2581000
2010-09-29,1156.6051025390625,1619.0,1623.0,1584.0,1596.0,2158000
2010-09-30,1150.1754150390625,1610.0,1661.0,1604.0,1634.0,1648000
2010-10-01,1135.8878173828125,1590.0,1627.0,1577.0,1624.0,1231000
2010-10-04,1201.61181640625,1682.0,1695.0,1577.0,1624.0,3174000
2010-10-05,1195.8966064453125,1674.0,1685.0,1635.0,1678.0,2597000
2010-10-06,1214.470947265625,1700.0,1715.0,1669.0,1680.0,2180000
2010-10-07,1195.18212890625,1673.0,1708.0,1661.0,1684.0,1227000
2010-10-08,1165.1778564453125,1631.0,1680.0,1623.0,1673.0,1503000
2010-10-12,1121.5997314453125,1570.0,1645.0,1563.0,1623.0,1956000
2010-10-13,1148.032470703125,1607.0,1635.0,1568.0,1575.0,1757000
2010-10-14,1083.0223388671875,1516.0,1590.0,1482.0,1580.0,4227000
2010-10-15,1072.3065185546875,1501.0,1544.0,1474.0,1492.0,2446000
2010-10-18,1020.8704223632812,1429.0,1493.0,1422.0,1481.0,2535000
2010-10-19,1046.5882568359375,1465.0,1489.0,1435.0,1436.0,1909000
2010-10-20,1033.7291259765625,1447.0,1452.0,1415.0,1435.0,1551000
2010-10-21,983.7216186523438,1377.0,1469.0,1373.0,1462.0,2815000
2010-10-22,983.0071411132812,1376.0,1407.0,1363.0,1376.0,1994000
2010-10-25,964.4330444335938,1350.0,1403.0,1327.0,1380.0,2348000
2010-10-26,978.0064697265624,1369.0,1380.0,1345.0,1380.0,1606000
2010-10-27,995.1517944335938,1393.0,1401.0,1357.0,1377.0,1732000
2010-10-28,995.1517944335938,1393.0,1440.0,1385.0,1400.0,2626000
2010-10-29,1014.440673828125,1420.0,1427.0,1385.0,1400.0,2477000
2010-11-01,1050.87451171875,1471.0,1504.0,1449.0,1460.0,4922000
2010-11-02,1034.443603515625,1448.0,1487.0,1435.0,1469.0,2097000
2010-11-04,1050.1597900390625,1470.0,1481.0,1448.0,1469.0,1494000
2010-11-05,1065.8770751953125,1492.0,1499.0,1470.0,1479.0,1569000
2010-11-08,1135.1732177734375,1589.0,1589.0,1521.0,1522.0,2924000
2010-11-09,1113.7413330078125,1559.0,1607.0,1554.0,1571.0,1976000
2010-11-10,1047.3026123046875,1466.0,1560.0,1453.0,1560.0,4043000
2010-11-11,1054.446533203125,1476.0,1498.0,1452.0,1466.0,1873000
2010-11-12,1023.7274780273438,1433.0,1470.0,1429.0,1446.0,1411000
2010-11-15,1022.2991333007812,1431.0,1448.0,1411.0,1438.0,971000
2010-11-16,1017.2978515625,1424.0,1431.0,1403.0,1419.0,1164000
2010-11-17,1003.7243041992188,1405.0,1419.0,1374.0,1400.0,1506000
2010-11-18,1016.5836181640624,1423.0,1426.0,1395.0,1403.0,1276000
2010-11-19,1030.8717041015625,1443.0,1459.0,1427.0,1453.0,1226000
2010-11-22,1055.1610107421875,1477.0,1485.0,1436.0,1446.0,1382000
2010-11-24,1049.4456787109375,1469.0,1478.0,1432.0,1441.0,1176000
2010-11-25,1059.4473876953125,1483.0,1491.0,1460.0,1484.0,1108000
2010-11-26,1041.587158203125,1458.0,1505.0,1455.0,1484.0,1540000
2010-11-29,1043.0159912109375,1460.0,1476.0,1437.0,1447.0,679000
2010-11-30,1037.30126953125,1452.0,1485.0,1450.0,1465.0,1062000
2010-12-01,1053.01806640625,1474.0,1474.0,1435.0,1451.0,1139000
2010-12-02,1069.448974609375,1497.0,1514.0,1483.0,1496.0,1462000
2010-12-03,1053.732177734375,1475.0,1509.0,1466.0,1505.0,981000
2010-12-06,1070.1630859375,1498.0,1498.0,1471.0,1477.0,751000
2010-12-07,1067.3055419921875,1494.0,1513.0,1485.0,1498.0,907000
2010-12-08,1077.3076171875,1508.0,1513.0,1494.0,1500.0,824000
2010-12-09,1058.733154296875,1482.0,1507.0,1474.0,1507.0,924000
2010-12-10,1035.157958984375,1449.0,1473.0,1445.0,1470.0,1204000
2010-12-13,1075.1640625,1505.0,1510.0,1461.0,1470.0,1563000
2010-12-14,1084.451171875,1518.0,1530.0,1505.0,1506.0,1507000
2010-12-15,1086.594482421875,1521.0,1529.0,1507.0,1518.0,724000
2010-12-16,1079.450439453125,1511.0,1525.0,1500.0,1522.0,818000
2010-12-17,1084.451171875,1518.0,1523.0,1503.0,1520.0,609000
2010-12-20,1067.3055419921875,1494.0,1520.0,1484.0,1519.0,666000
2010-12-21,1076.5926513671875,1507.0,1512.0,1492.0,1492.0,527000
2010-12-22,1076.5926513671875,1507.0,1515.0,1502.0,1504.0,631000
2010-12-24,1092.3095703125,1529.0,1529.0,1502.0,1504.0,848000
2010-12-27,1120.1708984375,1568.0,1584.0,1529.0,1530.0,1910000
2010-12-28,1115.170166015625,1561.0,1572.0,1555.0,1564.0,619000
2010-12-29,1116.5987548828125,1563.0,1570.0,1550.0,1556.0,714000
2010-12-30,1102.3109130859375,1543.0,1557.0,1535.0,1555.0,637000
2011-01-04,1111.5982666015625,1556.0,1563.0,1541.0,1553.0,502000
2011-01-05,1102.3109130859375,1543.0,1562.0,1536.0,1556.0,628000
2011-01-06,1106.5972900390625,1549.0,1555.0,1539.0,1546.0,694000
2011-01-07,1144.4605712890625,1602.0,1609.0,1550.0,1555.0,1827000
2011-01-11,1148.7470703125,1608.0,1630.0,1604.0,1620.0,1328000
2011-01-12,1164.4635009765625,1630.0,1641.0,1615.0,1619.0,1469000
2011-01-13,1160.1771240234375,1624.0,1648.0,1621.0,1639.0,1045000
2011-01-14,1155.176025390625,1617.0,1638.0,1611.0,1626.0,692000
2011-01-17,1127.3148193359375,1578.0,1625.0,1562.0,1618.0,1505000
2011-01-18,1128.7437744140625,1580.0,1609.0,1560.0,1572.0,1023000
2011-01-19,1143.7459716796875,1601.0,1602.0,1576.0,1590.0,684000
2011-01-20,1141.6026611328125,1598.0,1610.0,1571.0,1582.0,1074000
2011-01-21,1110.1695556640625,1554.0,1604.0,1530.0,1599.0,1647000
2011-01-24,1136.6019287109375,1591.0,1601.0,1548.0,1568.0,1257000
2011-01-25,1143.0316162109375,1600.0,1619.0,1587.0,1611.0,875000
2011-01-26,1150.1754150390625,1610.0,1619.0,1594.0,1594.0,379000
2011-01-27,1138.0308837890625,1593.0,1614.0,1591.0,1607.0,696000
2011-01-28,1125.8861083984375,1576.0,1600.0,1567.0,1586.0,898000
2011-01-31,1170.892822265625,1639.0,1657.0,1540.0,1540.0,2899000
2011-02-01,1187.323974609375,1662.0,1675.0,1618.0,1632.0,1795000
2011-02-02,1195.18212890625,1673.0,1685.0,1655.0,1685.0,1019000
2011-02-03,1193.753173828125,1671.0,1699.0,1669.0,1673.0,952000
2011-02-04,1190.181396484375,1666.0,1685.0,1665.0,1684.0,448000
2011-02-07,1132.3155517578125,1585.0,1664.0,1569.0,1659.0,4037000
2011-02-08,1117.313232421875,1564.0,1581.0,1547.0,1575.0,2021000
2011-02-09,1090.166259765625,1526.0,1574.0,1513.0,1571.0,1649000
2011-02-10,1098.0247802734375,1537.0,1543.0,1514.0,1527.0,893000
2011-02-14,1130.8863525390625,1583.0,1685.0,1536.0,1678.0,1382000
2011-02-15,1121.5997314453125,1570.0,1584.0,1560.0,1582.0,827000
2011-02-16,1115.88427734375,1562.0,1582.0,1558.0,1578.0,731000
2011-02-17,1113.02685546875,1558.0,1573.0,1553.0,1566.0,834000
2011-02-18,1113.7413330078125,1559.0,1566.0,1548.0,1566.0,781000
2011-02-21,1108.7403564453125,1552.0,1566.0,1548.0,1566.0,737000
2011-02-22,1094.452392578125,1532.0,1550.0,1521.0,1548.0,886000
2011-02-23,1089.4517822265625,1525.0,1546.0,1502.0,1503.0,737000
2011-02-24,1085.1658935546875,1519.0,1532.0,1501.0,1511.0,1019000
2011-02-25,1085.1658935546875,1519.0,1525.0,1505.0,1514.0,538000
2011-02-28,1127.3148193359375,1578.0,1584.0,1510.0,1527.0,1140000
2011-03-01,1130.8863525390625,1583.0,1591.0,1562.0,1578.0,732000
2011-03-02,1098.7391357421875,1538.0,1567.0,1535.0,1567.0,515000
2011-03-03,1109.4549560546875,1553.0,1566.0,1546.0,1556.0,355000
2011-03-04,1120.1708984375,1568.0,1580.0,1550.0,1580.0,536000
2011-03-07,1095.88134765625,1534.0,1553.0,1523.0,1553.0,386000
2011-03-08,1085.8798828125,1520.0,1543.0,1518.0,1520.0,414000
2011-03-09,1084.451171875,1518.0,1535.0,1513.0,1529.0,463000
2011-03-10,1067.3055419921875,1494.0,1516.0,1486.0,1511.0,501000
2011-03-11,1025.156494140625,1435.0,1483.0,1435.0,1472.0,1378000
2011-03-14,921.5692138671876,1290.0,1349.0,1255.0,1255.0,1276000
2011-03-15,857.2739868164062,1200.0,1255.0,1011.0,1230.0,2433000
2011-03-16,958.00341796875,1341.0,1347.0,1230.0,1230.0,1385000
2011-03-17,945.1442260742188,1323.0,1346.0,1251.0,1251.0,1163000
2011-03-18,980.8638916015624,1373.0,1423.0,1327.0,1327.0,934000
2011-03-22,1034.443603515625,1448.0,1453.0,1418.0,1450.0,578000
2011-03-23,1045.1593017578125,1463.0,1485.0,1416.0,1447.0,1004000
2011-03-24,1028.013916015625,1439.0,1460.0,1416.0,1447.0,737000
2011-03-25,1020.8704223632812,1429.0,1457.0,1411.0,1457.0,558000
2011-03-28,1023.7274780273438,1433.0,1434.0,1403.0,1424.0,377000
2011-03-29,1101.6982421875,1526.0,1528.0,1414.0,1414.0,1366000
2011-03-30,1140.6837158203125,1580.0,1589.0,1532.0,1532.0,1334000
2011-03-31,1152.2347412109375,1596.0,1599.0,1559.0,1575.0,1101000
2011-04-01,1144.29345703125,1585.0,1607.0,1582.0,1591.0,797000
2011-04-04,1142.8494873046875,1583.0,1603.0,1576.0,1590.0,421000
2011-04-05,1134.1864013671875,1571.0,1587.0,1555.0,1570.0,513000
2011-04-06,1129.1326904296875,1564.0,1581.0,1540.0,1581.0,462000
2011-04-07,1126.9669189453125,1561.0,1569.0,1546.0,1554.0,560000
2011-04-08,1123.3568115234375,1556.0,1573.0,1542.0,1548.0,713000
2011-04-11,1119.7470703125,1551.0,1573.0,1547.0,1559.0,366000
2011-04-12,1096.64501953125,1519.0,1562.0,1512.0,1547.0,655000
2011-04-13,1136.352294921875,1574.0,1578.0,1503.0,1510.0,753000
2011-04-14,1155.8447265625,1601.0,1609.0,1570.0,1574.0,1273000
2011-04-15,1155.122802734375,1600.0,1613.0,1584.0,1598.0,866000
2011-04-18,1164.508056640625,1613.0,1620.0,1601.0,1616.0,489000
2011-04-19,1155.8447265625,1601.0,1620.0,1594.0,1597.0,730000
2011-04-20,1150.7911376953125,1594.0,1609.0,1585.0,1608.0,517000
2011-04-21,1174.6156005859375,1627.0,1631.0,1597.0,1606.0,950000
2011-04-22,1159.4544677734375,1606.0,1625.0,1600.0,1625.0,784000
2011-04-25,1154.40087890625,1599.0,1610.0,1586.0,1600.0,406000
2011-04-26,1163.064453125,1611.0,1616.0,1589.0,1598.0,330000
2011-04-27,1188.3323974609375,1646.0,1652.0,1620.0,1620.0,986000
2011-04-28,1209.269287109375,1675.0,1675.0,1644.0,1657.0,1013000
2011-05-02,1217.2105712890625,1686.0,1700.0,1677.0,1677.0,739000
2011-05-06,1208.547119140625,1674.0,1678.0,1642.0,1642.0,412000
2011-05-09,1196.995849609375,1658.0,1683.0,1651.0,1681.0,635000
2011-05-10,1221.54248046875,1692.0,1696.0,1653.0,1658.0,597000
2011-05-11,1212.8790283203125,1680.0,1698.0,1674.0,1696.0,441000
2011-05-12,1222.986083984375,1694.0,1712.0,1661.0,1669.0,927000
2011-05-13,1196.995849609375,1658.0,1705.0,1640.0,1702.0,1020000
2011-05-16,1171.7276611328125,1623.0,1647.0,1608.0,1635.0,900000
2011-05-17,1166.67431640625,1616.0,1620.0,1585.0,1620.0,858000
2011-05-18,1194.830322265625,1655.0,1656.0,1602.0,1613.0,433000
2011-05-19,1189.054443359375,1647.0,1661.0,1627.0,1655.0,570000
2011-05-20,1146.459228515625,1588.0,1637.0,1584.0,1630.0,811000
2011-05-23,1132.7423095703125,1569.0,1590.0,1553.0,1580.0,1228000
2011-05-24,1125.522705078125,1559.0,1575.0,1550.0,1550.0,664000
2011-05-25,1125.522705078125,1559.0,1573.0,1546.0,1557.0,498000
2011-05-26,1187.6103515625,1645.0,1652.0,1585.0,1587.0,1342000
2011-05-27,1205.659423828125,1670.0,1682.0,1623.0,1646.0,1126000
2011-05-30,1259.8056640625,1745.0,1750.0,1669.0,1676.0,2531000
2011-05-31,1280.742431640625,1774.0,1786.0,1740.0,1746.0,1889000
2011-06-01,1302.4010009765625,1804.0,1809.0,1750.0,1775.0,1414000
2011-06-02,1288.683837890625,1785.0,1799.0,1775.0,1789.0,1011000
2011-06-03,1270.635009765625,1760.0,1786.0,1752.0,1785.0,732000
2011-06-06,1260.52783203125,1746.0,1755.0,1726.0,1749.0,794000
2011-06-07,1261.24951171875,1747.0,1761.0,1732.0,1743.0,707000
2011-06-08,1267.0252685546875,1755.0,1755.0,1739.0,1750.0,475000
2011-06-09,1270.635009765625,1760.0,1763.0,1730.0,1750.0,432000
2011-06-10,1279.2987060546875,1772.0,1781.0,1758.0,1761.0,760000
2011-06-13,1255.4739990234375,1739.0,1772.0,1737.0,1760.0,725000
2011-06-14,1293.0157470703125,1791.0,1799.0,1749.0,1749.0,834000
2011-06-15,1286.51806640625,1782.0,1800.0,1779.0,1800.0,769000
2011-06-16,1264.8594970703125,1752.0,1779.0,1752.0,1770.0,447000
2011-06-17,1284.3521728515625,1779.0,1798.0,1762.0,1772.0,770000
2011-06-20,1323.3375244140625,1833.0,1861.0,1799.0,1801.0,1817000
2011-06-21,1317.5621337890625,1825.0,1838.0,1801.0,1833.0,846000
2011-06-22,1324.781494140625,1835.0,1854.0,1826.0,1831.0,943000
2011-06-23,1289.4058837890625,1786.0,1830.0,1786.0,1830.0,1032000
2011-06-24,1290.1278076171875,1787.0,1814.0,1774.0,1789.0,793000
2011-06-27,1290.849853515625,1788.0,1811.0,1773.0,1776.0,475000
2011-06-28,1260.52783203125,1746.0,1812.0,1734.0,1810.0,958000
2011-06-29,1277.1324462890625,1769.0,1775.0,1758.0,1773.0,467000
2011-06-30,1264.1373291015625,1751.0,1770.0,1746.0,1770.0,570000
2011-07-01,1315.3958740234375,1822.0,1833.0,1761.0,1767.0,958800
2011-07-04,1293.0157470703125,1791.0,1849.0,1783.0,1839.0,801200
2011-07-05,1280.742431640625,1774.0,1813.0,1767.0,1787.0,777900
2011-07-06,1295.181396484375,1794.0,1794.0,1771.0,1778.0,499000
2011-07-07,1295.181396484375,1794.0,1809.0,1778.0,1794.0,369400
2011-07-08,1293.7371826171875,1792.0,1807.0,1784.0,1800.0,462100
2011-07-11,1321.8939208984375,1831.0,1844.0,1797.0,1808.0,1021900
2011-07-12,1312.5079345703125,1818.0,1841.0,1814.0,1830.0,743500
2011-07-13,1325.5032958984375,1836.0,1841.0,1807.0,1814.0,625400
2011-07-14,1321.171630859375,1830.0,1844.0,1823.0,1843.0,401900
2011-07-15,1325.5032958984375,1836.0,1842.0,1815.0,1827.0,444600
2011-07-19,1351.493408203125,1872.0,1878.0,1834.0,1835.0,841100
2011-07-20,1346.439697265625,1865.0,1900.0,1860.0,1882.0,624900
2011-07-21,1387.5909423828125,1922.0,1930.0,1872.0,1873.0,1109700
2011-07-22,1376.0399169921875,1906.0,1927.0,1899.0,1918.0,629200
2011-07-25,1360.156982421875,1884.0,1909.0,1880.0,1906.0,614900
2011-07-26,1366.654541015625,1893.0,1897.0,1872.0,1894.0,354700
2011-07-27,1362.3228759765625,1887.0,1887.0,1865.0,1876.0,481600
2011-07-28,1340.664306640625,1857.0,1877.0,1854.0,1870.0,371500
2011-07-29,1316.1181640625,1823.0,1864.0,1814.0,1860.0,459500
2011-08-01,1386.147216796875,1920.0,1935.0,1857.0,1858.0,1246100
2011-08-02,1338.49853515625,1854.0,1904.0,1833.0,1888.0,1259500
2011-08-03,1289.4058837890625,1786.0,1817.0,1770.0,1817.0,902700
2011-08-04,1274.244873046875,1765.0,1800.0,1752.0,1800.0,949900
2011-08-05,1229.4837646484375,1703.0,1713.0,1643.0,1651.0,1310700
2011-08-08,1181.8350830078125,1637.0,1689.0,1600.0,1663.0,1071700
2011-08-09,1087.2593994140625,1506.0,1517.0,1382.0,1517.0,3714500
2011-08-10,1053.3277587890625,1459.0,1560.0,1456.0,1546.0,2087900
2011-08-11,1037.4447021484375,1437.0,1458.0,1410.0,1413.0,1142700
2011-08-12,1047.552001953125,1451.0,1486.0,1434.0,1479.0,831400
2011-08-15,1061.268798828125,1470.0,1505.0,1466.0,1486.0,682000
2011-08-16,1077.8740234375,1493.0,1498.0,1469.0,1471.0,731700
2011-08-17,1068.4886474609375,1480.0,1504.0,1475.0,1493.0,1000500
2011-08-18,1012.8982543945312,1403.0,1464.0,1391.0,1463.0,964200
2011-08-19,959.4739990234376,1329.0,1393.0,1324.0,1373.0,942700
2011-08-22,928.429931640625,1286.0,1373.0,1282.0,1326.0,761500
2011-08-23,947.9228515625,1313.0,1319.0,1280.0,1300.0,630000
2011-08-24,934.927490234375,1295.0,1372.0,1286.0,1337.0,605200
2011-08-25,988.3519287109376,1369.0,1387.0,1331.0,1342.0,793300
2011-08-26,1008.56640625,1397.0,1399.0,1336.0,1353.0,669600
2011-08-29,1022.2838134765624,1416.0,1440.0,1391.0,1398.0,894300
2011-08-30,1048.274169921875,1452.0,1463.0,1426.0,1442.0,666900
2011-08-31,1040.3323974609375,1441.0,1452.0,1427.0,1445.0,449800
2011-09-01,1067.04443359375,1478.0,1478.0,1447.0,1457.0,563400
2011-09-02,1020.8399047851562,1414.0,1450.0,1402.0,1449.0,692900
2011-09-05,968.859130859375,1342.0,1373.0,1325.0,1367.0,875100
2011-09-06,902.4397583007812,1250.0,1320.0,1235.0,1318.0,1267500
2011-09-07,919.7664794921876,1274.0,1294.0,1260.0,1266.0,1302000
2011-09-08,887.2784423828125,1229.0,1294.0,1206.0,1285.0,1659700
2011-09-09,883.6687622070312,1224.0,1229.0,1147.0,1229.0,1919700
2011-09-12,807.1419677734375,1118.0,1142.0,1102.0,1120.0,1723700
2011-09-13,828.0785522460938,1147.0,1165.0,1120.0,1123.0,948100
2011-09-14,790.537109375,1095.0,1169.0,1084.0,1129.0,1292500
2011-09-15,810.0299682617188,1122.0,1130.0,1111.0,1120.0,736600
2011-09-16,856.95654296875,1187.0,1215.0,1148.0,1151.0,1295700
2011-09-20,847.5713500976562,1174.0,1176.0,1140.0,1175.0,1111000
2011-09-21,841.7958984375,1166.0,1177.0,1151.0,1173.0,695400
2011-09-22,826.6348876953125,1145.0,1165.0,1137.0,1150.0,700900
2011-09-26,768.8785400390625,1065.0,1152.0,1062.0,1151.0,1063200
2011-09-27,803.5322875976562,1113.0,1125.0,1095.0,1100.0,665500
2011-09-28,774.206298828125,1056.0,1136.0,1047.0,1116.0,1192700
2011-09-29,788.8690795898438,1076.0,1077.0,1001.0,1022.0,1667600
2011-09-30,801.3328857421875,1093.0,1110.0,1056.0,1078.0,1217700
2011-10-03,778.6054077148438,1062.0,1071.0,1040.0,1065.0,723000
2011-10-04,754.4113159179688,1029.0,1033.0,1006.0,1030.0,714000
2011-10-05,708.9558715820312,967.0,1041.0,963.0,1030.0,1107600
2011-10-06,749.2791748046875,1022.0,1030.0,994.0,997.0,806800
2011-10-07,793.2681884765625,1082.0,1094.0,1063.0,1065.0,1125100
2011-10-11,826.2599487304688,1127.0,1129.0,1094.0,1120.0,1105500
2011-10-12,841.65625,1148.0,1171.0,1093.0,1111.0,977900
2011-10-13,893.7099609375,1219.0,1225.0,1178.0,1190.0,1220000
2011-10-14,865.1167602539062,1180.0,1210.0,1175.0,1190.0,597200
2011-10-17,893.7099609375,1219.0,1228.0,1201.0,1228.0,562200
2011-10-18,884.178955078125,1206.0,1216.0,1169.0,1175.0,530300
2011-10-19,851.9202880859375,1162.0,1228.0,1152.0,1228.0,925500
2011-10-20,813.0632934570312,1109.0,1155.0,1103.0,1150.0,712800
2011-10-21,825.5267944335938,1126.0,1143.0,1091.0,1108.0,634700
2011-10-24,858.5187377929688,1171.0,1178.0,1141.0,1151.0,585900
2011-10-25,843.122314453125,1150.0,1187.0,1144.0,1177.0,564900
2011-10-26,876.8472900390625,1196.0,1208.0,1131.0,1151.0,797100
2011-10-27,911.3053588867188,1243.0,1245.0,1186.0,1220.0,905100
2011-10-28,923.0355834960938,1259.0,1280.0,1233.0,1279.0,1134600
2011-10-31,865.1167602539062,1180.0,1203.0,1161.0,1188.0,1492900
2011-11-01,826.2599487304688,1127.0,1173.0,1124.0,1170.0,1029600
2011-11-02,815.995849609375,1113.0,1135.0,1086.0,1090.0,659600
2011-11-04,842.3890991210938,1149.0,1157.0,1125.0,1126.0,700900
2011-11-07,857.0523071289062,1169.0,1176.0,1153.0,1165.0,468800
2011-11-08,788.1361083984375,1075.0,1173.0,1064.0,1170.0,1238300
2011-11-09,762.4758911132812,1040.0,1065.0,1011.0,1064.0,2139600
2011-11-10,747.0797729492188,1019.0,1025.0,1001.0,1011.0,749000
2011-11-11,770.5404663085938,1051.0,1066.0,1015.0,1020.0,710000
2011-11-14,780.071533203125,1064.0,1098.0,1048.0,1078.0,481100
2011-11-15,752.9450073242188,1027.0,1055.0,1022.0,1054.0,616100
2011-11-16,733.1499633789062,1000.0,1035.0,994.0,1015.0,885900
2011-11-17,751.4786987304688,1025.0,1047.0,1003.0,1008.0,619900
2011-11-18,741.2146606445312,1011.0,1033.0,1001.0,1004.0,782500
2011-11-21,722.152587890625,985.0,1013.0,983.0,1010.0,770600
2011-11-22,733.1499633789062,1000.0,1003.0,960.0,971.0,720200
2011-11-24,705.290283203125,962.0,980.0,960.0,970.0,543400
2011-11-25,717.753662109375,979.0,989.0,965.0,965.0,324200
2011-11-28,739.0150146484375,1008.0,1038.0,995.0,997.0,752600
2011-11-29,758.8101806640625,1035.0,1035.0,1016.0,1022.0,539300
2011-11-30,761.009521484375,1038.0,1038.0,1005.0,1031.0,701200
2011-12-01,794.00146484375,1083.0,1088.0,1062.0,1075.0,868200
2011-12-02,799.133544921875,1090.0,1097.0,1070.0,1093.0,602600
2011-12-05,794.7345581054688,1084.0,1095.0,1073.0,1091.0,359800
2011-12-06,765.4085693359375,1044.0,1071.0,1040.0,1070.0,432400
2011-12-07,804.9987182617188,1098.0,1100.0,1051.0,1051.0,662400
2011-12-08,793.2681884765625,1082.0,1098.0,1068.0,1089.0,363400
2011-12-09,762.4758911132812,1040.0,1065.0,1038.0,1052.0,858300
2011-12-12,774.9393310546875,1057.0,1075.0,1054.0,1070.0,412900
2011-12-13,766.874755859375,1046.0,1054.0,1031.0,1051.0,432500
2011-12-14,748.546142578125,1021.0,1039.0,1012.0,1039.0,830800
2011-12-15,734.6163330078125,1002.0,1019.0,999.0,1013.0,663200
2011-12-16,729.4842529296875,995.0,1014.0,988.0,1000.0,363800
2011-12-19,712.621826171875,972.0,1003.0,953.0,1002.0,721500
2011-12-20,706.7564697265625,964.0,979.0,954.0,963.0,675000
2011-12-21,689.1609497070312,940.0,983.0,934.0,979.0,1332800
2011-12-22,675.9642944335938,922.0,941.0,917.0,941.0,1090600
2011-12-26,683.2957153320312,932.0,938.0,915.0,934.0,746100
2011-12-27,668.6326293945312,912.0,929.0,912.0,929.0,632200
2011-12-28,663.5006103515625,905.0,914.0,905.0,913.0,514400
2011-12-29,657.6354370117188,897.0,899.0,887.0,899.0,640500
2011-12-30,681.8294677734375,930.0,932.0,893.0,893.0,571200
2012-01-04,692.8265991210938,945.0,946.0,920.0,933.0,743100
2012-01-05,673.7647705078125,919.0,940.0,916.0,939.0,580500
2012-01-06,676.6973876953125,923.0,934.0,914.0,922.0,644500
2012-01-10,684.7620849609375,934.0,938.0,921.0,929.0,629300
2012-01-11,691.3604125976562,943.0,950.0,937.0,940.0,754800
2012-01-12,720.6863403320312,983.0,1000.0,966.0,969.0,1893400
2012-01-13,704.5570678710938,961.0,993.0,946.0,984.0,1245100
2012-01-16,683.2957153320312,932.0,964.0,931.0,962.0,563900
2012-01-17,695.026123046875,948.0,957.0,940.0,941.0,381400
2012-01-18,717.0206909179688,978.0,983.0,947.0,948.0,708600
2012-01-19,751.4786987304688,1025.0,1030.0,981.0,986.0,1397700
2012-01-20,752.9450073242188,1027.0,1033.0,1002.0,1032.0,841300
2012-01-23,754.4113159179688,1029.0,1041.0,1012.0,1020.0,511700
2012-01-24,736.08251953125,1004.0,1030.0,1002.0,1029.0,548700
2012-01-25,746.3466186523438,1018.0,1024.0,1002.0,1006.0,490200
2012-01-26,728.0177612304688,993.0,1021.0,987.0,1018.0,857100
2012-01-27,725.0853881835938,989.0,1001.0,975.0,984.0,579200
2012-01-30,715.55419921875,976.0,988.0,973.0,973.0,489900
2012-01-31,717.753662109375,979.0,988.0,971.0,976.0,341400
2012-02-01,720.6863403320312,983.0,997.0,961.0,970.0,577400
2012-02-02,724.3521118164062,988.0,1000.0,984.0,1000.0,293000
2012-02-03,696.4923706054688,950.0,982.0,930.0,974.0,1366000
2012-02-06,678.1637573242188,925.0,948.0,919.0,919.0,1299600
2012-02-07,687.6947021484375,938.0,938.0,922.0,926.0,917300
2012-02-08,689.1609497070312,940.0,948.0,935.0,945.0,747900
2012-02-09,708.222900390625,966.0,972.0,942.0,945.0,968100
2012-02-10,731.6836547851562,998.0,1025.0,991.0,996.0,1665500
2012-02-13,726.5513916015625,991.0,1007.0,989.0,999.0,682000
2012-02-14,715.55419921875,976.0,995.0,965.0,994.0,739700
2012-02-15,718.4869995117188,980.0,993.0,961.0,969.0,914100
2012-02-16,719.9532470703125,982.0,992.0,971.0,981.0,625100
2012-02-17,739.7481689453125,1009.0,1009.0,994.0,1000.0,607700
2012-02-20,778.6054077148438,1062.0,1064.0,1028.0,1030.0,1335600
2012-02-21,791.8019409179688,1080.0,1127.0,1055.0,1064.0,2062100
2012-02-22,793.2681884765625,1082.0,1084.0,1058.0,1072.0,768300
2012-02-23,811.5969848632812,1107.0,1114.0,1087.0,1100.0,785500
2012-02-24,807.1980590820312,1101.0,1106.0,1081.0,1105.0,595200
2012-02-27,822.5943603515625,1122.0,1125.0,1101.0,1113.0,785000
2012-02-28,796.2009887695312,1086.0,1088.0,1065.0,1081.0,791900
2012-02-29,796.2009887695312,1086.0,1107.0,1084.0,1106.0,696600
2012-03-01,771.2738037109375,1052.0,1104.0,1046.0,1090.0,791600
2012-03-02,765.4085693359375,1044.0,1067.0,1033.0,1062.0,898000
2012-03-05,771.2738037109375,1052.0,1080.0,1049.0,1060.0,795100
2012-03-06,755.8777465820312,1031.0,1065.0,1022.0,1050.0,802500
2012-03-07,747.8128051757812,1020.0,1022.0,1005.0,1007.0,514100
2012-03-08,761.009521484375,1038.0,1040.0,1022.0,1027.0,350100
2012-03-09,780.8046875,1065.0,1069.0,1042.0,1050.0,751600
2012-03-12,761.009521484375,1038.0,1082.0,1034.0,1072.0,957500
2012-03-13,761.7427978515625,1039.0,1059.0,1035.0,1041.0,615600
2012-03-14,758.0769653320312,1034.0,1062.0,1031.0,1060.0,758500
2012-03-15,748.546142578125,1021.0,1027.0,1014.0,1027.0,851700
2012-03-16,752.9450073242188,1027.0,1035.0,1014.0,1014.0,656800
2012-03-19,761.009521484375,1038.0,1053.0,1035.0,1036.0,468100
2012-03-21,745.6136474609375,1017.0,1034.0,1013.0,1028.0,641700
2012-03-22,725.818359375,990.0,1018.0,989.0,1015.0,941600
2012-03-23,719.9532470703125,982.0,994.0,982.0,986.0,587800
2012-03-26,719.2200317382812,981.0,990.0,972.0,986.0,497200
2012-03-27,731.6836547851562,998.0,1001.0,986.0,989.0,419900
2012-03-28,745.054443359375,1003.0,1017.0,989.0,989.0,358500
2012-03-29,735.397705078125,990.0,1002.0,986.0,1002.0,245500
2012-03-30,720.541259765625,970.0,993.0,968.0,991.0,554800
2012-04-02,717.5698852539062,966.0,983.0,964.0,975.0,476200
2012-04-03,707.1704711914062,952.0,972.0,952.0,963.0,511400
2012-04-04,687.1140747070312,925.0,956.0,917.0,955.0,795100
2012-04-05,701.2276000976562,944.0,946.0,906.0,917.0,634900
2012-04-06,673.0003662109375,906.0,933.0,901.0,931.0,873700
2012-04-09,675.2288818359375,909.0,927.0,891.0,902.0,724600
2012-04-10,652.2012329101562,878.0,908.0,878.0,902.0,648600
2012-04-11,659.6294555664062,888.0,903.0,864.0,870.0,631600
2012-04-12,701.9705200195312,945.0,953.0,903.0,909.0,1086100
2012-04-13,675.9715576171875,910.0,947.0,903.0,946.0,811000
2012-04-16,657.4010620117188,885.0,904.0,885.0,900.0,441100
2012-04-17,654.4298095703125,881.0,896.0,879.0,888.0,377000
2012-04-18,670.77197265625,903.0,905.0,892.0,895.0,456100
2012-04-19,665.5721435546875,896.0,902.0,885.0,892.0,548100
2012-04-20,653.686767578125,880.0,891.0,877.0,888.0,662700
2012-04-23,693.7994995117188,934.0,965.0,919.0,962.0,1399400
2012-04-24,705.6846313476562,950.0,951.0,922.0,928.0,932300
2012-04-25,690.0853881835938,929.0,958.0,922.0,951.0,627200
2012-04-26,692.3137817382812,932.0,939.0,919.0,933.0,393500
2012-04-27,661.1151123046875,890.0,936.0,886.0,920.0,769900
2012-05-01,655.9154663085938,883.0,910.0,880.0,901.0,542400
2012-05-02,655.1724853515625,882.0,894.0,879.0,891.0,396200
2012-05-07,629.1737060546875,847.0,866.0,841.0,866.0,607200
2012-05-08,629.9163208007812,848.0,855.0,842.0,852.0,436000
2012-05-09,609.1173706054688,820.0,843.0,806.0,841.0,660700
2012-05-10,613.57421875,826.0,844.0,801.0,801.0,492900
2012-05-11,607.6317138671875,818.0,847.0,811.0,829.0,484700
2012-05-14,595.7465209960938,802.0,841.0,757.0,790.0,1222200
2012-05-15,571.9759521484375,770.0,787.0,754.0,787.0,789700
2012-05-16,557.1194458007812,750.0,777.0,742.0,762.0,686400
2012-05-17,583.8613891601562,786.0,793.0,741.0,741.0,434100
2012-05-18,551.1769409179688,742.0,760.0,735.0,756.0,568200
2012-05-21,548.9483032226562,739.0,761.0,736.0,740.0,298700
2012-05-22,560.0908813476562,754.0,760.0,748.0,754.0,246100
2012-05-23,557.8623046875,751.0,775.0,748.0,752.0,800900
2012-05-24,554.1482543945312,746.0,755.0,731.0,751.0,435700
2012-05-25,543.7485961914062,732.0,758.0,730.0,758.0,325400
2012-05-28,551.1769409179688,742.0,745.0,730.0,730.0,291800
2012-05-29,579.4042358398438,780.0,792.0,737.0,745.0,721800
2012-05-30,584.6041870117188,787.0,805.0,768.0,787.0,841900
2012-05-31,578.6614379882812,779.0,790.0,752.0,761.0,470700
2012-06-01,554.1482543945312,746.0,785.0,745.0,778.0,501700
2012-06-04,534.8347778320312,720.0,733.0,717.0,725.0,369300
2012-06-05,566.7760620117188,763.0,764.0,723.0,730.0,596100
2012-06-06,589.06103515625,793.0,799.0,754.0,764.0,579900
2012-06-07,608.3746337890625,819.0,832.0,801.0,808.0,645500
2012-06-08,594.2608642578125,800.0,828.0,797.0,826.0,612900
2012-06-11,621.0025024414062,836.0,843.0,818.0,821.0,426900
2012-06-12,621.745361328125,837.0,847.0,807.0,810.0,368500
2012-06-13,620.259765625,835.0,854.0,831.0,838.0,367400
2012-06-14,632.1448364257812,851.0,854.0,825.0,835.0,368800
2012-06-15,630.659423828125,849.0,860.0,837.0,857.0,623900
2012-06-18,652.2012329101562,878.0,887.0,858.0,860.0,677900
2012-06-19,641.8016357421875,864.0,886.0,862.0,870.0,539300
2012-06-20,640.3158569335938,862.0,877.0,861.0,876.0,442600
2012-06-21,659.6294555664062,888.0,893.0,863.0,870.0,498500
2012-06-22,690.8282470703125,930.0,933.0,878.0,883.0,1004000
2012-06-25,707.9130249023438,953.0,965.0,935.0,939.0,1024200
2012-06-26,683.3999633789062,920.0,939.0,904.0,938.0,888600
2012-06-27,685.6284790039062,923.0,937.0,905.0,925.0,516400
2012-06-28,679.6856689453125,915.0,949.0,905.0,941.0,485100
2012-06-29,673.0003662109375,906.0,919.0,872.0,885.0,952200
2012-07-02,653.686767578125,880.0,905.0,876.0,896.0,1083000
2012-07-03,660.3722534179688,889.0,890.0,862.0,890.0,808900
2012-07-04,664.08642578125,894.0,910.0,890.0,897.0,752300
2012-07-05,670.77197265625,903.0,920.0,892.0,893.0,581700
2012-07-06,690.8282470703125,930.0,933.0,908.0,911.0,690900
2012-07-09,675.2288818359375,909.0,927.0,899.0,924.0,534200
2012-07-10,663.3436889648438,893.0,907.0,890.0,900.0,257100
2012-07-11,670.0289306640625,902.0,912.0,890.0,892.0,473800
2012-07-12,658.8865966796875,887.0,900.0,886.0,900.0,618800
2012-07-13,660.3722534179688,889.0,900.0,883.0,883.0,785000
2012-07-17,666.3148193359375,897.0,923.0,881.0,891.0,631000
2012-07-18,676.2843017578125,910.4208984375,927.0,907.0,915.0,489800
2012-07-19,681.17138671875,917.0,937.0,912.0,914.0,429600
2012-07-20,680.4287109375,916.0,939.0,907.0,939.0,300000
2012-07-23,639.4059448242188,860.7747802734375,889.0,853.0,886.0,703800
2012-07-24,642.5444946289062,865.0,870.0,840.0,848.0,436600
2012-07-25,624.7167358398438,841.0,860.0,831.0,850.0,429300
2012-07-26,632.1448364257812,851.0,876.0,845.0,850.0,264700
2012-07-27,652.9439086914062,879.0,888.0,871.0,885.0,281800
2012-07-30,656.6580810546875,884.0,884.0,852.0,867.0,462600
2012-07-31,674.2879638671875,907.7332763671876,914.0,873.0,884.0,365200
2012-08-01,652.9439086914062,879.0,910.0,868.0,910.0,450900
2012-08-02,644.77294921875,868.0,883.0,866.0,873.0,277100
2012-08-03,641.8016357421875,864.0,873.0,849.0,853.0,361000
2012-08-06,657.4010620117188,885.0,898.0,879.0,885.0,301700
2012-08-07,681.9142456054688,918.0,919.0,895.0,896.0,376500
2012-08-08,697.513671875,939.0,950.0,927.0,928.0,518100
2012-08-09,701.4649658203125,944.3193969726562,949.0,935.0,942.0,347800
2012-08-10,703.4561767578125,947.0,955.0,935.0,946.0,336600
2012-08-13,701.9705200195312,945.0,956.0,942.0,942.0,279700
2012-08-14,698.9993286132812,941.0,957.0,934.0,951.0,323000
2012-08-15,688.228271484375,926.5,949.0,921.0,943.0,246200
2012-08-16,704.198974609375,948.0,951.0,921.0,921.0,229900
2012-08-17,708.6558837890625,954.0,964.0,947.0,958.0,299600
2012-08-20,714.5986938476562,962.0,969.0,955.0,962.0,198300
2012-08-21,703.4561767578125,947.0,960.0,935.0,958.0,306500
2012-08-22,692.3137817382812,932.0,940.0,924.0,935.0,208000
2012-08-23,681.17138671875,917.0,924.0,910.0,920.0,395100
2012-08-24,673.7432250976562,907.0,918.0,901.0,908.0,288200
2012-08-27,673.7432250976562,907.0,919.0,902.0,913.0,157300
2012-08-28,661.1151123046875,890.0,918.0,880.0,912.0,300500
2012-08-29,668.5433349609375,900.0,907.0,889.0,890.0,227800
2012-08-30,658.1438598632812,886.0,900.0,883.0,900.0,171700
2012-08-31,639.5731811523438,861.0,881.0,861.0,873.0,271000
2012-09-03,641.8016357421875,864.0,879.0,853.0,860.0,195500
2012-09-04,645.5157470703125,869.0,873.0,843.0,849.0,277300
2012-09-05,626.2022705078125,843.0,862.0,835.0,854.0,284800
2012-09-06,600.9462280273438,809.0,832.0,801.0,831.0,428300
2012-09-07,629.9163208007812,848.0,848.0,830.0,833.0,341300
2012-09-10,638.0874633789062,859.0,863.0,843.0,850.0,277600
2012-09-11,636.6018676757812,857.0,862.0,848.0,850.0,341900
2012-09-12,637.3446044921875,858.0,868.0,845.0,857.0,374000
2012-09-13,649.2301025390625,874.0,880.0,846.0,855.0,214000
2012-09-14,656.6580810546875,884.0,894.0,880.0,894.0,277800
2012-09-18,677.457275390625,912.0,915.0,878.0,888.0,401300
2012-09-19,688.599609375,927.0,942.0,911.0,912.0,515600
2012-09-20,667.0576782226562,898.0,926.0,895.0,920.0,314300
2012-09-21,652.9439086914062,879.0,893.0,879.0,885.0,586500
2012-09-24,664.8292236328125,895.0,897.0,861.0,870.0,479700
2012-09-25,668.5433349609375,900.0,908.0,886.0,908.0,287300
2012-09-26,651.9618530273438,865.0,875.0,856.0,860.0,311200
2012-09-27,655.7302856445312,870.0,881.0,855.0,855.0,316800
2012-09-28,661.7598876953125,878.0,888.0,869.0,871.0,301400
2012-10-01,630.1041259765625,836.0,868.0,825.0,868.0,475800
2012-10-02,633.8726196289062,841.0,851.0,834.0,841.0,494400
2012-10-03,648.193115234375,860.0,867.0,840.0,842.0,490100
2012-10-04,639.9024047851562,849.0,859.0,834.0,857.0,311700
2012-10-05,648.9469604492188,861.0,867.0,843.0,849.0,198500
2012-10-09,633.8726196289062,841.0,861.0,837.0,857.0,286500
2012-10-10,613.5223388671875,814.0,819.0,803.0,812.0,407400
2012-10-11,605.2315673828125,803.0,818.0,798.0,799.0,542200
2012-10-12,601.4630126953125,798.0,806.0,795.0,804.0,429900
2012-10-15,625.5819091796875,830.0,843.0,803.0,803.0,361300
2012-10-16,624.8280639648438,829.0,837.0,819.0,834.0,228400
2012-10-17,642.1634521484375,852.0,857.0,835.0,844.0,256700
2012-10-18,651.2080078125,864.0,873.0,851.0,852.0,159600
2012-10-19,638.394775390625,847.0,852.0,834.0,850.0,365300
2012-10-22,643.6709594726562,854.0,860.0,836.0,836.0,240700
2012-10-23,639.1487426757812,848.0,860.0,839.0,860.0,163800
2012-10-24,625.5819091796875,830.0,847.0,826.0,835.0,268000
2012-10-25,633.8726196289062,841.0,844.0,828.0,830.0,185400
2012-10-26,621.8132934570312,825.0,849.0,823.0,849.0,235100
2012-10-29,552.4715576171875,733.0,751.0,721.0,750.0,1919500
2012-10-30,542.6734008789062,720.0,735.0,720.0,731.0,973500
2012-10-31,532.12158203125,706.0,732.0,703.0,731.0,846800
2012-11-01,540.4121704101562,717.0,720.0,705.0,709.0,589300
2012-11-02,545.6881713867188,724.0,731.0,720.0,727.0,500800
2012-11-05,544.9346313476562,723.0,736.0,720.0,732.0,325200
2012-11-06,538.1510009765625,714.0,722.0,711.0,721.0,308300
2012-11-07,541.166015625,718.0,733.0,714.0,719.0,512100
2012-11-08,535.8900146484375,711.0,720.0,705.0,710.0,368900
2012-11-09,520.815673828125,691.0,707.0,689.0,701.0,465300
2012-11-12,502.7267150878906,667.0,687.0,666.0,678.0,566900
2012-11-13,516.2933959960938,685.0,686.0,661.0,667.0,404200
2012-11-14,503.4802856445313,668.0,686.0,666.0,686.0,365400
2012-11-15,529.1065063476562,702.0,705.0,687.0,698.0,580900
2012-11-16,553.9788208007812,735.0,742.0,707.0,708.0,716600
2012-11-19,544.9346313476562,723.0,747.0,721.0,740.0,321500
2012-11-20,552.4715576171875,733.0,741.0,727.0,732.0,412000
2012-11-21,552.4715576171875,733.0,742.0,723.0,740.0,252300
2012-11-22,561.5159912109375,745.0,746.0,737.0,740.0,332100
2012-11-26,563.7772216796875,748.0,763.0,746.0,760.0,374200
2012-11-27,571.314453125,758.0,765.0,742.0,748.0,546900
2012-11-28,563.7772216796875,748.0,757.0,734.0,753.0,408200
2012-11-29,566.7922973632812,752.0,758.0,749.0,751.0,375300
2012-11-30,573.5755615234375,761.0,769.0,751.0,752.0,286800
2012-12-03,577.3440551757812,766.0,780.0,763.0,776.0,246100
2012-12-04,571.314453125,758.0,766.0,753.0,764.0,328500
2012-12-05,574.3294067382812,762.0,769.0,747.0,754.0,400200
2012-12-06,578.8516235351562,768.0,770.0,761.0,765.0,162900
2012-12-07,575.0828247070312,763.0,775.0,763.0,774.0,145500
2012-12-10,572.0682373046875,759.0,771.0,757.0,770.0,146600
2012-12-11,563.7772216796875,748.0,758.0,741.0,758.0,239500
2012-12-12,572.8219604492188,760.0,765.0,752.0,752.0,246900
2012-12-13,599.9554443359375,796.0,810.0,761.0,765.0,616000
2012-12-14,590.1572875976562,783.0,796.0,766.0,766.0,610400
2012-12-17,587.1423950195312,779.0,801.0,775.0,798.0,344300
2012-12-18,593.172119140625,787.0,798.0,777.0,777.0,310600
2012-12-19,602.9703369140625,800.0,808.0,796.0,797.0,568300
2012-12-20,602.9703369140625,800.0,810.0,792.0,799.0,384300
2012-12-21,587.1423950195312,779.0,812.0,775.0,808.0,477300
2012-12-25,590.1572875976562,783.0,797.0,781.0,786.0,332600
2012-12-26,609.75390625,809.0,811.0,786.0,790.0,390600
2012-12-27,639.9024047851562,849.0,872.0,820.0,822.0,625200
2012-12-28,639.9024047851562,849.0,859.0,848.0,853.0,325000
2013-01-04,660.2525634765625,876.0,883.0,864.0,864.0,404800
2013-01-07,660.2525634765625,876.0,889.0,870.0,884.0,409600
2013-01-08,642.917236328125,853.0,879.0,846.0,878.0,409600
2013-01-09,675.3267211914062,896.0,899.0,846.0,853.0,566200
2013-01-10,676.0806274414062,897.0,908.0,889.0,896.0,537600
2013-01-11,685.1251220703125,909.0,913.0,895.0,905.0,372700
2013-01-15,690.4010620117188,916.0,922.0,910.0,913.0,288600
2013-01-16,660.2525634765625,876.0,911.0,874.0,903.0,417600
2013-01-17,630.8577270507812,837.0,868.0,828.0,861.0,683800
2013-01-18,645.1782836914062,856.0,857.0,842.0,852.0,539900
2013-01-21,645.9320068359375,857.0,868.0,846.0,865.0,185600
2013-01-22,633.8726196289062,841.0,861.0,835.0,861.0,382500
2013-01-23,614.2761840820312,815.0,829.0,814.0,828.0,361800
2013-01-24,627.8428955078125,833.0,835.0,810.0,815.0,229100
2013-01-25,634.6263427734375,842.0,850.0,833.0,848.0,245200
2013-01-28,612.014892578125,812.0,852.0,811.0,850.0,442000
2013-01-29,616.5372314453125,818.0,831.0,812.0,812.0,374000
2013-01-30,629.350341796875,835.0,835.0,819.0,820.0,213100
2013-01-31,629.350341796875,835.0,838.0,822.0,837.0,290200
2013-02-01,621.0595092773438,824.0,840.0,819.0,838.0,252800
2013-02-04,625.5819091796875,830.0,838.0,823.0,826.0,211900
2013-02-05,628.5967407226562,834.0,846.0,826.0,830.0,289900
2013-02-06,634.6263427734375,842.0,848.0,840.0,845.0,222100
2013-02-07,656.4840087890625,871.0,873.0,848.0,850.0,447600
2013-02-08,651.2080078125,864.0,884.0,862.0,875.0,435400
2013-02-12,651.2080078125,864.0,885.0,864.0,885.0,496400
2013-02-13,639.9024047851562,849.0,869.0,844.0,864.0,247400
2013-02-14,656.4840087890625,871.0,880.0,846.0,846.0,325200
2013-02-15,633.118896484375,840.0,865.0,824.0,857.0,452100
2013-02-18,642.917236328125,853.0,856.0,844.0,844.0,190300
2013-02-19,645.9320068359375,857.0,863.0,844.0,848.0,177200
2013-02-20,661.0062866210938,877.0,891.0,862.0,863.0,416900
2013-02-21,661.7598876953125,878.0,881.0,871.0,877.0,198600
2013-02-22,651.9618530273438,865.0,872.0,842.0,868.0,284200
2013-02-25,657.2377319335938,872.0,881.0,865.0,880.0,185100
2013-02-26,646.6856079101562,858.0,868.0,852.0,860.0,225200
2013-02-27,638.394775390625,847.0,864.0,845.0,859.0,210900
2013-02-28,636.1338500976562,844.0,856.0,841.0,848.0,349500
2013-03-01,644.424560546875,855.0,861.0,841.0,845.0,375900
2013-03-04,651.9618530273438,865.0,869.0,861.0,867.0,325100
2013-03-05,659.4989013671875,875.0,879.0,866.0,871.0,307100
2013-03-06,670.0509033203125,889.0,889.0,874.0,878.0,271800
2013-03-07,657.9913940429688,873.0,889.0,869.0,889.0,251300
2013-03-08,659.4989013671875,875.0,882.0,870.0,876.0,399400
2013-03-11,671.5582275390625,891.0,897.0,879.0,881.0,420700
2013-03-12,667.7897338867188,886.0,899.0,886.0,893.0,241100
2013-03-13,664.77490234375,882.0,889.0,877.0,880.0,207900
2013-03-14,659.4989013671875,875.0,884.0,870.0,883.0,169700
2013-03-15,664.0211791992188,881.0,884.0,874.0,876.0,223100
2013-03-18,657.9913940429688,873.0,882.0,872.0,881.0,180500
2013-03-19,670.8045654296875,890.0,897.0,879.0,879.0,302000
2013-03-21,685.1251220703125,909.0,913.0,899.0,901.0,327900
2013-03-22,680.6028442382812,903.0,915.0,903.0,904.0,274000
2013-03-25,685.1251220703125,909.0,915.0,905.0,905.0,207500
2013-03-26,678.341552734375,900.0,910.0,897.0,910.0,511900
2013-03-27,699.8034057617188,913.0,917.0,898.0,898.0,272900
2013-03-28,700.56982421875,914.0,917.0,902.0,914.0,269300
2013-03-29,701.3362426757812,915.0,924.0,910.0,919.0,238300
2013-04-01,680.6410522460938,888.0,916.0,888.0,915.0,218800
2013-04-02,651.5147094726562,850.0,864.0,850.0,864.0,356400
2013-04-03,669.9102172851562,874.0,875.0,857.0,860.0,209400
2013-04-04,673.7427978515625,879.0,880.0,851.0,861.0,223300
2013-04-05,669.143798828125,873.0,910.0,871.0,892.0,347600
2013-04-08,689.0724487304688,899.0,905.0,886.0,888.0,284100
2013-04-09,706.7017822265625,922.0,924.0,909.0,912.0,455600
2013-04-10,705.1688232421875,920.0,929.0,912.0,925.0,332700
2013-04-11,711.3005981445312,928.0,930.0,917.0,928.0,230900
2013-04-12,709.7677001953125,926.0,935.0,919.0,935.0,209300
2013-04-15,690.6056518554688,901.0,925.0,897.0,925.0,261400
2013-04-16,684.4735107421875,893.0,899.0,883.0,888.0,337800
2013-04-17,697.5038452148438,910.0,916.0,900.0,908.0,208300
2013-04-18,709.0012817382812,925.0,933.0,908.0,916.0,310100
2013-04-19,725.097412109375,946.0,948.0,928.0,940.0,293600
2013-04-22,737.3613891601562,962.0,971.0,960.0,963.0,322200
2013-04-23,738.8942260742188,964.0,975.0,960.0,962.0,266500
2013-04-24,762.6553344726562,995.0,995.0,971.0,975.0,410000
2013-04-25,772.6196899414062,1008.0,1019.0,997.0,998.0,389800
2013-04-26,767.2543334960938,1001.0,1019.0,991.0,1018.0,338200
2013-04-30,782.5838623046875,1021.0,1025.0,1001.0,1001.0,323700
2013-05-01,772.6196899414062,1008.0,1025.0,1008.0,1023.0,251000
2013-05-02,765.7212524414062,999.0,1017.0,999.0,1002.0,199600
2013-05-07,779.5181884765625,1017.0,1032.0,1012.0,1019.0,247000
2013-05-08,781.817626953125,1020.0,1034.0,1018.0,1019.0,227300
2013-05-09,796.3806762695312,1039.0,1054.0,1021.0,1021.0,501700
2013-05-10,814.010009765625,1062.0,1064.0,1040.0,1051.0,335900
2013-05-13,856.1668701171875,1117.0,1136.0,1058.0,1060.0,924800
2013-05-14,850.801513671875,1110.0,1116.0,1080.0,1110.0,406900
2013-05-15,820.908447265625,1071.0,1120.0,1066.0,1107.0,451700
2013-05-16,823.9745483398438,1075.0,1089.0,1052.0,1074.0,291300
2013-05-17,820.141845703125,1070.0,1074.0,1045.0,1053.0,197100
2013-05-20,857.6997680664062,1119.0,1129.0,1076.0,1079.0,471400
2013-05-21,871.49658203125,1137.0,1154.0,1116.0,1126.0,350500
2013-05-22,867.6639404296875,1132.0,1164.0,1125.0,1154.0,281900
2013-05-23,818.6089477539062,1068.0,1163.0,1065.0,1132.0,676700
2013-05-24,817.0760498046875,1066.0,1100.0,1029.0,1098.0,314700
2013-05-27,768.020751953125,1002.0,1050.0,1002.0,1041.0,223400
2013-05-28,780.2845458984375,1018.0,1027.0,1001.0,1001.0,179800
2013-05-29,789.4823608398438,1030.0,1044.0,1016.0,1030.0,146300
2013-05-30,754.2239990234375,984.0,1015.0,982.0,1001.0,392300
2013-05-31,774.9190673828125,1011.0,1022.0,1001.0,1002.0,354900
2013-06-03,740.4271240234375,966.0,997.0,961.0,995.0,279700
2013-06-04,738.8942260742188,964.0,965.0,930.0,949.0,280400
2013-06-05,721.264892578125,941.0,980.0,940.0,965.0,133300
2013-06-06,684.4735107421875,893.0,922.0,892.0,915.0,318700
2013-06-07,684.4735107421875,893.0,908.0,873.0,888.0,295000
2013-06-10,733.52880859375,957.0,962.0,920.0,920.0,294500
2013-06-11,725.097412109375,946.0,975.0,937.0,959.0,291000
2013-06-12,732.7623291015625,956.0,963.0,920.0,920.0,214200
2013-06-13,702.8693237304688,917.0,962.0,908.0,957.0,260900
2013-06-14,708.2347412109375,924.0,952.0,923.0,944.0,371600
2013-06-17,734.29541015625,958.0,959.0,921.0,926.0,204000
2013-06-18,717.4325561523438,936.0,982.0,932.0,955.0,275800
2013-06-19,728.9298095703125,951.0,979.0,940.0,960.0,288300
2013-06-20,720.4985961914062,940.0,949.0,923.0,940.0,250500
2013-06-21,707.4683227539062,923.0,928.0,903.0,920.0,580200
2013-06-24,695.9710083007812,908.0,935.0,908.0,928.0,119100
2013-06-25,686.77294921875,896.0,910.0,880.0,903.0,216900
2013-06-26,678.3416748046875,885.0,919.0,881.0,911.0,127200
2013-06-27,701.3362426757812,915.0,915.0,895.0,912.0,189100
2013-06-28,719.7319946289062,939.0,945.0,917.0,925.0,244300
2013-07-01,720.4985961914062,940.0,941.0,920.0,938.0,264300
2013-07-02,722.7979736328125,943.0,943.0,933.0,940.0,269000
2013-07-03,718.198974609375,937.0,949.0,931.0,949.0,160500
2013-07-04,717.4325561523438,936.0,939.0,926.0,930.0,160100
2013-07-05,720.4985961914062,940.0,952.0,935.0,949.0,213200
2013-07-08,715.899658203125,934.0,952.0,934.0,943.0,153600
2013-07-09,738.8942260742188,964.0,968.0,937.0,938.0,251600
2013-07-10,738.1278076171875,963.0,970.0,954.0,963.0,167300
2013-07-11,752.69091796875,982.0,985.0,959.0,960.0,198600
2013-07-12,763.4218139648438,996.0,1002.0,978.0,980.0,236400
2013-07-16,767.2543334960938,1001.0,1023.0,1000.0,1005.0,371200
2013-07-17,767.2543334960938,1001.0,1008.0,990.0,993.0,175800
2013-07-18,774.15283203125,1010.0,1023.0,1001.0,1004.0,1550800
2013-07-19,777.2186889648438,1014.0,1024.0,987.0,1022.0,304700
2013-07-22,786.4166259765625,1026.0,1029.0,1006.0,1024.0,302700
2013-07-23,797.913818359375,1041.0,1055.0,1024.0,1029.0,395000
2013-07-24,784.116943359375,1023.0,1035.0,1013.0,1035.0,223900
2013-07-25,771.086669921875,1006.0,1032.0,1003.0,1029.0,165700
2013-07-26,769.5537109375,1004.0,1022.0,990.0,1010.0,305900
2013-07-29,722.0315551757812,942.0,978.0,923.0,978.0,375400
2013-07-30,769.5537109375,1004.0,1005.0,940.0,943.0,381200
2013-07-31,776.4522094726562,1013.0,1020.0,983.0,994.0,337100
2013-08-01,777.985107421875,1015.0,1016.0,999.0,1012.0,152400
2013-08-02,769.5537109375,1004.0,1014.0,993.0,1014.0,260300
2013-08-05,764.9548950195312,998.0,1008.0,995.0,998.0,213200
2013-08-06,764.9548950195312,998.0,1001.0,988.0,998.0,158000
2013-08-07,745.792724609375,973.0,988.0,973.0,986.0,128700
2013-08-08,738.8942260742188,964.0,986.0,960.0,966.0,128500
2013-08-09,748.0918579101562,976.0,981.0,965.0,974.0,132400
2013-08-12,738.8942260742188,964.0,977.0,953.0,963.0,163300
2013-08-13,754.990478515625,985.0,989.0,969.0,977.0,145700
2013-08-14,756.5234375,987.0,991.0,969.0,986.0,131600
2013-08-15,755.7568359375,986.0,1005.0,976.0,985.0,248400
2013-08-16,732.7623291015625,956.0,978.0,956.0,971.0,206600
2013-08-19,738.1278076171875,963.0,964.0,944.0,952.0,218900
2013-08-20,720.4985961914062,940.0,958.0,940.0,951.0,188800
2013-08-21,728.1633911132812,950.0,957.0,936.0,945.0,120300
2013-08-22,725.8639526367188,947.0,952.0,934.0,942.0,144500
2013-08-23,731.995849609375,955.0,964.0,946.0,951.0,169700
2013-08-26,747.325439453125,975.0,980.0,957.0,967.0,248400
2013-08-27,725.097412109375,946.0,966.0,942.0,963.0,212400
2013-08-28,712.8335571289062,930.0,938.0,922.0,922.0,121100
2013-08-29,712.8335571289062,930.0,944.0,926.0,929.0,65500
2013-08-30,708.2347412109375,924.0,939.0,924.0,932.0,151200
2013-09-02,705.1688232421875,920.0,929.0,919.0,925.0,64800
2013-09-03,717.4325561523438,936.0,939.0,930.0,930.0,106400
2013-09-04,723.564453125,944.0,952.0,927.0,936.0,205600
2013-09-05,714.3665771484375,932.0,942.0,922.0,942.0,211600
2013-09-06,708.2347412109375,924.0,937.0,921.0,933.0,154700
2013-09-09,719.7319946289062,939.0,945.0,929.0,945.0,183700
2013-09-10,733.52880859375,957.0,959.0,940.0,940.0,258400
2013-09-11,741.9600219726562,968.0,979.0,963.0,969.0,234900
2013-09-12,731.995849609375,955.0,975.0,948.0,963.0,215100
2013-09-13,728.1633911132812,950.0,956.0,940.0,946.0,407000
2013-09-17,759.5892333984375,991.0,1008.0,968.0,968.0,533900
2013-09-18,754.2239990234375,984.0,1014.0,980.0,1005.0,322600
2013-09-19,754.2239990234375,984.0,987.0,968.0,982.0,286300
2013-09-20,755.7568359375,986.0,989.0,973.0,989.0,248300
2013-09-24,763.4218139648438,996.0,997.0,980.0,980.0,159600
2013-09-25,762.6553344726562,995.0,1010.0,986.0,1000.0,211400
2013-09-26,772.720947265625,998.0,998.0,970.0,980.0,187000
2013-09-27,770.3980102539062,995.0,1010.0,990.0,999.0,232700
2013-09-30,753.3641357421875,973.0,989.0,973.0,976.0,105000
2013-10-01,753.3641357421875,973.0,990.0,968.0,974.0,116400
2013-10-02,741.7501220703125,958.0,980.0,957.0,972.0,126800
2013-10-03,734.7816772460938,949.0,969.0,949.0,957.0,140100
2013-10-04,732.4589233398438,946.0,962.0,941.0,943.0,358800
2013-10-07,716.1991577148438,925.0,954.0,923.0,944.0,166700
2013-10-08,730.1359252929688,943.0,954.0,927.0,927.0,246700
2013-10-09,757.2355346679688,978.0,978.0,942.0,942.0,236200
2013-10-10,752.5899047851562,972.0,981.0,963.0,980.0,114500
2013-10-11,770.3980102539062,995.0,995.0,980.0,984.0,265100
2013-10-15,753.3641357421875,973.0,996.0,971.0,996.0,165300
2013-10-16,761.106689453125,983.0,986.0,967.0,978.0,278200
2013-10-17,764.9782104492188,988.0,1005.0,979.0,991.0,317000
2013-10-18,752.5899047851562,972.0,992.0,971.0,981.0,186600
2013-10-21,761.8810424804688,984.0,985.0,976.0,981.0,100400
2013-10-22,758.0097045898438,979.0,992.0,976.0,981.0,191600
2013-10-23,746.3956298828125,964.0,987.0,964.0,980.0,169100
2013-10-24,758.0097045898438,979.0,980.0,961.0,961.0,139600
2013-10-25,734.7816772460938,949.0,980.0,948.0,980.0,283100
2013-10-28,753.3641357421875,973.0,973.0,953.0,960.0,202700
2013-10-29,754.138427734375,974.0,982.0,968.0,973.0,388600
2013-10-30,746.3956298828125,964.0,981.0,962.0,977.0,327200
2013-10-31,736.3301391601562,951.0,979.0,951.0,968.0,169300
2013-11-01,730.9102172851562,944.0,970.0,935.0,966.0,268200
2013-11-05,687.5511474609375,888.0,927.0,884.0,919.0,550700
2013-11-06,672.0658569335938,868.0,885.0,857.0,884.0,537700
2013-11-07,670.5174560546875,866.0,875.0,857.0,868.0,313400
2013-11-08,678.2598876953125,876.0,881.0,855.0,860.0,410400
2013-11-11,677.4857788085938,875.0,885.0,866.0,883.0,169400
2013-11-12,690.6482543945312,892.0,892.0,876.0,880.0,264100
2013-11-13,689.0995483398438,890.0,893.0,881.0,884.0,130700
2013-11-14,700.7137451171875,905.0,911.0,893.0,893.0,261000
2013-11-15,709.2307739257812,916.0,926.0,912.0,919.0,223500
2013-11-18,700.7137451171875,905.0,915.0,900.0,913.0,256500
2013-11-19,693.7452392578125,896.0,907.0,894.0,897.0,169300
2013-11-20,691.4225463867188,893.0,898.0,886.0,897.0,162800
2013-11-21,688.3255004882812,889.0,899.0,885.0,893.0,213300
2013-11-22,688.3255004882812,889.0,897.0,885.0,893.0,311800
2013-11-25,696.068115234375,899.0,901.0,892.0,894.0,211400
2013-11-26,707.6821899414062,914.0,923.0,905.0,905.0,442600
2013-11-27,689.0995483398438,890.0,905.0,890.0,903.0,266900
2013-11-28,725.4903564453125,937.0,942.0,890.0,890.0,898100
2013-11-29,727.0390014648438,939.0,945.0,926.0,930.0,616000
2013-12-02,760.33251953125,982.0,985.0,934.0,939.0,941300
2013-12-03,772.720947265625,998.0,1005.0,986.0,992.0,707400
2013-12-04,774.2693481445312,1000.0,1006.0,981.0,988.0,659900
2013-12-05,773.4949951171875,999.0,1015.0,994.0,1000.0,579600
2013-12-06,780.4634399414062,1008.0,1008.0,997.0,1007.0,253200
2013-12-09,800.5945434570312,1034.0,1038.0,1013.0,1020.0,433900
2013-12-10,799.0459594726562,1032.0,1036.0,1016.0,1031.0,284100
2013-12-11,812.9829711914062,1050.0,1055.0,1031.0,1035.0,508600
2013-12-12,795.948974609375,1028.0,1036.0,1021.0,1031.0,299200
2013-12-13,801.3688354492188,1035.0,1059.0,1020.0,1050.0,450200
2013-12-16,791.30322265625,1022.0,1036.0,1015.0,1035.0,268900
2013-12-17,796.72314453125,1029.0,1032.0,1010.0,1031.0,186100
2013-12-18,802.9173583984375,1037.0,1038.0,1019.0,1021.0,269400
2013-12-19,807.5630493164062,1043.0,1048.0,1032.0,1043.0,254100
2013-12-20,806.014404296875,1041.0,1042.0,1031.0,1042.0,200400
2013-12-24,789.7548217773438,1020.0,1039.0,1015.0,1031.0,396400
2013-12-25,793.6261596679688,1025.0,1036.0,1014.0,1016.0,285100
2013-12-26,808.3373413085938,1044.0,1047.0,1021.0,1031.0,176600
2013-12-27,826.1455078125,1067.0,1068.0,1044.0,1050.0,253400
2013-12-30,836.9852905273438,1081.0,1084.0,1061.0,1080.0,238100
2014-01-06,833.1137084960938,1076.0,1085.0,1069.0,1079.0,146700
2014-01-07,831.565185546875,1074.0,1081.0,1070.0,1074.0,133000
2014-01-08,874.9244995117188,1130.0,1132.0,1071.0,1092.0,426800
2014-01-09,876.4728393554688,1132.0,1140.0,1105.0,1129.0,316700
2014-01-10,873.3759155273438,1128.0,1130.0,1098.0,1120.0,322600
2014-01-14,858.6646728515625,1109.0,1120.0,1099.0,1105.0,324600
2014-01-15,867.9559326171875,1121.0,1129.0,1111.0,1126.0,259700
2014-01-16,864.0846557617188,1116.0,1134.0,1112.0,1125.0,386400
2014-01-17,867.9559326171875,1121.0,1127.0,1109.0,1111.0,268900
2014-01-20,891.1839599609375,1151.0,1156.0,1128.0,1130.0,387300
2014-01-21,892.7326049804688,1153.0,1160.0,1142.0,1156.0,181200
2014-01-22,898.9266967773438,1161.0,1165.0,1146.0,1153.0,164400
2014-01-23,886.5386352539062,1145.0,1158.0,1143.0,1158.0,153900
2014-01-24,871.052978515625,1125.0,1139.0,1115.0,1135.0,295500
2014-01-27,843.1792602539062,1089.0,1095.0,1082.0,1090.0,206100
2014-01-28,854.7932739257812,1104.0,1122.0,1091.0,1094.0,218000
2014-01-29,878.795654296875,1135.0,1136.0,1115.0,1117.0,115900
2014-01-30,848.5992431640625,1096.0,1115.0,1088.0,1110.0,227500
2014-01-31,852.4706420898438,1101.0,1109.0,1075.0,1084.0,274000
2014-02-03,841.6307983398438,1087.0,1103.0,1080.0,1095.0,153500
2014-02-04,799.8203735351562,1033.0,1052.0,1022.0,1032.0,366000
2014-02-05,802.9173583984375,1037.0,1064.0,1017.0,1034.0,187400
2014-02-06,803.6915893554688,1038.0,1052.0,1018.0,1028.0,183800
2014-02-07,833.8880615234375,1077.0,1081.0,1057.0,1065.0,161300
2014-02-10,861.7619018554688,1113.0,1118.0,1059.0,1070.0,351500
2014-02-12,891.9581909179688,1152.0,1153.0,1116.0,1120.0,240800
2014-02-13,888.8613891601562,1148.0,1153.0,1135.0,1152.0,223000
2014-02-14,887.3126220703125,1146.0,1172.0,1130.0,1152.0,333000
2014-02-17,878.795654296875,1135.0,1145.0,1121.0,1142.0,345500
2014-02-18,904.3465576171876,1168.0,1176.0,1144.0,1144.0,357900
2014-02-19,914.4122314453124,1181.0,1191.0,1162.0,1171.0,320200
2014-02-20,898.9266967773438,1161.0,1190.0,1153.0,1181.0,239200
2014-02-21,916.73486328125,1184.0,1187.0,1166.0,1176.0,121700
2014-02-24,932.9945068359376,1205.0,1215.0,1161.0,1189.0,284200
2014-02-25,967.062255859375,1249.0,1259.0,1217.0,1220.0,720500
2014-02-26,960.0941162109376,1240.0,1269.0,1232.0,1250.0,512200
2014-02-27,987.9675903320312,1276.0,1296.0,1252.0,1255.0,586500
2014-02-28,970.15966796875,1253.0,1277.0,1234.0,1273.0,424200
2014-03-03,953.8998413085938,1232.0,1236.0,1213.0,1225.0,330600
2014-03-04,965.5137939453124,1247.0,1249.0,1218.0,1221.0,150100
2014-03-05,1009.6472778320312,1304.0,1332.0,1276.0,1280.0,1045100
2014-03-06,1008.0986328125,1302.0,1340.0,1291.0,1313.0,613500
2014-03-07,1018.9386596679688,1316.0,1329.0,1305.0,1321.0,295200
2014-03-10,1030.5528564453125,1331.0,1350.0,1317.0,1320.0,404700
2014-03-11,1040.618408203125,1344.0,1349.0,1327.0,1327.0,200200
2014-03-12,1014.2926635742188,1310.0,1328.0,1302.0,1320.0,245900
2014-03-13,1012.7442626953124,1308.0,1324.0,1303.0,1310.0,150000
2014-03-14,981.7737426757812,1268.0,1289.0,1257.0,1269.0,340800
2014-03-17,963.9651489257812,1245.0,1294.0,1235.0,1275.0,502000
2014-03-18,961.6427001953124,1242.0,1260.0,1220.0,1257.0,449200
2014-03-19,986.4190673828124,1274.0,1283.0,1232.0,1260.0,280200
2014-03-20,975.5790405273438,1260.0,1310.0,1259.0,1294.0,355000
2014-03-24,1032.87548828125,1334.0,1374.0,1280.0,1290.0,1004200
2014-03-25,1036.74658203125,1339.0,1363.0,1329.0,1333.0,558100
2014-03-26,1032.1011962890625,1333.0,1341.0,1292.0,1330.0,371600
2014-03-27,1014.9127807617188,1299.0,1313.0,1275.0,1310.0,445500
2014-03-28,1007.0991821289062,1289.0,1304.0,1265.0,1273.0,496600
2014-03-31,1025.8505859375,1313.0,1356.0,1289.0,1317.0,621500
2014-04-01,1037.5704345703125,1328.0,1336.0,1307.0,1325.0,422300
2014-04-02,1032.10107421875,1321.0,1329.0,1286.0,1323.0,509100
2014-04-03,1060.2279052734375,1357.0,1384.0,1333.0,1350.0,911700
2014-04-04,1086.7921142578125,1391.0,1397.0,1357.0,1357.0,1075300
2014-04-07,1088.354736328125,1393.0,1423.0,1379.0,1389.0,615900
2014-04-08,1063.3529052734375,1361.0,1398.0,1354.0,1380.0,636400
2014-04-09,1037.5704345703125,1328.0,1341.0,1307.0,1338.0,391200
2014-04-10,1020.381591796875,1306.0,1339.0,1303.0,1328.0,304900
2014-04-11,996.9423828125,1276.0,1289.0,1269.0,1270.0,237200
2014-04-14,968.8155517578124,1240.0,1271.0,1239.0,1270.0,312000
2014-04-15,974.2846069335938,1247.0,1260.0,1240.0,1240.0,147400
2014-04-16,1063.3529052734375,1361.0,1380.0,1294.0,1294.0,1046400
2014-04-17,1043.039306640625,1335.0,1407.0,1325.0,1363.0,1430600
2014-04-18,1051.6339111328125,1346.0,1354.0,1326.0,1349.0,319700
2014-04-21,1056.3216552734375,1352.0,1377.0,1343.0,1347.0,254400
2014-04-22,1047.727294921875,1341.0,1382.0,1339.0,1363.0,270500
2014-04-23,1044.601806640625,1337.0,1341.0,1324.0,1334.0,165100
2014-04-24,1031.3199462890625,1320.0,1346.0,1311.0,1328.0,390000
2014-04-25,1103.199951171875,1412.0,1428.0,1373.0,1380.0,1163200
2014-04-28,1079.760498046875,1382.0,1420.0,1376.0,1407.0,450900
2014-04-30,1079.760498046875,1382.0,1413.0,1366.0,1385.0,467500
2014-05-01,1085.229736328125,1389.0,1392.0,1366.0,1382.0,336900
2014-05-02,1091.480224609375,1397.0,1456.0,1366.0,1430.0,677100
2014-05-07,1064.134521484375,1362.0,1375.0,1349.0,1366.0,365500
2014-05-08,1052.4150390625,1347.0,1362.0,1342.0,1362.0,300400
2014-05-09,1061.7906494140625,1359.0,1366.0,1337.0,1347.0,329100
2014-05-12,1036.7889404296875,1327.0,1348.0,1312.0,1342.0,374900
2014-05-13,1043.8209228515625,1336.0,1386.0,1326.0,1350.0,598900
2014-05-14,1059.44677734375,1356.0,1383.0,1299.0,1327.0,621200
2014-05-15,1238.3651123046875,1585.0,1613.0,1512.0,1546.0,3224100
2014-05-16,1223.5203857421875,1566.0,1578.0,1535.0,1564.0,1286800
2014-05-19,1250.8658447265625,1601.0,1644.0,1568.0,1569.0,1802100
2014-05-20,1251.6473388671875,1602.0,1629.0,1572.0,1585.0,828100
2014-05-21,1237.583740234375,1584.0,1614.0,1572.0,1596.0,972000
2014-05-22,1232.1146240234375,1577.0,1594.0,1555.0,1570.0,815500
2014-05-23,1226.6456298828125,1570.0,1580.0,1533.0,1552.0,901200
2014-05-26,1211.800537109375,1551.0,1569.0,1541.0,1566.0,575900
2014-05-27,1215.7071533203125,1556.0,1580.0,1549.0,1569.0,513500
2014-05-28,1268.0545654296875,1623.0,1636.0,1543.0,1558.0,880800
2014-05-29,1308.682373046875,1675.0,1729.0,1635.0,1635.0,1299200
2014-05-30,1284.4617919921875,1644.0,1685.0,1640.0,1680.0,612800
2014-06-02,1322.7457275390625,1693.0,1717.0,1647.0,1647.0,740300
2014-06-03,1359.467041015625,1740.0,1749.0,1715.0,1718.0,907400
2014-06-04,1336.0279541015625,1710.0,1739.0,1691.0,1739.0,482100
2014-06-05,1341.4971923828125,1717.0,1734.0,1701.0,1734.0,430400
2014-06-06,1334.4652099609375,1708.0,1730.0,1697.0,1730.0,241700
2014-06-09,1304.77587890625,1670.0,1710.0,1656.0,1702.0,647400
2014-06-10,1305.5570068359375,1671.0,1708.0,1647.0,1708.0,620800
2014-06-11,1303.99462890625,1669.0,1688.0,1647.0,1666.0,496100
2014-06-12,1302.4320068359375,1667.0,1667.0,1637.0,1650.0,271200
2014-06-13,1315.7138671875,1684.0,1687.0,1651.0,1655.0,309900
2014-06-16,1289.9310302734375,1651.0,1666.0,1640.0,1662.0,345400
2014-06-17,1286.0244140625,1646.0,1666.0,1638.0,1638.0,270100
2014-06-18,1304.77587890625,1670.0,1681.0,1633.0,1647.0,386300
2014-06-19,1309.463623046875,1676.0,1680.0,1643.0,1674.0,320400
2014-06-20,1289.9310302734375,1651.0,1662.0,1634.0,1651.0,491700
2014-06-23,1257.1162109375,1609.0,1656.0,1607.0,1656.0,507200
2014-06-24,1271.18017578125,1627.0,1628.0,1588.0,1605.0,528700
2014-06-25,1267.2734375,1622.0,1625.0,1600.0,1608.0,363300
2014-06-26,1261.803955078125,1615.0,1631.0,1607.0,1621.0,272800
2014-06-27,1225.0828857421875,1568.0,1644.0,1561.0,1641.0,391200
2014-06-30,1255.5538330078125,1607.0,1611.0,1544.0,1562.0,549400
2014-07-01,1286.8056640625,1647.0,1658.0,1624.0,1625.0,342300
2014-07-02,1271.9610595703125,1628.0,1666.0,1625.0,1658.0,203400
2014-07-03,1268.0545654296875,1623.0,1640.0,1614.0,1629.0,164300
2014-07-04,1226.6456298828125,1570.0,1632.0,1562.0,1624.0,749900
2014-07-07,1228.208251953125,1572.0,1589.0,1536.0,1575.0,947000
2014-07-08,1252.4285888671875,1603.0,1613.0,1556.0,1582.0,561000
2014-07-09,1261.0228271484375,1614.0,1621.0,1577.0,1582.0,546300
2014-07-10,1287.5870361328125,1648.0,1695.0,1627.0,1631.0,1348600
2014-07-11,1286.0244140625,1646.0,1658.0,1623.0,1650.0,376000
2014-07-14,1272.7425537109375,1629.0,1630.0,1603.0,1628.0,265400
2014-07-15,1273.523681640625,1630.0,1633.0,1608.0,1627.0,379400
2014-07-16,1285.2432861328125,1645.0,1653.0,1614.0,1614.0,260000
2014-07-17,1261.803955078125,1615.0,1660.0,1606.0,1657.0,371000
2014-07-18,1235.2398681640625,1581.0,1605.0,1572.0,1604.0,349500
2014-07-22,1228.208251953125,1572.0,1585.0,1569.0,1575.0,296700
2014-07-23,1214.926025390625,1555.0,1609.0,1553.0,1573.0,452300
2014-07-24,1233.6771240234375,1579.0,1586.0,1561.0,1574.0,279600
2014-07-25,1233.6771240234375,1579.0,1598.0,1576.0,1598.0,243000
2014-07-28,1224.3017578125,1567.0,1591.0,1561.0,1580.0,198000
2014-07-29,1209.4569091796875,1548.0,1574.0,1543.0,1565.0,361800
2014-07-30,1187.58056640625,1520.0,1554.0,1503.0,1543.0,691900
2014-07-31,1182.1112060546875,1513.0,1534.0,1508.0,1530.0,379000
2014-08-01,1175.07958984375,1504.0,1513.0,1483.0,1501.0,479100
2014-08-04,1241.4903564453125,1589.0,1614.0,1547.0,1554.0,1180800
2014-08-05,1178.9859619140625,1509.0,1580.0,1503.0,1577.0,858400
2014-08-06,1153.984130859375,1477.0,1504.0,1468.0,1502.0,376100
2014-08-07,1160.2349853515625,1485.0,1491.0,1462.0,1475.0,264500
2014-08-08,1124.294921875,1439.0,1488.0,1431.0,1480.0,282100
2014-08-11,1177.4234619140625,1507.0,1524.0,1454.0,1462.0,612600
2014-08-12,1157.890869140625,1482.0,1502.0,1473.0,1492.0,261800
2014-08-13,1155.546875,1479.0,1486.0,1467.0,1472.0,222400
2014-08-14,1179.767333984375,1510.0,1511.0,1479.0,1479.0,262500
2014-08-15,1207.113037109375,1545.0,1563.0,1526.0,1529.0,475200
2014-08-18,1195.3935546875,1530.0,1552.0,1524.0,1537.0,257800
2014-08-19,1189.9241943359375,1523.0,1554.0,1516.0,1552.0,328100
2014-08-20,1205.55029296875,1543.0,1558.0,1530.0,1542.0,319600
2014-08-21,1198.518798828125,1534.0,1546.0,1523.0,1543.0,240600
2014-08-22,1178.9859619140625,1509.0,1546.0,1502.0,1539.0,212500
2014-08-25,1188.3616943359375,1521.0,1523.0,1493.0,1500.0,191300
2014-08-26,1172.7353515625,1501.0,1523.0,1495.0,1519.0,176600
2014-08-27,1157.890869140625,1482.0,1497.0,1474.0,1480.0,373500
2014-08-28,1153.203369140625,1476.0,1480.0,1466.0,1478.0,206700
2014-08-29,1140.7022705078125,1460.0,1472.0,1456.0,1461.0,187300
2014-09-01,1143.827392578125,1464.0,1475.0,1456.0,1463.0,206500
2014-09-02,1157.890869140625,1482.0,1491.0,1462.0,1468.0,274800
2014-09-03,1176.6419677734375,1506.0,1511.0,1478.0,1489.0,365100
2014-09-04,1189.9241943359375,1523.0,1531.0,1508.0,1518.0,412300
2014-09-05,1173.5167236328125,1502.0,1529.0,1496.0,1529.0,293300
2014-09-08,1182.1112060546875,1513.0,1519.0,1482.0,1510.0,254400
2014-09-09,1182.1112060546875,1513.0,1527.0,1507.0,1520.0,166400
2014-09-10,1179.767333984375,1510.0,1515.0,1414.0,1481.0,605400
2014-09-11,1158.672119140625,1483.0,1523.0,1472.0,1520.0,293700
2014-09-12,1136.01416015625,1454.0,1476.0,1447.0,1460.0,586200
2014-09-16,1148.5150146484375,1470.0,1473.0,1450.0,1450.0,341200
2014-09-17,1153.203369140625,1476.0,1497.0,1468.0,1469.0,328900
2014-09-18,1134.45166015625,1452.0,1476.0,1450.0,1475.0,364500
2014-09-19,1140.7022705078125,1460.0,1460.0,1438.0,1452.0,367400
2014-09-22,1136.01416015625,1454.0,1465.0,1443.0,1465.0,206500
2014-09-24,1139.1397705078125,1458.0,1470.0,1450.0,1450.0,324500
2014-09-25,1146.1715087890625,1467.0,1472.0,1451.0,1464.0,464800
2014-09-26,1177.68115234375,1495.0,1525.0,1443.0,1445.0,1149800
2014-09-29,1205.2523193359375,1530.0,1565.0,1521.0,1545.0,901900
2014-09-30,1250.94140625,1588.0,1594.0,1535.0,1540.0,981000
2014-10-01,1245.4271240234375,1581.0,1604.0,1572.0,1587.0,612300
2014-10-02,1182.4075927734375,1501.0,1548.0,1498.0,1546.0,497100
2014-10-03,1198.950439453125,1522.0,1529.0,1490.0,1494.0,274300
2014-10-06,1210.7666015625,1537.0,1553.0,1530.0,1550.0,434300
2014-10-07,1153.2608642578125,1464.0,1501.0,1451.0,1490.0,1075300
2014-10-08,1128.8408203125,1433.0,1474.0,1430.0,1450.0,727000
2014-10-09,1105.2083740234375,1403.0,1454.0,1403.0,1435.0,389200
2014-10-10,1076.849609375,1367.0,1388.0,1360.0,1384.0,499300
2014-10-14,1041.4010009765625,1322.0,1339.0,1317.0,1324.0,425900
2014-10-15,1039.825439453125,1320.0,1337.0,1309.0,1322.0,316100
2014-10-16,1017.7687377929688,1292.0,1306.0,1289.0,1300.0,370900
2014-10-17,1011.4667358398438,1284.0,1316.0,1282.0,1293.0,259800
2014-10-20,1052.4296875,1336.0,1355.0,1322.0,1339.0,279000
2014-10-21,1022.4953002929688,1298.0,1335.0,1297.0,1335.0,346000
2014-10-22,1009.1035766601562,1281.0,1321.0,1268.0,1317.0,1004400
2014-10-23,1016.98095703125,1291.0,1305.0,1270.0,1278.0,612400
2014-10-24,1016.98095703125,1291.0,1316.0,1284.0,1315.0,374300
2014-10-27,1012.2544555664062,1285.0,1307.0,1266.0,1295.0,402800
2014-10-28,998.0750122070312,1267.0,1282.0,1256.0,1271.0,404300
2014-10-29,1025.64599609375,1302.0,1320.0,1275.0,1280.0,499500
2014-10-30,1016.98095703125,1291.0,1335.0,1286.0,1315.0,661800
2014-10-31,1048.49072265625,1331.0,1353.0,1303.0,1315.0,473000
2014-11-04,1025.64599609375,1302.0,1335.0,1257.0,1331.0,1819000
2014-11-05,1008.3157958984376,1280.0,1307.0,1275.0,1290.0,600500
2014-11-06,1011.4667358398438,1284.0,1303.0,1275.0,1285.0,421700
2014-11-07,1011.4667358398438,1284.0,1289.0,1277.0,1286.0,315400
2014-11-10,987.0464477539062,1253.0,1271.0,1252.0,1261.0,737600
2014-11-11,998.0750122070312,1267.0,1268.0,1252.0,1253.0,436300
2014-11-12,994.1364135742188,1262.0,1287.0,1260.0,1280.0,472500
2014-11-13,1020.1317138671876,1295.0,1310.0,1265.0,1271.0,707100
2014-11-14,1028.797119140625,1306.0,1315.0,1295.0,1310.0,506000
2014-11-17,968.1405639648438,1229.0,1301.0,1222.0,1300.0,1556300
2014-11-18,977.5935668945312,1241.0,1241.0,1211.0,1231.0,796300
2014-11-19,976.8057861328124,1240.0,1256.0,1232.0,1254.0,703700
2014-11-20,985.4710083007812,1251.0,1257.0,1238.0,1253.0,413100
2014-11-21,1009.1035766601562,1281.0,1285.0,1241.0,1258.0,708100
2014-11-25,1020.1317138671876,1295.0,1299.0,1280.0,1299.0,448200
2014-11-26,1006.7402954101562,1278.0,1291.0,1271.0,1290.0,656700
2014-11-27,992.5607299804688,1260.0,1275.0,1259.0,1272.0,375700
2014-11-28,997.2871704101562,1266.0,1272.0,1258.0,1260.0,342200
2014-12-01,1009.8911743164062,1282.0,1283.0,1253.0,1266.0,659200
2014-12-02,1011.4667358398438,1284.0,1292.0,1256.0,1270.0,781900
2014-12-03,1024.0706787109375,1300.0,1304.0,1286.0,1295.0,640700
2014-12-04,1014.6173706054688,1288.0,1317.0,1285.0,1309.0,421800
2014-12-05,1022.4953002929688,1298.0,1300.0,1276.0,1289.0,388600
2014-12-08,1031.160400390625,1309.0,1313.0,1294.0,1309.0,301200
2014-12-09,1017.7687377929688,1292.0,1308.0,1290.0,1301.0,458200
2014-12-10,1013.0421752929688,1286.0,1300.0,1271.0,1280.0,886100
2014-12-11,995.711669921875,1264.0,1288.0,1257.0,1271.0,937300
2014-12-12,984.6832885742188,1250.0,1276.0,1250.0,1258.0,741200
2014-12-15,954.7489013671876,1212.0,1237.0,1212.0,1235.0,510600
2014-12-16,926.3900756835938,1176.0,1198.0,1175.0,1194.0,439100
2014-12-17,944.5081176757812,1199.0,1211.0,1177.0,1177.0,407500
2014-12-18,963.4141845703124,1223.0,1234.0,1215.0,1222.0,278400
2014-12-19,984.6832885742188,1250.0,1257.0,1235.0,1257.0,442000
2014-12-22,994.1364135742188,1262.0,1266.0,1243.0,1250.0,311600
2014-12-24,1037.462158203125,1317.0,1318.0,1271.0,1282.0,851000
2014-12-25,1020.1317138671876,1295.0,1315.0,1284.0,1315.0,404500
2014-12-26,1028.00927734375,1305.0,1314.0,1300.0,1301.0,299900
2014-12-29,1011.4667358398438,1284.0,1300.0,1267.0,1300.0,340200
2014-12-30,1000.438232421875,1270.0,1298.0,1270.0,1280.0,316600
2015-01-05,993.3486938476562,1261.0,1270.0,1254.0,1258.0,267700
2015-01-06,966.56494140625,1227.0,1250.0,1226.0,1250.0,334100
2015-01-07,957.8997802734376,1216.0,1244.0,1215.0,1226.0,392800
2015-01-08,968.1405639648438,1229.0,1241.0,1216.0,1218.0,324800
2015-01-09,957.1119995117188,1215.0,1250.0,1212.0,1240.0,246900
2015-01-13,941.357177734375,1195.0,1209.0,1181.0,1205.0,387200
2015-01-14,923.239013671875,1172.0,1190.0,1168.0,1185.0,271800
2015-01-15,926.3900756835938,1176.0,1182.0,1166.0,1171.0,190700
2015-01-16,928.7532348632812,1179.0,1182.0,1167.0,1170.0,309200
2015-01-19,935.0552368164062,1187.0,1202.0,1177.0,1199.0,130000
2015-01-20,960.2632446289062,1219.0,1219.0,1184.0,1192.0,221700
2015-01-21,927.965576171875,1178.0,1213.0,1177.0,1213.0,339200
2015-01-22,924.8143310546876,1174.0,1177.0,1164.0,1172.0,516500
2015-01-23,927.177734375,1177.0,1184.0,1171.0,1184.0,336200
2015-01-26,942.9326171875,1197.0,1201.0,1175.0,1180.0,234400
2015-01-27,953.1734619140624,1210.0,1221.0,1203.0,1216.0,344900
2015-01-28,951.59765625,1208.0,1213.0,1181.0,1183.0,262800
2015-01-29,938.9939575195312,1192.0,1209.0,1186.0,1186.0,217700
2015-01-30,952.3853759765624,1209.0,1219.0,1196.0,1200.0,265300
2015-02-02,948.4469604492188,1204.0,1222.0,1197.0,1222.0,214900
2015-02-03,959.4754638671876,1218.0,1242.0,1212.0,1213.0,463600
2015-02-04,984.6832885742188,1250.0,1256.0,1233.0,1233.0,358400
2015-02-05,964.98974609375,1225.0,1255.0,1224.0,1251.0,259400
2015-02-06,975.2304077148438,1238.0,1250.0,1232.0,1250.0,160600
2015-02-09,1023.2830200195312,1299.0,1299.0,1245.0,1245.0,821200
2015-02-10,1007.5281372070312,1279.0,1295.0,1270.0,1282.0,399200
2015-02-12,1004.3767700195312,1275.0,1301.0,1273.0,1299.0,551800
2015-02-13,996.4994506835938,1265.0,1282.0,1253.0,1280.0,280300
2015-02-16,997.2871704101562,1266.0,1289.0,1266.0,1279.0,292100
2015-02-17,999.6503295898438,1269.0,1281.0,1261.0,1269.0,328600
2015-02-18,1003.58935546875,1274.0,1288.0,1271.0,1285.0,283800
2015-02-19,1003.58935546875,1274.0,1284.0,1263.0,1279.0,227500
2015-02-20,997.2871704101562,1266.0,1285.0,1260.0,1284.0,451000
2015-02-23,1011.4667358398438,1284.0,1291.0,1266.0,1284.0,399700
2015-02-24,1050.8541259765625,1334.0,1355.0,1290.0,1294.0,862100
2015-02-25,1041.4010009765625,1322.0,1337.0,1310.0,1334.0,384700
2015-02-26,1048.49072265625,1331.0,1355.0,1320.0,1328.0,548100
2015-02-27,1047.7030029296875,1330.0,1340.0,1322.0,1331.0,228700
2015-03-02,1054.7926025390625,1339.0,1348.0,1331.0,1348.0,172400
2015-03-03,1052.4296875,1336.0,1347.0,1331.0,1347.0,236400
2015-03-04,1046.91552734375,1329.0,1337.0,1320.0,1328.0,174000
2015-03-05,1036.6746826171875,1316.0,1329.0,1312.0,1320.0,224400
2015-03-06,1046.91552734375,1329.0,1336.0,1310.0,1310.0,210500
2015-03-09,1052.4296875,1336.0,1341.0,1312.0,1318.0,232200
2015-03-10,1070.5474853515625,1359.0,1391.0,1338.0,1344.0,643400
2015-03-11,1094.179931640625,1389.0,1395.0,1347.0,1350.0,414500
2015-03-12,1087.8780517578125,1381.0,1394.0,1376.0,1392.0,388900
2015-03-13,1105.2083740234375,1403.0,1414.0,1386.0,1395.0,658900
2015-03-16,1120.17578125,1422.0,1427.0,1403.0,1411.0,417300
2015-03-17,1115.4490966796875,1416.0,1434.0,1401.0,1428.0,330200
2015-03-18,1110.7225341796875,1410.0,1421.0,1392.0,1416.0,311900
2015-03-19,1112.2984619140625,1412.0,1424.0,1397.0,1408.0,384800
2015-03-20,1133.5672607421875,1439.0,1449.0,1413.0,1413.0,448600
2015-03-23,1124.9022216796875,1428.0,1458.0,1425.0,1450.0,347400
2015-03-24,1113.0858154296875,1413.0,1429.0,1404.0,1424.0,453400
2015-03-25,1113.8736572265625,1414.0,1423.0,1400.0,1410.0,200500
2015-03-26,1096.5433349609375,1392.0,1410.0,1386.0,1400.0,608700
2015-03-27,1091.7548828125,1368.0,1405.0,1360.0,1376.0,527800
2015-03-30,1081.3798828125,1355.0,1373.0,1329.0,1367.0,533100
2015-03-31,1097.34130859375,1375.0,1406.0,1372.0,1374.0,464700
2015-04-01,1080.5823974609375,1354.0,1383.0,1347.0,1364.0,501900
2015-04-02,1093.3511962890625,1370.0,1385.0,1342.0,1352.0,398800
2015-04-03,1109.3125,1390.0,1400.0,1360.0,1376.0,354900
2015-04-06,1121.2835693359375,1405.0,1418.0,1373.0,1388.0,405800
2015-04-07,1126.0716552734375,1411.0,1439.0,1404.0,1410.0,502000
2015-04-08,1136.4466552734375,1424.0,1441.0,1419.0,1427.0,435600
2015-04-09,1139.6387939453125,1428.0,1453.0,1424.0,1434.0,453000
2015-04-10,1157.1964111328125,1450.0,1453.0,1428.0,1435.0,641400
2015-04-13,1151.60986328125,1443.0,1454.0,1437.0,1451.0,337400
2015-04-14,1159.59033203125,1453.0,1467.0,1425.0,1442.0,386100
2015-04-15,1173.1575927734375,1470.0,1481.0,1441.0,1458.0,635000
2015-04-16,1169.167236328125,1465.0,1474.0,1418.0,1456.0,572200
2015-04-17,1134.8507080078125,1422.0,1460.0,1419.0,1450.0,739100
2015-04-20,1138.042724609375,1426.0,1435.0,1406.0,1411.0,336700
2015-04-21,1138.042724609375,1426.0,1446.0,1422.0,1427.0,189200
2015-04-22,1147.6195068359375,1438.0,1445.0,1421.0,1427.0,454600
2015-04-23,1156.3983154296875,1449.0,1467.0,1432.0,1432.0,505700
2015-04-24,1160.3887939453125,1454.0,1459.0,1438.0,1438.0,316900
2015-04-27,1170.763427734375,1467.0,1467.0,1435.0,1457.0,300700
2015-04-28,1173.1575927734375,1470.0,1485.0,1457.0,1470.0,478600
2015-04-30,1178.7440185546875,1477.0,1484.0,1443.0,1451.0,548800
2015-05-01,1198.69580078125,1502.0,1522.0,1480.0,1480.0,776300
2015-05-07,1185.9268798828125,1486.0,1524.0,1484.0,1484.0,533300
2015-05-08,1193.906982421875,1496.0,1512.0,1490.0,1495.0,365800
2015-05-11,1216.2532958984375,1524.0,1553.0,1512.0,1517.0,424400
2015-05-12,1217.8492431640625,1526.0,1529.0,1513.0,1522.0,228400
2015-05-13,1213.859130859375,1521.0,1534.0,1508.0,1526.0,335800
2015-05-14,1029.5054931640625,1290.0,1331.0,1275.0,1331.0,4796400
2015-05-15,1024.7174072265625,1284.0,1313.0,1276.0,1310.0,1815500
2015-05-18,1038.284423828125,1301.0,1304.0,1284.0,1291.0,903300
2015-05-19,1035.890380859375,1298.0,1304.0,1288.0,1299.0,696100
2015-05-20,1039.880615234375,1303.0,1307.0,1296.0,1300.0,562200
2015-05-21,1036.6884765625,1299.0,1315.0,1298.0,1305.0,748800
2015-05-22,1046.264892578125,1311.0,1312.0,1299.0,1300.0,549700
2015-05-25,1056.6400146484375,1324.0,1326.0,1311.0,1311.0,838600
2015-05-26,1078.9857177734375,1352.0,1363.0,1332.0,1337.0,1261800
2015-05-27,1103.725830078125,1383.0,1385.0,1335.0,1345.0,747300
2015-05-28,1093.3511962890625,1370.0,1397.0,1365.0,1395.0,731300
2015-05-29,1117.293212890625,1400.0,1430.0,1367.0,1400.0,1206700
2015-06-01,1137.2447509765625,1425.0,1437.0,1398.0,1398.0,946300
2015-06-02,1137.2447509765625,1425.0,1434.0,1401.0,1430.0,965800
2015-06-03,1114.1009521484375,1396.0,1410.0,1374.0,1405.0,597900
2015-06-04,1146.8216552734375,1437.0,1464.0,1425.0,1440.0,1359600
2015-06-05,1172.359619140625,1469.0,1470.0,1434.0,1440.0,1172700
2015-06-08,1161.1866455078125,1455.0,1474.0,1449.0,1470.0,375900
2015-06-09,1131.658203125,1418.0,1434.0,1412.0,1425.0,681800
2015-06-10,1138.042724609375,1426.0,1433.0,1402.0,1414.0,486000
2015-06-11,1150.81201171875,1442.0,1443.0,1411.0,1411.0,525300
2015-06-12,1146.8216552734375,1437.0,1446.0,1423.0,1446.0,389100
2015-06-15,1162.7828369140625,1457.0,1461.0,1419.0,1419.0,568700
2015-06-16,1162.7828369140625,1457.0,1465.0,1440.0,1456.0,633300
2015-06-17,1157.1964111328125,1450.0,1454.0,1430.0,1440.0,668200
2015-06-18,1133.25439453125,1420.0,1457.0,1418.0,1450.0,803800
2015-06-19,1129.263916015625,1415.0,1430.0,1404.0,1429.0,466300
2015-06-22,1132.4561767578125,1419.0,1419.0,1394.0,1405.0,256800
2015-06-23,1134.05224609375,1421.0,1426.0,1403.0,1416.0,361200
2015-06-24,1149.215576171875,1440.0,1446.0,1416.0,1426.0,314800
2015-06-25,1134.05224609375,1421.0,1431.0,1415.0,1429.0,195800
2015-06-26,1135.6484375,1423.0,1440.0,1413.0,1440.0,343200
2015-06-29,1105.32177734375,1385.0,1398.0,1370.0,1380.0,337800
2015-06-30,1100.5338134765625,1379.0,1383.0,1370.0,1374.0,224800
2015-07-01,1093.3511962890625,1370.0,1389.0,1370.0,1379.0,206600
2015-07-02,1111.70654296875,1393.0,1398.0,1379.0,1385.0,181600
2015-07-03,1112.5047607421875,1394.0,1400.0,1379.0,1398.0,271700
2015-07-06,1078.9857177734375,1352.0,1379.0,1351.0,1366.0,243500
2015-07-07,1077.3895263671875,1350.0,1371.0,1348.0,1360.0,209800
2015-07-08,1038.284423828125,1301.0,1352.0,1301.0,1350.0,402200
2015-07-09,1023.919189453125,1283.0,1285.0,1230.0,1263.0,525500
2015-07-10,1026.3135986328125,1286.0,1299.0,1257.0,1280.0,358300
2015-07-13,1027.1114501953125,1287.0,1307.0,1282.0,1293.0,283900
2015-07-14,1051.8515625,1318.0,1324.0,1298.0,1304.0,165200
2015-07-15,1041.4766845703125,1305.0,1322.0,1296.0,1320.0,201000
2015-07-16,1040.6785888671875,1304.0,1315.0,1291.0,1313.0,195100
2015-07-17,1043.07275390625,1307.0,1316.0,1299.0,1304.0,210400
2015-07-21,1043.07275390625,1307.0,1319.0,1292.0,1308.0,391700
2015-07-22,1043.8707275390625,1308.0,1315.0,1294.0,1300.0,305400
2015-07-23,1013.5443115234376,1270.0,1296.0,1263.0,1296.0,579600
2015-07-24,980.0255126953124,1228.0,1275.0,1219.0,1271.0,961800
2015-07-27,965.6605834960938,1210.0,1223.0,1201.0,1223.0,829000
2015-07-28,953.6893310546876,1195.0,1209.0,1184.0,1200.0,739300
2015-07-29,932.939697265625,1169.0,1210.0,1164.0,1209.0,806700
2015-07-30,947.3048095703124,1187.0,1195.0,1169.0,1177.0,450500
2015-07-31,948.10302734375,1188.0,1191.0,1171.0,1180.0,336600
2015-08-03,970.44873046875,1216.0,1256.0,1212.0,1248.0,407300
2015-08-04,977.6314086914062,1225.0,1230.0,1202.0,1216.0,351800
2015-08-05,989.6023559570312,1240.0,1250.0,1213.0,1216.0,365300
2015-08-06,999.9771118164062,1253.0,1268.0,1238.0,1245.0,337500
2015-08-07,1006.3621826171876,1261.0,1269.0,1241.0,1250.0,363700
2015-08-10,991.1986694335938,1242.0,1261.0,1232.0,1261.0,302600
2015-08-11,1008.7560424804688,1264.0,1267.0,1245.0,1245.0,517200
2015-08-12,984.81396484375,1234.0,1259.0,1230.0,1250.0,276900
2015-08-13,987.2081298828124,1237.0,1258.0,1227.0,1230.0,246900
2015-08-14,972.044921875,1218.0,1231.0,1214.0,1230.0,202700
2015-08-17,969.6507568359376,1215.0,1230.0,1212.0,1219.0,193900
2015-08-18,976.8333129882812,1224.0,1233.0,1215.0,1215.0,209000
2015-08-19,970.44873046875,1216.0,1235.0,1214.0,1220.0,185600
2015-08-20,961.6700439453124,1205.0,1222.0,1196.0,1211.0,372500
2015-08-21,935.3338012695312,1172.0,1193.0,1171.0,1186.0,322100
2015-08-24,898.6227416992188,1126.0,1157.0,1124.0,1144.0,388300
2015-08-25,828.392822265625,1038.0,1124.0,1025.0,1030.0,995800
2015-08-26,878.6712646484375,1101.0,1158.0,1086.0,1158.0,1116100
2015-08-27,882.6613159179688,1106.0,1162.0,1103.0,1150.0,580100
2015-08-28,929.7474365234376,1165.0,1189.0,1136.0,1136.0,658200
2015-08-31,905.8055419921876,1135.0,1163.0,1127.0,1160.0,405400
2015-09-01,877.8729858398438,1100.0,1133.0,1100.0,1132.0,307300
2015-09-02,849.1426391601562,1064.0,1090.0,1059.0,1067.0,550300
2015-09-03,867.4981689453125,1087.0,1097.0,1067.0,1074.0,427100
2015-09-04,830.7871704101562,1041.0,1080.0,1032.0,1078.0,435700
2015-09-07,828.392822265625,1038.0,1063.0,1016.0,1026.0,301300
2015-09-08,842.7583618164062,1056.0,1092.0,1041.0,1041.0,345100
2015-09-09,877.0751342773438,1099.0,1101.0,1072.0,1084.0,239200
2015-09-10,881.065185546875,1104.0,1115.0,1082.0,1090.0,264800
2015-09-11,885.0556640625,1109.0,1114.0,1087.0,1087.0,272500
2015-09-14,869.0941772460938,1089.0,1139.0,1087.0,1139.0,216600
2015-09-15,869.0941772460938,1089.0,1109.0,1089.0,1089.0,155600
2015-09-16,885.0556640625,1109.0,1122.0,1099.0,1109.0,179600
2015-09-17,910.5938110351562,1141.0,1146.0,1122.0,1122.0,186500
2015-09-18,927.353271484375,1162.0,1197.0,1152.0,1178.0,670200
2015-09-24,885.0556640625,1109.0,1140.0,1107.0,1140.0,337400
2015-09-25,897.0266723632812,1124.0,1126.0,1098.0,1123.0,299500
2015-09-28,887.3203735351562,1097.0,1121.0,1087.0,1109.0,347700
2015-09-29,850.921630859375,1052.0,1086.0,1052.0,1081.0,375600
2015-09-30,874.3784790039062,1081.0,1089.0,1064.0,1073.0,276100
2015-10-01,900.2620849609375,1113.0,1120.0,1083.0,1090.0,237300
2015-10-02,912.3949584960938,1128.0,1140.0,1101.0,1106.0,300200
2015-10-05,925.3367309570312,1144.0,1163.0,1133.0,1137.0,419100
2015-10-06,939.896240234375,1162.0,1178.0,1156.0,1163.0,429600
2015-10-07,977.9127197265624,1209.0,1214.0,1161.0,1164.0,395300
2015-10-08,986.8101196289062,1220.0,1239.0,1210.0,1218.0,497600
2015-10-09,1010.26708984375,1249.0,1257.0,1232.0,1233.0,392900
2015-10-13,1011.8848266601562,1251.0,1267.0,1247.0,1253.0,270500
2015-10-14,987.6190795898438,1221.0,1235.0,1215.0,1235.0,216300
2015-10-15,1012.6937866210938,1252.0,1259.0,1215.0,1218.0,309600
2015-10-16,1011.076171875,1250.0,1258.0,1242.0,1248.0,230400
2015-10-19,990.0457153320312,1224.0,1247.0,1217.0,1247.0,229200
2015-10-20,1001.36962890625,1238.0,1242.0,1221.0,1240.0,107700
2015-10-21,1015.9291381835938,1256.0,1259.0,1229.0,1238.0,265700
2015-10-22,1012.6937866210938,1252.0,1267.0,1223.0,1239.0,260100
2015-10-23,1033.7242431640625,1278.0,1296.0,1269.0,1274.0,347300
2015-10-26,1059.60791015625,1310.0,1315.0,1285.0,1298.0,479900
2015-10-27,1048.2838134765625,1296.0,1319.0,1291.0,1310.0,453500
2015-10-28,1040.1951904296875,1286.0,1312.0,1278.0,1312.0,316300
2015-10-29,1057.9901123046875,1308.0,1312.0,1290.0,1307.0,263700
2015-10-30,1039.3863525390625,1285.0,1310.0,1275.0,1290.0,269800
2015-11-02,1062.034423828125,1313.0,1317.0,1247.0,1260.0,651200
2015-11-04,1072.549560546875,1326.0,1339.0,1304.0,1314.0,480800
2015-11-05,1079.829345703125,1335.0,1343.0,1326.0,1332.0,398100
2015-11-06,1087.1090087890625,1344.0,1348.0,1329.0,1336.0,323800
2015-11-09,1100.859619140625,1361.0,1366.0,1350.0,1350.0,331000
2015-11-10,1096.00634765625,1355.0,1361.0,1341.0,1349.0,157500
2015-11-11,1078.21142578125,1333.0,1354.0,1310.0,1353.0,379800
2015-11-12,1085.4912109375,1342.0,1348.0,1315.0,1337.0,249600
2015-11-13,1081.44677734375,1337.0,1340.0,1315.0,1325.0,284500
2015-11-16,1080.6378173828125,1336.0,1342.0,1314.0,1315.0,152100
2015-11-17,1095.197509765625,1354.0,1360.0,1347.0,1350.0,191000
2015-11-18,1096.815673828125,1356.0,1372.0,1348.0,1360.0,187000
2015-11-19,1103.2862548828125,1364.0,1365.0,1350.0,1365.0,156600
2015-11-20,1112.1834716796875,1375.0,1379.0,1357.0,1360.0,201600
2015-11-24,1118.6544189453125,1383.0,1385.0,1366.0,1367.0,154800
2015-11-25,1113.801513671875,1377.0,1383.0,1371.0,1383.0,103400
2015-11-26,1119.46337890625,1384.0,1393.0,1379.0,1387.0,169300
2015-11-27,1138.876220703125,1408.0,1414.0,1377.0,1383.0,377400
2015-11-30,1170.4215087890625,1447.0,1465.0,1408.0,1412.0,1093100
2015-12-01,1197.1141357421875,1480.0,1483.0,1450.0,1459.0,718400
2015-12-02,1187.4075927734375,1468.0,1488.0,1461.0,1473.0,640700
2015-12-03,1190.6431884765625,1472.0,1477.0,1452.0,1465.0,331000
2015-12-04,1177.701416015625,1456.0,1477.0,1436.0,1454.0,735000
2015-12-07,1192.2608642578125,1474.0,1483.0,1463.0,1480.0,264900
2015-12-08,1167.18603515625,1443.0,1467.0,1437.0,1464.0,197800
2015-12-09,1150.2000732421875,1422.0,1449.0,1416.0,1428.0,242400
2015-12-10,1125.1253662109375,1391.0,1415.0,1388.0,1404.0,214100
2015-12-11,1138.876220703125,1408.0,1430.0,1384.0,1384.0,341200
2015-12-14,1111.3748779296875,1374.0,1380.0,1354.0,1368.0,190700
2015-12-15,1096.00634765625,1355.0,1374.0,1350.0,1366.0,259100
2015-12-16,1108.139404296875,1370.0,1392.0,1361.0,1363.0,261900
2015-12-17,1136.4495849609375,1405.0,1422.0,1386.0,1392.0,361800
2015-12-18,1112.1834716796875,1375.0,1426.0,1375.0,1401.0,377700
2015-12-21,1097.624267578125,1357.0,1363.0,1331.0,1358.0,281600
2015-12-22,1070.122802734375,1323.0,1357.0,1321.0,1357.0,311700
2015-12-24,1067.696044921875,1320.0,1341.0,1318.0,1340.0,299500
2015-12-25,1067.696044921875,1320.0,1320.0,1320.0,1320.0,0
2015-12-28,1065.2696533203125,1317.0,1330.0,1298.0,1305.0,221400
2015-12-29,1069.3140869140625,1322.0,1324.0,1287.0,1299.0,252000
2015-12-30,1053.945556640625,1303.0,1327.0,1291.0,1320.0,365500
2016-01-04,1055.5633544921875,1305.0,1341.0,1294.0,1300.0,560000
2016-01-05,1056.3721923828125,1306.0,1325.0,1282.0,1299.0,406800
2016-01-06,1019.1644897460938,1260.0,1316.0,1256.0,1308.0,293400
2016-01-07,998.1343994140624,1234.0,1260.0,1231.0,1250.0,243200
2016-01-08,987.6190795898438,1221.0,1259.0,1216.0,1222.0,515800
2016-01-12,963.3533325195312,1191.0,1226.0,1191.0,1204.0,202400
2016-01-13,977.1036987304688,1208.0,1223.0,1190.0,1193.0,319600
2016-01-14,956.88232421875,1183.0,1188.0,1159.0,1181.0,281900
2016-01-15,947.176025390625,1171.0,1205.0,1164.0,1188.0,366700
2016-01-18,940.7051391601562,1163.0,1166.0,1140.0,1149.0,376400
2016-01-19,943.1317138671876,1166.0,1176.0,1140.0,1150.0,381100
2016-01-20,902.6886596679688,1116.0,1163.0,1115.0,1160.0,230900
2016-01-21,879.2316284179688,1087.0,1144.0,1087.0,1131.0,408500
2016-01-22,921.2925415039062,1139.0,1148.0,1120.0,1137.0,476900
2016-01-25,925.3367309570312,1144.0,1163.0,1139.0,1155.0,316100
2016-01-26,907.5418090820312,1122.0,1139.0,1117.0,1137.0,202300
2016-01-27,933.42529296875,1154.0,1159.0,1140.0,1149.0,268800
2016-01-28,934.2342529296876,1155.0,1169.0,1134.0,1147.0,238900
2016-01-29,954.4556884765624,1180.0,1185.0,1138.0,1155.0,244400
2016-02-01,972.2506713867188,1202.0,1227.0,1188.0,1195.0,306800
2016-02-02,963.3533325195312,1191.0,1206.0,1180.0,1185.0,184900
2016-02-03,935.85205078125,1157.0,1181.0,1146.0,1180.0,296900
2016-02-04,948.7938842773438,1173.0,1188.0,1142.0,1145.0,294900
2016-02-05,981.95703125,1214.0,1235.0,1170.0,1172.0,635700
2016-02-08,986.0013427734376,1219.0,1232.0,1193.0,1215.0,399500
2016-02-09,915.6304321289062,1132.0,1186.0,1126.0,1180.0,386300
2016-02-10,873.5696411132812,1080.0,1132.0,1056.0,1121.0,604100
2016-02-12,720.6950073242188,891.0,991.0,864.0,990.0,1411700
2016-02-15,765.1823120117188,946.0,969.0,932.0,962.0,800000
2016-02-16,771.6532592773438,954.0,995.0,939.0,962.0,921200
2016-02-17,771.6532592773438,954.0,986.0,938.0,948.0,463500
2016-02-18,808.052001953125,999.0,1020.0,983.0,986.0,405200
2016-02-19,784.5949096679688,970.0,989.0,952.0,984.0,383500
2016-02-22,789.4480590820312,976.0,996.0,964.0,964.0,310800
2016-02-23,788.6392822265625,975.0,1007.0,967.0,985.0,257500
2016-02-24,800.7721557617188,990.0,1000.0,962.0,970.0,404400
2016-02-25,822.6114501953125,1017.0,1021.0,995.0,996.0,286500
2016-02-26,825.8468627929688,1021.0,1044.0,1011.0,1033.0,551600
2016-02-29,808.052001953125,999.0,1041.0,999.0,1028.0,363000
2016-03-01,809.6697998046875,1001.0,1004.0,973.0,995.0,356400
2016-03-02,854.1570434570312,1056.0,1066.0,1032.0,1038.0,375300
2016-03-03,859.8191528320312,1063.0,1072.0,1044.0,1056.0,188500
2016-03-04,900.2620849609375,1113.0,1115.0,1060.0,1065.0,339900
2016-03-07,878.4229736328125,1086.0,1121.0,1082.0,1116.0,223000
2016-03-08,867.9077758789062,1073.0,1100.0,1059.0,1088.0,197800
2016-03-09,860.6279907226562,1064.0,1067.0,1047.0,1059.0,147000
2016-03-10,863.0546875,1067.0,1083.0,1063.0,1071.0,251100
2016-03-11,867.0987548828125,1072.0,1074.0,1042.0,1048.0,310700
2016-03-14,889.746826171875,1100.0,1126.0,1083.0,1086.0,395900
2016-03-15,880.849365234375,1089.0,1114.0,1077.0,1094.0,407900
2016-03-16,867.0987548828125,1072.0,1091.0,1065.0,1078.0,373600
2016-03-17,873.5696411132812,1080.0,1097.0,1068.0,1090.0,608500
2016-03-18,828.2734375,1024.0,1070.0,1011.0,1069.0,782300
2016-03-22,850.921630859375,1052.0,1055.0,1029.0,1034.0,561300
2016-03-23,841.2152709960938,1040.0,1059.0,1029.0,1050.0,355300
2016-03-24,813.7138671875,1006.0,1043.0,1005.0,1031.0,517000
2016-03-25,822.6114501953125,1017.0,1020.0,993.0,1012.0,976400
2016-03-28,833.126708984375,1030.0,1036.0,1014.0,1030.0,498000
2016-03-29,845.4388427734375,1030.0,1040.0,1018.0,1018.0,262500
2016-03-30,833.947509765625,1016.0,1033.0,1013.0,1022.0,225600
2016-03-31,828.20166015625,1009.0,1028.0,1009.0,1015.0,341600
2016-04-01,806.860595703125,983.0,1010.0,979.0,1010.0,507000
2016-04-04,806.039794921875,982.0,1011.0,974.0,981.0,326500
2016-04-05,778.9527587890625,949.0,978.0,946.0,978.0,429900
2016-04-06,778.1321411132812,948.0,967.0,937.0,946.0,634100
2016-04-07,792.9067993164062,966.0,977.0,941.0,943.0,372200
2016-04-08,823.2767944335938,1003.0,1015.0,951.0,951.0,485500
2016-04-11,836.4099731445312,1019.0,1022.0,980.0,999.0,483700
2016-04-12,854.4677124023438,1041.0,1046.0,1010.0,1010.0,374900
2016-04-13,876.6298217773438,1068.0,1086.0,1050.0,1050.0,673100
2016-04-14,906.178955078125,1104.0,1109.0,1083.0,1088.0,477700
2016-04-15,893.8667602539062,1089.0,1108.0,1087.0,1095.0,218600
2016-04-18,870.884033203125,1061.0,1075.0,1040.0,1040.0,284200
2016-04-19,900.433349609375,1097.0,1112.0,1090.0,1100.0,302600
2016-04-20,904.5374755859376,1102.0,1115.0,1097.0,1103.0,213100
2016-04-21,913.5663452148438,1113.0,1120.0,1106.0,1114.0,297300
2016-04-22,929.1618041992188,1132.0,1132.0,1099.0,1099.0,294800
2016-04-25,924.2369384765624,1126.0,1135.0,1117.0,1133.0,169200
2016-04-26,926.6995239257812,1129.0,1141.0,1114.0,1138.0,356200
2016-04-27,934.0867309570312,1138.0,1149.0,1129.0,1135.0,288300
2016-04-28,909.4622802734376,1108.0,1164.0,1106.0,1150.0,268500
2016-05-02,874.1672973632812,1065.0,1088.0,1060.0,1061.0,287200
2016-05-06,856.930419921875,1044.0,1074.0,1035.0,1065.0,266600
2016-05-09,850.36376953125,1036.0,1054.0,1033.0,1048.0,175100
2016-05-10,861.0343017578125,1049.0,1056.0,1023.0,1035.0,376100
2016-05-11,870.884033203125,1061.0,1066.0,1045.0,1056.0,513700
2016-05-12,901.2542724609376,1098.0,1100.0,1046.0,1046.0,359200
2016-05-13,750.2244262695312,914.0,960.0,911.0,960.0,1679500
2016-05-16,746.9411010742188,910.0,923.0,901.0,918.0,927800
2016-05-17,759.2533569335938,925.0,925.0,911.0,920.0,626100
2016-05-18,749.403564453125,913.0,928.0,910.0,922.0,571900
2016-05-19,747.7619018554688,911.0,923.0,906.0,923.0,341400
2016-05-20,751.0451049804688,915.0,920.0,905.0,907.0,332200
2016-05-23,751.8660888671875,916.0,919.0,902.0,915.0,315800
2016-05-24,737.912109375,899.0,910.0,895.0,910.0,502500
2016-05-25,742.0162353515625,904.0,908.0,899.0,908.0,303500
2016-05-26,742.8370361328125,905.0,914.0,903.0,913.0,258500
2016-05-27,737.912109375,899.0,906.0,892.0,905.0,409300
2016-05-30,739.5538940429688,901.0,907.0,895.0,901.0,255800
2016-05-31,740.3745727539062,902.0,903.0,892.0,898.0,554900
2016-06-01,741.1953125,903.0,908.0,893.0,899.0,532400
2016-06-02,727.2415161132812,886.0,897.0,882.0,893.0,448000
2016-06-03,727.2415161132812,886.0,890.0,882.0,883.0,180100
2016-06-06,723.9583740234375,882.0,884.0,869.0,875.0,342600
2016-06-07,715.7500610351562,872.0,892.0,871.0,887.0,417000
2016-06-08,719.0333862304688,876.0,877.0,862.0,872.0,321100
2016-06-09,713.2877807617188,869.0,880.0,863.0,873.0,189700
2016-06-10,710.0045166015625,865.0,870.0,858.0,869.0,371000
2016-06-13,682.9175415039062,832.0,857.0,832.0,855.0,386200
2016-06-14,671.4262084960938,818.0,830.0,815.0,828.0,305500
2016-06-15,673.06787109375,820.0,828.0,803.0,816.0,318700
2016-06-16,648.443359375,790.0,820.0,789.0,819.0,322400
2016-06-17,655.0097045898438,798.0,808.0,788.0,788.0,708600
2016-06-20,669.7846069335938,816.0,825.0,813.0,823.0,341700
2016-06-21,663.2180786132812,808.0,812.0,792.0,812.0,292500
2016-06-22,648.443359375,790.0,806.0,786.0,802.0,287100
2016-06-23,666.501220703125,812.0,813.0,783.0,786.0,422200
2016-06-24,617.2525634765625,752.0,825.0,747.0,824.0,758000
2016-06-27,621.3566284179688,757.0,772.0,751.0,765.0,365300
2016-06-28,625.4605712890625,762.0,769.0,737.0,750.0,417600
2016-06-29,640.2352294921875,780.0,786.0,756.0,786.0,428200
2016-06-30,646.8018188476562,788.0,797.0,784.0,790.0,367400
2016-07-01,655.0097045898438,798.0,812.0,785.0,789.0,360900
2016-07-04,645.98095703125,787.0,792.0,777.0,787.0,169100
2016-07-05,627.1021728515625,764.0,780.0,760.0,780.0,241000
2016-07-06,613.1483154296875,747.0,755.0,737.0,750.0,353300
2016-07-07,608.2235717773438,741.0,758.0,736.0,739.0,232000
2016-07-08,603.298583984375,735.0,757.0,734.0,755.0,323500
2016-07-11,603.298583984375,735.0,735.0,735.0,735.0,0
2016-07-12,625.4605712890625,762.0,785.0,761.0,770.0,621600
2016-07-13,617.2525634765625,752.0,768.0,751.0,763.0,769500
2016-07-14,634.489501953125,773.0,775.0,753.0,754.0,558600
2016-07-15,657.4723510742188,801.0,811.0,778.0,778.0,653100
2016-07-19,644.3392944335938,785.0,807.0,779.0,800.0,436200
2016-07-20,636.131103515625,775.0,784.0,762.0,784.0,502800
2016-07-21,654.1890869140625,797.0,798.0,783.0,788.0,339600
2016-07-22,641.8767700195312,782.0,795.0,775.0,781.0,262400
2016-07-25,641.8767700195312,782.0,793.0,776.0,782.0,400400
2016-07-26,632.8480224609375,771.0,781.0,760.0,781.0,440400
2016-07-27,658.2930908203125,802.0,803.0,777.0,781.0,468200
2016-07-28,655.8307495117188,799.0,805.0,781.0,794.0,367800
2016-07-29,654.1890869140625,797.0,802.0,777.0,792.0,358500
2016-08-01,653.3682250976562,796.0,802.0,776.0,782.0,325900
2016-08-02,641.0560913085938,781.0,794.0,779.0,789.0,205600
2016-08-03,626.2814331054688,763.0,784.0,762.0,778.0,335300
2016-08-04,687.0216064453125,837.0,847.0,790.0,790.0,1478000
2016-08-05,686.2007446289062,836.0,854.0,836.0,845.0,629800
2016-08-08,686.2007446289062,836.0,849.0,829.0,840.0,687700
2016-08-09,684.5592651367188,834.0,839.0,826.0,836.0,425500
2016-08-10,688.6632690429688,839.0,845.0,832.0,841.0,458400
2016-08-12,715.7500610351562,872.0,874.0,839.0,846.0,489400
2016-08-15,728.0623779296875,887.0,897.0,862.0,872.0,538500
2016-08-16,707.5419921875,862.0,891.0,862.0,879.0,505500
2016-08-17,705.0795288085938,859.0,864.0,855.0,858.0,326400
2016-08-18,692.767333984375,844.0,864.0,844.0,854.0,340900
2016-08-19,696.0505981445312,848.0,858.0,845.0,845.0,404200
2016-08-22,696.87158203125,849.0,855.0,837.0,845.0,286100
2016-08-23,679.6343383789062,828.0,850.0,828.0,849.0,293500
2016-08-24,686.2007446289062,836.0,846.0,834.0,836.0,252900
2016-08-25,696.0505981445312,848.0,851.0,836.0,838.0,241700
2016-08-26,673.8885498046875,821.0,848.0,820.0,848.0,286900
2016-08-29,698.5130004882812,851.0,853.0,837.0,843.0,209400
2016-08-30,684.5592651367188,834.0,852.0,831.0,840.0,372600
2016-08-31,698.5130004882812,851.0,854.0,840.0,848.0,334400
2016-09-01,697.6922607421875,850.0,854.0,842.0,847.0,277800
2016-09-02,683.7384643554688,833.0,849.0,830.0,847.0,288800
2016-09-05,678.8134765625,827.0,839.0,826.0,838.0,554900
2016-09-06,682.0968627929688,831.0,833.0,826.0,830.0,351900
2016-09-07,685.3800659179688,835.0,835.0,827.0,830.0,394200
2016-09-08,694.4090576171875,846.0,848.0,835.0,837.0,344100
2016-09-09,696.0505981445312,848.0,850.0,841.0,843.0,221000
2016-09-12,677.9927978515625,826.0,836.0,822.0,833.0,246800
2016-09-13,673.8885498046875,821.0,829.0,818.0,827.0,202000
2016-09-14,666.501220703125,812.0,819.0,811.0,817.0,201000
2016-09-15,663.2180786132812,808.0,812.0,797.0,803.0,259900
2016-09-16,670.6053466796875,817.0,822.0,807.0,810.0,272500
2016-09-20,669.7846069335938,816.0,828.0,810.0,815.0,266000
2016-09-21,682.9175415039062,832.0,834.0,807.0,817.0,310400
2016-09-23,677.171875,825.0,832.0,823.0,832.0,187100
2016-09-26,673.06787109375,820.0,824.0,812.0,824.0,301900
2016-09-27,677.171875,825.0,825.0,802.0,815.0,367100
2016-09-28,683.8189697265625,823.0,825.0,811.0,822.0,327500
2016-09-29,697.11328125,839.0,841.0,817.0,819.0,305000
2016-09-30,677.1718139648438,815.0,830.0,813.0,830.0,279800
2016-10-03,675.5100708007812,813.0,825.0,810.0,816.0,220900
2016-10-04,683.8189697265625,823.0,827.0,812.0,816.0,252900
2016-10-05,692.9588012695312,834.0,841.0,821.0,823.0,231600
2016-10-06,697.11328125,839.0,846.0,837.0,840.0,198200
2016-10-07,699.6058349609375,842.0,845.0,836.0,845.0,233500
2016-10-11,708.7454223632812,853.0,857.0,843.0,847.0,259200
2016-10-12,696.2822265625,838.0,846.0,836.0,846.0,228600
2016-10-13,697.9439697265625,840.0,855.0,839.0,841.0,284900
2016-10-14,703.7603149414062,847.0,848.0,836.0,840.0,246600
2016-10-17,713.7308349609375,859.0,864.0,845.0,851.0,321400
2016-10-18,706.2528686523438,850.0,856.0,845.0,855.0,280900
2016-10-19,720.3781127929688,867.0,873.0,852.0,857.0,349300
2016-10-20,732.0103149414062,881.0,888.0,870.0,871.0,431000
2016-10-21,621.5025024414062,748.0,777.0,739.0,776.0,3858400
2016-10-24,623.1643676757812,750.0,758.0,747.0,748.0,1202800
2016-10-25,622.3333129882812,749.0,754.0,748.0,751.0,783500
2016-10-26,631.4732055664062,760.0,762.0,748.0,750.0,949200
2016-10-27,633.9657592773438,763.0,771.0,761.0,763.0,699900
2016-10-28,642.2747192382812,773.0,777.0,768.0,773.0,851000
2016-10-31,650.5835571289062,783.0,784.0,763.0,771.0,572600
2016-11-01,649.7526245117188,782.0,784.0,773.0,784.0,390800
2016-11-02,640.6130981445312,771.0,787.0,768.0,776.0,392400
2016-11-04,624.8261108398438,752.0,769.0,748.0,765.0,441700
2016-11-07,643.9365234375,775.0,778.0,755.0,757.0,349900
2016-11-08,629.8114624023438,758.0,773.0,752.0,770.0,721900
2016-11-09,610.700927734375,735.0,772.0,723.0,769.0,893300
2016-11-10,644.7673950195312,776.0,778.0,760.0,775.0,775700
2016-11-11,640.6130981445312,771.0,787.0,767.0,779.0,429400
2016-11-14,655.5689697265625,789.0,790.0,776.0,782.0,449900
2016-11-15,657.2308349609375,791.0,797.0,782.0,790.0,344300
2016-11-16,663.877685546875,799.0,802.0,794.0,795.0,318300
2016-11-17,652.245361328125,785.0,793.0,781.0,792.0,318400
2016-11-18,654.7380981445312,788.0,790.0,781.0,789.0,563300
2016-11-21,662.2159423828125,797.0,799.0,787.0,791.0,339400
2016-11-22,670.5247802734375,807.0,810.0,797.0,800.0,389600
2016-11-24,679.6646118164062,818.0,827.0,813.0,815.0,397100
2016-11-25,686.3116455078125,826.0,839.0,819.0,827.0,427300
2016-11-28,694.6204833984375,836.0,838.0,821.0,829.0,482500
2016-11-29,701.2676391601562,844.0,845.0,829.0,832.0,359300
2016-11-30,701.2676391601562,844.0,850.0,841.0,845.0,346900
2016-12-01,688.8043212890625,829.0,852.0,824.0,851.0,782700
2016-12-02,692.1278076171875,833.0,841.0,827.0,839.0,351500
2016-12-05,692.9588012695312,834.0,835.0,817.0,825.0,269400
2016-12-06,692.9588012695312,834.0,837.0,827.0,829.0,369500
2016-12-07,707.9146728515625,852.0,856.0,837.0,838.0,542800
2016-12-08,713.7308349609375,859.0,869.0,853.0,858.0,523500
2016-12-09,719.547119140625,866.0,868.0,858.0,859.0,468100
2016-12-12,725.3632202148438,873.0,887.0,865.0,875.0,401200
2016-12-13,716.2235107421875,862.0,870.0,855.0,870.0,309200
2016-12-14,712.89990234375,858.0,868.0,853.0,863.0,228700
2016-12-15,717.0543823242188,863.0,868.0,854.0,858.0,535900
2016-12-16,721.2088623046875,868.0,881.0,867.0,874.0,414700
2016-12-19,729.5176391601562,878.0,880.0,869.0,870.0,332100
2016-12-20,713.7308349609375,859.0,875.0,857.0,875.0,468800
2016-12-21,706.2528686523438,850.0,865.0,848.0,860.0,458000
2016-12-22,691.2969970703125,832.0,842.0,830.0,840.0,517100
2016-12-26,701.2676391601562,844.0,849.0,833.0,834.0,463900
2016-12-27,696.2822265625,838.0,843.0,835.0,836.0,274600
2016-12-28,705.422119140625,849.0,854.0,843.0,847.0,261300
2016-12-29,706.2528686523438,850.0,851.0,841.0,851.0,336000
2016-12-30,708.7454223632812,853.0,855.0,845.0,849.0,299500
2017-01-04,726.1941528320312,874.0,877.0,858.0,859.0,445800
2017-01-05,727.0250244140625,875.0,878.0,867.0,876.0,439600
2017-01-06,722.87060546875,870.0,872.0,866.0,869.0,308900
2017-01-10,722.039794921875,869.0,873.0,862.0,871.0,346000
2017-01-11,731.1795043945312,880.0,880.0,870.0,875.0,342500
2017-01-12,723.7015380859375,871.0,880.0,864.0,875.0,310800
2017-01-13,716.2235107421875,862.0,871.0,860.0,861.0,299600
2017-01-16,701.2676391601562,844.0,866.0,842.0,862.0,354700
2017-01-17,694.6204833984375,836.0,847.0,831.0,840.0,319000
2017-01-18,701.2676391601562,844.0,848.0,826.0,830.0,355700
2017-01-19,713.7308349609375,859.0,864.0,852.0,853.0,275600
2017-01-20,712.069091796875,857.0,862.0,850.0,853.0,287000
2017-01-23,710.4073486328125,855.0,863.0,852.0,862.0,241400
2017-01-24,704.591064453125,848.0,860.0,843.0,860.0,414000
2017-01-25,724.5324096679688,872.0,874.0,856.0,860.0,368600
2017-01-26,719.547119140625,866.0,879.0,862.0,879.0,330500
2017-01-27,727.0250244140625,875.0,878.0,867.0,875.0,211100
2017-01-30,717.0543823242188,863.0,868.0,859.0,865.0,282300
2017-01-31,702.9293823242188,846.0,853.0,843.0,849.0,272400
2017-02-01,707.0839233398438,851.0,853.0,841.0,841.0,200600
2017-02-02,698.7749633789062,841.0,859.0,840.0,856.0,258900
2017-02-03,696.2822265625,838.0,850.0,832.0,840.0,252700
2017-02-06,700.4365844726562,843.0,850.0,835.0,849.0,222500
2017-02-07,697.9439697265625,840.0,845.0,836.0,839.0,131800
2017-02-08,712.069091796875,857.0,858.0,839.0,840.0,246900
2017-02-09,712.069091796875,857.0,867.0,850.0,852.0,315700
2017-02-10,720.3781127929688,867.0,868.0,854.0,862.0,324900
2017-02-13,761.9223022460938,917.0,935.0,892.0,893.0,1575000
2017-02-14,759.4296875,914.0,934.0,910.0,932.0,610600
2017-02-15,768.5693969726562,925.0,926.0,917.0,925.0,367300
2017-02-16,768.5693969726562,925.0,930.0,920.0,925.0,377100
2017-02-17,767.7384643554688,924.0,925.0,915.0,925.0,194000
2017-02-20,771.06201171875,928.0,929.0,910.0,916.0,290600
2017-02-21,781.8634643554688,941.0,944.0,919.0,928.0,388900
2017-02-22,775.2163696289062,933.0,947.0,928.0,942.0,491700
2017-02-23,771.8928833007812,929.0,936.0,916.0,936.0,370900
2017-02-24,771.8928833007812,929.0,934.0,922.0,925.0,188500
2017-02-27,760.2604370117188,915.0,921.0,900.0,921.0,318900
2017-02-28,763.583984375,919.0,929.0,915.0,915.0,284600
2017-03-01,770.2311401367188,927.0,929.0,911.0,916.0,178800
2017-03-02,773.5546264648438,931.0,940.0,925.0,935.0,351900
2017-03-03,766.0767822265625,922.0,926.0,918.0,925.0,207600
2017-03-06,764.4149169921875,920.0,927.0,915.0,915.0,151200
2017-03-07,766.0767822265625,922.0,925.0,920.0,922.0,143100
2017-03-08,761.9223022460938,917.0,924.0,909.0,916.0,242800
2017-03-09,754.4442749023438,908.0,918.0,907.0,916.0,274400
2017-03-10,756.9368286132812,911.0,913.0,904.0,908.0,282200
2017-03-13,751.95166015625,905.0,907.0,900.0,906.0,276500
2017-03-14,751.95166015625,905.0,911.0,897.0,904.0,206900
2017-03-15,746.9662475585938,899.0,903.0,897.0,900.0,238800
2017-03-16,744.4735107421875,896.0,900.0,887.0,891.0,242200
2017-03-17,746.1354370117188,898.0,902.0,892.0,892.0,247600
2017-03-21,737.8264770507812,888.0,897.0,884.0,893.0,257600
2017-03-22,718.7161865234375,865.0,874.0,863.0,873.0,274600
2017-03-23,709.5764770507812,854.0,860.0,844.0,860.0,366000
2017-03-24,714.5617065429688,860.0,865.0,845.0,856.0,267800
2017-03-27,693.7896118164062,835.0,854.0,833.0,854.0,394400
2017-03-28,705.422119140625,849.0,849.0,838.0,840.0,239800
2017-03-29,707.0955810546875,845.0,850.0,840.0,845.0,280300
2017-03-30,702.0748901367188,839.0,856.0,838.0,850.0,377800
2017-03-31,682.8285522460938,816.0,844.0,816.0,840.0,423200
2017-04-03,685.3389282226562,819.0,823.0,813.0,817.0,299200
2017-04-04,681.1548461914062,814.0,819.0,806.0,815.0,327300
2017-04-05,682.8285522460938,816.0,824.0,810.0,812.0,251700
2017-04-06,668.602783203125,799.0,816.0,796.0,816.0,379000
2017-04-07,667.7660522460938,798.0,805.0,794.0,800.0,242700
2017-04-10,679.4810791015625,812.0,814.0,798.0,804.0,268400
2017-04-11,677.8076171875,810.0,812.0,806.0,810.0,242800
2017-04-12,668.602783203125,799.0,806.0,796.0,806.0,387100
2017-04-13,664.4188232421875,794.0,796.0,786.0,790.0,255100
2017-04-14,657.7244873046875,786.0,791.0,783.0,790.0,235800
2017-04-17,657.7244873046875,786.0,789.0,778.0,789.0,194100
2017-04-18,670.2764282226562,801.0,805.0,796.0,797.0,195000
2017-04-19,677.8076171875,810.0,813.0,796.0,797.0,310200
2017-04-20,678.6444091796875,811.0,816.0,807.0,809.0,200600
2017-04-21,687.0123901367188,821.0,821.0,812.0,819.0,206100
2017-04-24,693.7069091796875,829.0,834.0,824.0,831.0,225100
2017-04-25,700.4012451171875,837.0,839.0,818.0,818.0,255600
2017-04-26,712.1163940429688,851.0,851.0,843.0,848.0,234900
2017-04-27,718.810791015625,859.0,860.0,850.0,852.0,232000
2017-04-28,715.4636840820312,855.0,865.0,852.0,858.0,159200
2017-05-01,718.810791015625,859.0,859.0,852.0,858.0,126800
2017-05-02,725.5053100585938,867.0,869.0,856.0,859.0,304300
2017-05-08,740.5675659179688,885.0,892.0,881.0,881.0,401700
2017-05-09,748.935546875,895.0,895.0,885.0,890.0,440300
2017-05-10,749.7723388671875,896.0,899.0,893.0,895.0,263300
2017-05-11,749.7723388671875,896.0,898.0,892.0,894.0,297600
2017-05-12,751.4459838867188,898.0,898.0,886.0,894.0,318900
2017-05-15,737.2203369140625,881.0,896.0,880.0,892.0,261300
2017-05-16,744.7515869140625,890.0,897.0,884.0,885.0,419600
2017-05-17,661.9085693359375,791.0,800.0,777.0,800.0,2511000
2017-05-18,665.255615234375,795.0,795.0,784.0,788.0,727100
2017-05-19,679.4810791015625,812.0,814.0,798.0,798.0,618500
2017-05-22,687.8491821289062,822.0,824.0,813.0,820.0,419800
2017-05-23,700.4012451171875,837.0,841.0,821.0,821.0,378600
2017-05-24,700.4012451171875,837.0,849.0,834.0,842.0,252800
2017-05-25,701.2379760742188,838.0,840.0,827.0,835.0,338400
2017-05-26,692.0332641601562,827.0,839.0,826.0,838.0,375700
2017-05-29,691.1964721679688,826.0,835.0,825.0,830.0,284100
2017-05-30,690.359619140625,825.0,826.0,818.0,825.0,214500
2017-05-31,678.6444091796875,811.0,829.0,808.0,829.0,472200
2017-06-01,682.8285522460938,816.0,818.0,807.0,807.0,294100
2017-06-02,692.0332641601562,827.0,832.0,820.0,820.0,286300
2017-06-05,684.501953125,818.0,825.0,816.0,825.0,289200
2017-06-06,662.7453002929688,792.0,812.0,790.0,811.0,552700
2017-06-07,669.4395751953125,800.0,802.0,793.0,793.0,259700
2017-06-08,666.0925903320312,796.0,805.0,796.0,803.0,241500
2017-06-09,668.602783203125,799.0,805.0,794.0,798.0,293300
2017-06-12,671.1131591796875,802.0,807.0,801.0,805.0,250700
2017-06-13,668.602783203125,799.0,807.0,796.0,807.0,351800
2017-06-14,665.255615234375,795.0,804.0,795.0,803.0,334700
2017-06-15,666.92919921875,797.0,801.0,793.0,799.0,334300
2017-06-16,677.8076171875,810.0,810.0,800.0,802.0,556100
2017-06-19,687.0123901367188,821.0,823.0,811.0,811.0,317000
2017-06-20,688.6859741210938,823.0,834.0,823.0,823.0,343600
2017-06-21,684.501953125,818.0,824.0,816.0,821.0,226800
2017-06-22,683.6652221679688,817.0,821.0,814.0,816.0,208700
2017-06-23,680.3179931640625,813.0,820.0,811.0,817.0,211800
2017-06-26,685.3389282226562,819.0,819.0,813.0,819.0,203000
2017-06-27,691.1964721679688,826.0,830.0,817.0,820.0,395500
2017-06-28,688.6859741210938,823.0,830.0,823.0,830.0,318900
2017-06-29,697.8908081054688,834.0,836.0,821.0,823.0,407700
2017-06-30,690.359619140625,825.0,829.0,823.0,824.0,233800
2017-07-03,689.5227661132812,824.0,831.0,824.0,829.0,207400
2017-07-04,704.585205078125,842.0,849.0,830.0,831.0,523600
2017-07-05,707.0955810546875,845.0,849.0,837.0,840.0,314200
2017-07-06,713.7899780273438,853.0,854.0,839.0,845.0,337400
2017-07-07,724.66845703125,866.0,877.0,851.0,852.0,558800
2017-07-10,716.3004150390625,856.0,879.0,856.0,874.0,399700
2017-07-11,747.2619018554688,893.0,894.0,863.0,865.0,1074700
2017-07-12,733.8732299804688,877.0,891.0,870.0,891.0,675800
2017-07-13,736.3836059570312,880.0,891.0,874.0,874.0,370000
2017-07-14,733.8732299804688,877.0,884.0,876.0,881.0,169400
2017-07-17,733.8732299804688,877.0,877.0,877.0,877.0,0
2017-07-18,721.3212280273438,862.0,874.0,859.0,874.0,196600
2017-07-19,707.9324951171875,846.0,858.0,839.0,858.0,342300
2017-07-20,713.7899780273438,853.0,856.0,849.0,856.0,144000
2017-07-21,711.2796020507812,850.0,856.0,843.0,852.0,329000
2017-07-24,722.1580200195312,863.0,864.0,846.0,850.0,181100
2017-07-25,717.9739379882812,858.0,862.0,857.0,859.0,97700
2017-07-26,712.1163940429688,851.0,862.0,848.0,859.0,200700
2017-07-27,717.13720703125,857.0,866.0,849.0,853.0,333700
2017-07-28,710.44287109375,849.0,861.0,845.0,858.0,247800
2017-07-31,698.7276611328125,835.0,850.0,835.0,848.0,145600
2017-08-01,688.6859741210938,823.0,837.0,820.0,834.0,232400
2017-08-02,697.0540771484375,833.0,837.0,824.0,826.0,128000
2017-08-03,700.4012451171875,837.0,839.0,829.0,833.0,175900
2017-08-04,708.7691650390625,847.0,854.0,840.0,844.0,407100
2017-08-07,784.0811767578125,937.0,964.0,926.0,932.0,2538300
2017-08-08,772.3660888671875,923.0,935.0,914.0,935.0,500800
2017-08-09,743.9148559570312,889.0,908.0,887.0,908.0,532000
2017-08-10,756.466796875,904.0,910.0,881.0,887.0,600700
2017-08-11,756.466796875,904.0,904.0,904.0,904.0,0
2017-08-14,757.3036499023438,905.0,919.0,893.0,893.0,587500
2017-08-15,766.5083618164062,916.0,919.0,902.0,902.0,273800
2017-08-16,776.5499267578125,928.0,933.0,914.0,916.0,402900
2017-08-17,799.1436157226562,955.0,978.0,943.0,944.0,830600
2017-08-18,804.1641845703125,961.0,971.0,945.0,945.0,518800
2017-08-21,829.2682495117188,991.0,993.0,959.0,970.0,724100
2017-08-22,830.1051025390625,992.0,1009.0,989.0,991.0,685900
2017-08-23,828.4314575195312,990.0,1003.0,981.0,995.0,747900
2017-08-24,820.900390625,981.0,999.0,978.0,993.0,401300
2017-08-25,813.369140625,972.0,997.0,970.0,990.0,396800
2017-08-28,802.49072265625,959.0,987.0,953.0,976.0,471600
2017-08-29,791.6124267578125,946.0,955.0,941.0,955.0,371400
2017-08-30,791.6124267578125,946.0,956.0,946.0,949.0,283200
2017-08-31,807.5115966796875,965.0,968.0,937.0,951.0,701300
2017-09-01,814.2058715820312,973.0,976.0,957.0,967.0,454000
2017-09-04,803.3275146484375,960.0,968.0,957.0,967.0,344800
2017-09-05,798.3067626953125,954.0,965.0,950.0,961.0,332700
2017-09-06,804.1641845703125,961.0,963.0,931.0,936.0,346900
2017-09-07,795.7962646484375,951.0,965.0,947.0,953.0,369300
2017-09-08,784.91796875,938.0,956.0,936.0,956.0,308200
2017-09-11,805.8379516601562,963.0,978.0,949.0,951.0,430000
2017-09-12,818.3900146484375,978.0,988.0,975.0,984.0,308800
2017-09-13,821.7371826171875,982.0,992.0,980.0,985.0,199100
2017-09-14,817.5531005859375,977.0,990.0,972.0,983.0,142300
2017-09-15,835.9627685546875,999.0,1000.0,980.0,980.0,436500
2017-09-18,835.9627685546875,999.0,999.0,999.0,999.0,0
2017-09-19,947.257080078125,1132.0,1148.0,1093.0,1129.0,2521100
2017-09-20,926.337158203125,1107.0,1110.0,1063.0,1105.0,1216700
2017-09-21,911.274658203125,1089.0,1125.0,1086.0,1124.0,620800
2017-09-22,918.805908203125,1098.0,1108.0,1072.0,1093.0,505400
2017-09-25,919.6427001953124,1099.0,1119.0,1097.0,1109.0,345900
2017-09-26,901.233154296875,1077.0,1095.0,1071.0,1093.0,366300
2017-09-27,888.5872802734375,1054.0,1073.0,1047.0,1061.0,469600
2017-09-28,898.7039184570312,1066.0,1067.0,1024.0,1057.0,718400
2017-09-29,912.1928100585938,1082.0,1085.0,1058.0,1066.0,488900
2017-10-02,903.7622680664062,1072.0,1086.0,1068.0,1083.0,193500
2017-10-03,912.1928100585938,1082.0,1091.0,1068.0,1086.0,200000
2017-10-04,913.8790283203124,1084.0,1091.0,1080.0,1082.0,192500
2017-10-05,910.5067138671876,1080.0,1093.0,1078.0,1089.0,332600
2017-10-06,902.0761108398438,1070.0,1084.0,1063.0,1076.0,268400
2017-10-09,902.0761108398438,1070.0,1070.0,1070.0,1070.0,0
2017-10-10,908.8207397460938,1078.0,1078.0,1067.0,1072.0,237800
2017-10-11,891.1163940429688,1057.0,1070.0,1050.0,1070.0,271700
2017-10-12,882.6857299804688,1047.0,1057.0,1042.0,1053.0,268900
2017-10-13,879.3135986328125,1043.0,1047.0,1036.0,1038.0,212000
2017-10-16,885.215087890625,1050.0,1052.0,1041.0,1045.0,177900
2017-10-17,891.1163940429688,1057.0,1062.0,1048.0,1058.0,237700
2017-10-18,869.1968383789062,1031.0,1058.0,1029.0,1051.0,381000
2017-10-19,875.09814453125,1038.0,1044.0,1032.0,1032.0,285500
2017-10-20,870.039794921875,1032.0,1036.0,1028.0,1036.0,233700
2017-10-23,883.5289306640625,1048.0,1051.0,1034.0,1045.0,265600
2017-10-24,884.3719482421875,1049.0,1053.0,1035.0,1050.0,180200
2017-10-25,884.3719482421875,1049.0,1061.0,1047.0,1057.0,242700
2017-10-26,894.4884643554688,1061.0,1066.0,1049.0,1050.0,300800
2017-10-27,892.8023071289062,1059.0,1060.0,1038.0,1059.0,420000
2017-10-30,888.5872802734375,1054.0,1058.0,1047.0,1056.0,403700
2017-10-31,925.6820068359376,1098.0,1099.0,1050.0,1052.0,541200
2017-11-01,916.4082641601562,1087.0,1100.0,1078.0,1098.0,473400
2017-11-02,923.1527099609376,1095.0,1103.0,1077.0,1100.0,367700
2017-11-03,923.1527099609376,1095.0,1095.0,1095.0,1095.0,0
2017-11-06,1051.298095703125,1247.0,1259.0,1185.0,1185.0,2288300
2017-11-07,1031.90771484375,1224.0,1235.0,1210.0,1222.0,903600
2017-11-08,1047.9259033203125,1243.0,1254.0,1214.0,1219.0,803800
2017-11-09,1010.8310546875,1199.0,1250.0,1187.0,1250.0,671800
2017-11-10,1013.3603515625,1202.0,1207.0,1176.0,1181.0,306300
2017-11-13,999.8712158203124,1186.0,1208.0,1180.0,1207.0,298300
2017-11-14,987.2254638671876,1171.0,1187.0,1169.0,1177.0,306000
2017-11-15,970.364013671875,1151.0,1175.0,1149.0,1160.0,457600
2017-11-16,993.9699096679688,1179.0,1197.0,1135.0,1136.0,642300
2017-11-17,980.4808959960938,1163.0,1197.0,1153.0,1190.0,760300
2017-11-20,1004.0867309570312,1191.0,1201.0,1161.0,1178.0,802600
2017-11-21,1036.123046875,1229.0,1233.0,1203.0,1221.0,624500
2017-11-22,1058.042724609375,1255.0,1257.0,1236.0,1249.0,572600
2017-11-23,1058.042724609375,1255.0,1255.0,1255.0,1255.0,0
2017-11-24,1047.9259033203125,1243.0,1252.0,1228.0,1252.0,286200
2017-11-27,1035.2799072265625,1228.0,1255.0,1224.0,1255.0,248600
2017-11-28,1007.4589233398438,1195.0,1231.0,1194.0,1230.0,313800
2017-11-29,1000.7144165039062,1187.0,1213.0,1173.0,1208.0,496900
2017-11-30,1020.9476928710938,1211.0,1212.0,1188.0,1203.0,511300
2017-12-01,1032.7508544921875,1225.0,1244.0,1215.0,1228.0,434700
2017-12-04,1026.8494873046875,1218.0,1239.0,1215.0,1230.0,228600
2017-12-05,998.1851196289062,1184.0,1207.0,1181.0,1201.0,320100
2017-12-06,966.1488037109376,1146.0,1184.0,1144.0,1184.0,476000
2017-12-07,975.422607421875,1157.0,1167.0,1137.0,1146.0,380400
2017-12-08,988.9115600585938,1173.0,1175.0,1139.0,1143.0,544800
2017-12-11,1006.6156616210938,1194.0,1196.0,1162.0,1176.0,354200
2017-12-12,1018.4186401367188,1208.0,1213.0,1195.0,1196.0,304900
2017-12-13,996.4992065429688,1182.0,1218.0,1178.0,1212.0,405200
2017-12-14,1084.177734375,1286.0,1294.0,1216.0,1218.0,1929700
2017-12-15,1056.356689453125,1253.0,1312.0,1251.0,1294.0,1241900
2017-12-18,1053.8275146484375,1250.0,1273.0,1225.0,1268.0,530500
2017-12-19,1078.276123046875,1279.0,1282.0,1250.0,1252.0,325200
2017-12-20,1111.1556396484375,1318.0,1318.0,1271.0,1274.0,867600
2017-12-21,1110.312255859375,1317.0,1327.0,1301.0,1313.0,552100
2017-12-22,1105.254150390625,1311.0,1329.0,1309.0,1312.0,280500
2017-12-25,1099.3525390625,1304.0,1325.0,1302.0,1325.0,196400
2017-12-26,1081.6483154296875,1283.0,1317.0,1283.0,1317.0,241900
2017-12-27,1095.1373291015625,1299.0,1312.0,1281.0,1285.0,287300
2017-12-28,1076.5899658203125,1277.0,1300.0,1273.0,1299.0,242100
2017-12-29,1085.0206298828125,1287.0,1288.0,1273.0,1279.0,227500
2018-01-01,1085.0206298828125,1287.0,1287.0,1287.0,1287.0,0
2018-01-02,1085.0206298828125,1287.0,1287.0,1287.0,1287.0,0
2018-01-03,1085.0206298828125,1287.0,1287.0,1287.0,1287.0,0
2018-01-04,1118.7430419921875,1327.0,1365.0,1315.0,1325.0,558300
2018-01-05,1116.2142333984375,1324.0,1339.0,1316.0,1330.0,210200
2018-01-08,1116.2142333984375,1324.0,1324.0,1324.0,1324.0,0
2018-01-09,1123.8013916015625,1333.0,1382.0,1330.0,1344.0,527100
2018-01-10,1106.09716796875,1312.0,1338.0,1301.0,1330.0,435300
2018-01-11,1133.918212890625,1345.0,1358.0,1306.0,1306.0,461200
2018-01-12,1125.4874267578125,1335.0,1360.0,1334.0,1343.0,257000
2018-01-15,1113.6846923828125,1321.0,1350.0,1313.0,1350.0,265500
2018-01-16,1118.7430419921875,1327.0,1333.0,1311.0,1327.0,166700
2018-01-17,1127.173583984375,1337.0,1342.0,1321.0,1329.0,440600
2018-01-18,1106.940185546875,1313.0,1343.0,1311.0,1340.0,388800
2018-01-19,1159.2099609375,1375.0,1375.0,1320.0,1320.0,660700
2018-01-22,1159.2099609375,1375.0,1392.0,1363.0,1376.0,235600
2018-01-23,1162.5823974609375,1379.0,1386.0,1368.0,1383.0,270100
2018-01-24,1157.52392578125,1373.0,1420.0,1361.0,1389.0,897800
2018-01-25,1156.6806640625,1372.0,1385.0,1353.0,1363.0,355700
2018-01-26,1159.2099609375,1375.0,1384.0,1366.0,1366.0,229600
2018-01-29,1158.3670654296875,1374.0,1396.0,1366.0,1385.0,370600
2018-01-30,1133.918212890625,1345.0,1370.0,1339.0,1368.0,350000
2018-01-31,1133.918212890625,1345.0,1355.0,1313.0,1325.0,457400
2018-02-01,1163.4254150390625,1380.0,1381.0,1351.0,1354.0,349500
2018-02-02,1143.1920166015625,1356.0,1386.0,1353.0,1385.0,283700
2018-02-05,1091.7650146484375,1295.0,1315.0,1281.0,1311.0,507000
2018-02-06,1003.2433471679688,1190.0,1231.0,1153.0,1210.0,548300
2018-02-07,997.3421020507812,1183.0,1253.0,1182.0,1232.0,497600
2018-02-08,1004.9295654296876,1192.0,1205.0,1173.0,1179.0,358100
2018-02-09,967.8348999023438,1148.0,1163.0,1140.0,1150.0,332000
2018-02-12,967.8348999023438,1148.0,1148.0,1148.0,1148.0,0
2018-02-13,1059.728759765625,1257.0,1313.0,1250.0,1307.0,1355500
2018-02-14,1026.8494873046875,1218.0,1267.0,1206.0,1260.0,632100
2018-02-15,1022.6339721679688,1213.0,1247.0,1211.0,1218.0,456000
2018-02-16,1037.809326171875,1231.0,1248.0,1219.0,1228.0,449500
2018-02-19,1070.6883544921875,1270.0,1276.0,1236.0,1244.0,431400
2018-02-20,1078.276123046875,1279.0,1283.0,1247.0,1269.0,268000
2018-02-21,1081.6483154296875,1283.0,1300.0,1247.0,1260.0,460900
2018-02-22,1075.7469482421875,1276.0,1284.0,1257.0,1271.0,425500
2018-02-23,1122.9583740234375,1332.0,1335.0,1279.0,1280.0,652500
2018-02-26,1105.254150390625,1311.0,1340.0,1308.0,1339.0,245700
2018-02-27,1111.1556396484375,1318.0,1336.0,1310.0,1327.0,234800
2018-02-28,1095.1373291015625,1299.0,1312.0,1290.0,1305.0,272300
2018-03-01,1071.53173828125,1271.0,1289.0,1269.0,1288.0,218700
2018-03-02,1036.966064453125,1230.0,1264.0,1229.0,1241.0,403600
2018-03-05,997.3421020507812,1183.0,1228.0,1180.0,1221.0,271200
2018-03-06,1031.0645751953125,1223.0,1233.0,1208.0,1213.0,268100
2018-03-07,1008.3019409179688,1196.0,1216.0,1193.0,1215.0,257100
2018-03-08,1001.5574340820312,1188.0,1219.0,1180.0,1216.0,193200
2018-03-09,999.8712158203124,1186.0,1203.0,1175.0,1187.0,236300
2018-03-12,1033.5941162109375,1226.0,1235.0,1206.0,1216.0,330100
2018-03-13,1040.33837890625,1234.0,1236.0,1194.0,1211.0,295400
2018-03-14,1026.8494873046875,1218.0,1222.0,1203.0,1218.0,174700
2018-03-15,1016.732666015625,1206.0,1216.0,1179.0,1216.0,217200
2018-03-16,1006.6156616210938,1194.0,1224.0,1193.0,1222.0,150600
2018-03-19,1002.4006958007812,1189.0,1206.0,1185.0,1190.0,153200
2018-03-20,976.2655639648438,1158.0,1164.0,1151.0,1163.0,241300
2018-03-21,976.2655639648438,1158.0,1158.0,1158.0,1158.0,0
2018-03-22,968.6778564453124,1149.0,1165.0,1143.0,1154.0,201100
2018-03-23,906.2916259765624,1075.0,1099.0,1070.0,1092.0,473500
2018-03-26,913.8790283203124,1084.0,1084.0,1058.0,1066.0,235000
2018-03-27,946.7584228515624,1123.0,1127.0,1091.0,1098.0,200900
2018-03-28,939.1369018554688,1109.0,1110.0,1079.0,1086.0,185200
2018-03-29,933.208984375,1102.0,1128.0,1089.0,1125.0,190100
2018-03-30,948.4520874023438,1120.0,1129.0,1107.0,1117.0,162700
2018-04-02,963.6949462890624,1138.0,1147.0,1124.0,1133.0,208200
2018-04-03,939.9839477539062,1110.0,1121.0,1096.0,1120.0,341300
2018-04-04,944.218017578125,1115.0,1119.0,1106.0,1116.0,191100
2018-04-05,937.4432373046876,1107.0,1123.0,1096.0,1122.0,209200
2018-04-06,909.4979248046876,1074.0,1110.0,1072.0,1105.0,319800
2018-04-09,893.4080810546875,1055.0,1064.0,1042.0,1064.0,248800
2018-04-10,907.8042602539062,1072.0,1073.0,1035.0,1050.0,243500
2018-04-11,936.596435546875,1106.0,1122.0,1093.0,1097.0,305500
2018-04-12,920.5067138671876,1087.0,1103.0,1085.0,1103.0,199600
2018-04-13,942.5243530273438,1113.0,1116.0,1095.0,1095.0,245400
2018-04-16,953.533203125,1126.0,1133.0,1109.0,1115.0,251300
2018-04-17,937.4432373046876,1107.0,1127.0,1103.0,1116.0,240100
2018-04-18,945.91162109375,1117.0,1125.0,1106.0,1107.0,203000
2018-04-19,957.767333984375,1131.0,1140.0,1117.0,1120.0,211400
2018-04-20,942.5243530273438,1113.0,1130.0,1110.0,1130.0,213100
2018-04-23,912.0382690429688,1077.0,1089.0,1040.0,1088.0,944500
2018-04-24,910.3447265625,1075.0,1079.0,1050.0,1074.0,593500
2018-04-25,902.7232055664062,1066.0,1068.0,1040.0,1052.0,454300
2018-04-26,907.8042602539062,1072.0,1088.0,1066.0,1083.0,272800
2018-04-27,892.561279296875,1054.0,1076.0,1050.0,1074.0,587600
2018-04-30,892.561279296875,1054.0,1054.0,1054.0,1054.0,0
2018-05-01,884.9397583007812,1045.0,1054.0,1045.0,1052.0,249300
2018-05-02,886.6333618164062,1047.0,1054.0,1042.0,1046.0,258500
2018-05-03,886.6333618164062,1047.0,1047.0,1047.0,1047.0,0
2018-05-04,886.6333618164062,1047.0,1047.0,1047.0,1047.0,0
2018-05-07,889.1739501953125,1050.0,1052.0,1036.0,1048.0,222200
2018-05-08,904.4169921875,1068.0,1075.0,1047.0,1049.0,302500
2018-05-09,905.2636108398438,1069.0,1078.0,1060.0,1073.0,294900
2018-05-10,896.79541015625,1059.0,1072.0,1056.0,1066.0,273800
2018-05-11,910.3447265625,1075.0,1075.0,1060.0,1060.0,345700
2018-05-14,843.4448852539062,996.0,1061.0,965.0,1060.0,1529700
2018-05-15,881.5523681640625,1041.0,1053.0,1000.0,1000.0,672600
2018-05-16,754.527587890625,891.0,940.0,876.0,937.0,3177200
2018-05-17,771.4642333984375,911.0,926.0,900.0,901.0,1573900
2018-05-18,778.2388305664062,919.0,922.0,913.0,920.0,805500
2018-05-21,777.3920288085938,918.0,923.0,916.0,923.0,507400
2018-05-22,771.4642333984375,911.0,919.0,909.0,919.0,512500
2018-05-23,771.4642333984375,911.0,912.0,898.0,910.0,635000
2018-05-24,758.7616577148438,896.0,910.0,890.0,910.0,542800
2018-05-25,758.7616577148438,896.0,898.0,881.0,892.0,437800
2018-05-28,757.0680541992188,894.0,900.0,884.0,900.0,247300
2018-05-29,746.9061279296875,882.0,892.0,876.0,892.0,262100
2018-05-30,732.5098876953125,865.0,874.0,858.0,868.0,424800
2018-05-31,736.7440185546875,870.0,873.0,863.0,873.0,361000
2018-06-01,727.4288940429688,859.0,867.0,846.0,865.0,768400
2018-06-04,751.1401977539062,887.0,889.0,867.0,867.0,588400
2018-06-05,729.9694213867188,862.0,892.0,861.0,890.0,644400
2018-06-06,735.8972778320312,869.0,884.0,866.0,870.0,478700
2018-06-07,748.599609375,884.0,887.0,875.0,875.0,499800
2018-06-08,743.518798828125,878.0,889.0,873.0,886.0,381900
2018-06-11,750.2932739257812,886.0,893.0,872.0,876.0,426300
2018-06-12,746.0592651367188,881.0,888.0,876.0,888.0,599300
2018-06-13,738.437744140625,872.0,884.0,867.0,884.0,709200
2018-06-14,726.58203125,858.0,874.0,857.0,862.0,548900
2018-06-15,732.5098876953125,865.0,870.0,857.0,866.0,338300
2018-06-18,707.95166015625,836.0,862.0,831.0,859.0,616800
2018-06-19,696.9429931640625,823.0,846.0,821.0,832.0,541700
2018-06-20,700.3302612304688,827.0,830.0,801.0,820.0,675400
2018-06-21,690.1683349609375,815.0,827.0,814.0,820.0,366000
2018-06-22,679.1595458984375,802.0,818.0,798.0,811.0,605100
2018-06-25,666.4569702148438,787.0,812.0,786.0,806.0,631400
2018-06-26,671.5379638671875,793.0,795.0,776.0,782.0,362900
2018-06-27,664.7633056640625,785.0,796.0,776.0,796.0,433200
2018-06-28,662.2227783203125,782.0,794.0,777.0,780.0,365300
2018-06-29,663.0697021484375,783.0,789.0,772.0,785.0,429200
2018-07-02,661.3760375976562,781.0,798.0,779.0,785.0,388000
2018-07-03,657.141845703125,776.0,785.0,768.0,784.0,360600
2018-07-04,646.9798583984375,764.0,770.0,762.0,770.0,351800
2018-07-05,633.4306030273438,748.0,768.0,745.0,765.0,497400
2018-07-06,646.1329956054688,763.0,765.0,746.0,753.0,454300
2018-07-09,668.150634765625,789.0,789.0,770.0,775.0,357900
2018-07-10,672.384765625,794.0,804.0,789.0,798.0,293200
2018-07-11,658.8353881835938,778.0,789.0,775.0,789.0,293200
2018-07-12,655.4481811523438,774.0,778.0,766.0,778.0,284000
2018-07-13,668.150634765625,789.0,792.0,777.0,781.0,240800
2018-07-16,668.150634765625,789.0,789.0,789.0,789.0,0
2018-07-17,667.3038330078125,788.0,797.0,785.0,796.0,233000
2018-07-18,664.7633056640625,785.0,797.0,785.0,790.0,183300
2018-07-19,671.5379638671875,793.0,796.0,781.0,785.0,256100
2018-07-20,666.4569702148438,787.0,797.0,781.0,793.0,321500
2018-07-23,659.6822509765625,779.0,783.0,771.0,780.0,322600
2018-07-24,663.9166259765625,784.0,786.0,779.0,782.0,270600
2018-07-25,666.4569702148438,787.0,795.0,783.0,789.0,342800
2018-07-26,671.5379638671875,793.0,794.0,784.0,790.0,238000
2018-07-27,680.0062255859375,803.0,804.0,793.0,798.0,238400
2018-07-30,685.93408203125,810.0,816.0,802.0,805.0,316700
2018-07-31,686.781005859375,811.0,815.0,805.0,810.0,303600
2018-08-01,686.781005859375,811.0,817.0,806.0,817.0,224200
2018-08-02,678.3126220703125,801.0,817.0,801.0,811.0,388900
2018-08-03,666.4569702148438,787.0,802.0,786.0,798.0,469700
2018-08-06,732.5098876953125,865.0,871.0,837.0,850.0,1495700
2018-08-07,700.3302612304688,827.0,872.0,826.0,865.0,948100
2018-08-08,679.1595458984375,802.0,821.0,800.0,820.0,835900
2018-08-09,664.7633056640625,785.0,798.0,764.0,783.0,1138500
2018-08-10,661.3760375976562,781.0,788.0,772.0,782.0,800700
2018-08-13,636.8178100585938,752.0,779.0,752.0,778.0,609400
2018-08-14,649.5203247070312,767.0,769.0,750.0,754.0,372200
2018-08-15,639.3583374023438,755.0,769.0,750.0,768.0,352000
2018-08-16,637.6647338867188,753.0,759.0,745.0,752.0,412300
2018-08-17,652.060791015625,770.0,773.0,755.0,755.0,262700
2018-08-20,657.141845703125,776.0,781.0,767.0,768.0,327300
2018-08-21,646.9798583984375,764.0,773.0,761.0,773.0,211000
2018-08-22,660.5291137695312,780.0,783.0,763.0,763.0,323200
2018-08-23,672.384765625,794.0,796.0,780.0,785.0,397000
2018-08-24,659.6822509765625,779.0,799.0,773.0,799.0,481800
2018-08-27,669.8441772460938,791.0,794.0,775.0,788.0,366000
2018-08-28,675.7721557617188,798.0,810.0,794.0,798.0,315100
2018-08-29,685.93408203125,810.0,810.0,799.0,800.0,275600
2018-08-30,692.7086791992188,818.0,826.0,808.0,815.0,389700
2018-08-31,696.0960693359375,822.0,829.0,803.0,810.0,495400
2018-09-03,682.5468139648438,806.0,825.0,799.0,825.0,411200
2018-09-04,678.3126220703125,801.0,810.0,800.0,807.0,193700
2018-09-05,673.2316284179688,795.0,805.0,791.0,802.0,466600
2018-09-06,665.6100463867188,786.0,793.0,779.0,790.0,355200
2018-09-07,655.4481811523438,774.0,779.0,766.0,779.0,348400
2018-09-10,641.8988037109375,758.0,767.0,755.0,763.0,497800
2018-09-11,646.1329956054688,763.0,768.0,757.0,767.0,324800
2018-09-12,637.6647338867188,753.0,772.0,750.0,771.0,497400
2018-09-13,641.052001953125,757.0,768.0,754.0,759.0,320500
2018-09-14,655.4481811523438,774.0,780.0,759.0,760.0,402300
2018-09-17,655.4481811523438,774.0,774.0,774.0,774.0,0
2018-09-18,662.2227783203125,782.0,785.0,761.0,775.0,364500
2018-09-19,669.8441772460938,791.0,798.0,789.0,793.0,318600
2018-09-20,669.8441772460938,791.0,803.0,789.0,793.0,351900
2018-09-21,682.5468139648438,806.0,812.0,795.0,795.0,434300
2018-09-24,682.5468139648438,806.0,806.0,806.0,806.0,0
2018-09-25,690.1683349609375,815.0,815.0,803.0,813.0,363600
2018-09-26,699.552490234375,820.0,820.0,806.0,807.0,282800
2018-09-27,685.902587890625,804.0,820.0,801.0,812.0,386200
2018-09-28,683.3433837890625,801.0,812.0,800.0,807.0,354000
2018-10-01,682.490234375,800.0,804.0,793.0,798.0,430300
2018-10-02,683.3433837890625,801.0,820.0,801.0,807.0,338900
2018-10-03,669.693603515625,785.0,803.0,785.0,801.0,508600
2018-10-04,671.3997802734375,787.0,803.0,784.0,791.0,432200
2018-10-05,658.6030883789062,772.0,781.0,771.0,781.0,677500
2018-10-08,658.6030883789062,772.0,772.0,772.0,772.0,0
2018-10-09,641.540771484375,752.0,760.0,751.0,760.0,585800
2018-10-10,644.1001586914062,755.0,763.0,751.0,756.0,463200
2018-10-11,630.4503784179688,739.0,740.0,727.0,740.0,1075400
2018-10-12,640.687744140625,751.0,753.0,742.0,745.0,495600
2018-10-15,634.7158813476562,744.0,752.0,742.0,751.0,540100
2018-10-16,636.422119140625,746.0,748.0,741.0,744.0,360600
2018-10-17,639.8346557617188,750.0,758.0,746.0,752.0,433300
2018-10-18,639.8346557617188,750.0,759.0,749.0,753.0,470200
2018-10-19,621.9192504882812,729.0,743.0,727.0,742.0,778400
2018-10-22,634.7158813476562,744.0,747.0,725.0,731.0,749500
2018-10-23,613.3882446289062,719.0,749.0,715.0,746.0,913400
2018-10-24,606.5631713867188,711.0,723.0,706.0,721.0,544400
2018-10-25,585.2353515625,686.0,696.0,683.0,696.0,917700
2018-10-26,577.5574340820312,677.0,698.0,671.0,696.0,725400
2018-10-29,566.4669189453125,664.0,687.0,664.0,680.0,807200
2018-10-30,580.9698486328125,681.0,683.0,652.0,660.0,881900
2018-10-31,608.2694091796875,713.0,715.0,689.0,690.0,505400
2018-11-01,610.8287963867188,716.0,720.0,707.0,710.0,523100
2018-11-02,624.4786376953125,732.0,734.0,678.0,690.0,1221900
2018-11-05,629.5971069335938,738.0,746.0,727.0,733.0,624600
2018-11-06,635.5690307617188,745.0,757.0,739.0,745.0,531300
2018-11-07,644.9531860351562,756.0,767.0,734.0,743.0,646600
2018-11-08,635.5690307617188,745.0,768.0,743.0,764.0,390400
2018-11-09,624.4786376953125,732.0,741.0,730.0,740.0,366900
2018-11-12,634.7158813476562,744.0,748.0,724.0,727.0,275700
2018-11-13,625.3316650390625,733.0,735.0,716.0,729.0,375800
2018-11-14,619.3598022460938,726.0,738.0,725.0,733.0,222600
2018-11-15,623.6254272460938,731.0,731.0,721.0,723.0,213400
2018-11-16,613.3882446289062,719.0,733.0,717.0,733.0,305900
2018-11-19,619.3598022460938,726.0,731.0,719.0,719.0,205900
2018-11-20,612.5350952148438,718.0,724.0,715.0,719.0,185900
2018-11-21,609.9756469726562,715.0,718.0,704.0,711.0,310000
2018-11-22,606.5631713867188,711.0,719.0,706.0,715.0,273000
2018-11-23,606.5631713867188,711.0,711.0,711.0,711.0,0
2018-11-26,610.8287963867188,716.0,720.0,704.0,715.0,297200
2018-11-27,611.6818237304688,717.0,732.0,716.0,725.0,225800
2018-11-28,599.73828125,703.0,710.0,702.0,710.0,338600
2018-11-29,594.6196899414062,697.0,709.0,696.0,709.0,440900
2018-11-30,598.8851318359375,702.0,704.0,697.0,698.0,253600
2018-12-03,599.73828125,703.0,707.0,692.0,702.0,452500
2018-12-04,588.6477661132812,690.0,701.0,690.0,699.0,387100
2018-12-05,580.1167602539062,680.0,683.0,676.0,682.0,551100
2018-12-06,569.0261840820312,667.0,679.0,657.0,678.0,622800
2018-12-07,565.6138305664062,663.0,673.0,659.0,670.0,412200
2018-12-10,551.9639282226562,647.0,655.0,646.0,653.0,391900
2018-12-11,546.8453979492188,641.0,652.0,632.0,650.0,523600
2018-12-12,547.6985473632812,642.0,654.0,640.0,641.0,314700
2018-12-13,553.6702270507812,649.0,651.0,640.0,641.0,362700
2018-12-14,544.2859497070312,638.0,649.0,637.0,648.0,354500
2018-12-17,540.87353515625,634.0,648.0,634.0,636.0,384800
2018-12-18,530.63623046875,622.0,631.0,620.0,630.0,340400
2018-12-19,528.929931640625,620.0,629.0,617.0,620.0,300300
2018-12-20,510.1615295410156,598.0,620.0,596.0,614.0,484800
2018-12-21,500.7772216796875,587.0,596.0,580.0,590.0,625600
2018-12-24,500.7772216796875,587.0,587.0,587.0,587.0,0
2018-12-25,460.6808776855469,540.0,558.0,537.0,552.0,844900
2018-12-26,487.9804992675781,572.0,573.0,550.0,550.0,531300
2018-12-27,515.2801513671875,604.0,605.0,588.0,601.0,484900
2018-12-28,520.39892578125,610.0,621.0,594.0,594.0,391400
2018-12-31,520.39892578125,610.0,610.0,610.0,610.0,0
2019-01-04,514.427001953125,603.0,605.0,584.0,590.0,360900
2019-01-07,538.3141479492188,631.0,636.0,628.0,631.0,248700
2019-01-08,545.1390380859375,639.0,644.0,630.0,634.0,347000
2019-01-09,541.7265625,635.0,646.0,630.0,640.0,240800
2019-01-10,528.929931640625,620.0,625.0,614.0,620.0,315900
2019-01-11,531.4892578125,623.0,629.0,619.0,620.0,194700
2019-01-15,542.5796508789062,636.0,637.0,619.0,622.0,208400
2019-01-16,543.4329223632812,637.0,643.0,632.0,639.0,223400
2019-01-17,550.2577514648438,645.0,655.0,643.0,644.0,241100
2019-01-18,560.4951171875,657.0,661.0,643.0,645.0,272400
2019-01-21,576.704345703125,676.0,680.0,660.0,665.0,316200
2019-01-22,572.4386596679688,671.0,683.0,670.0,676.0,185200
2019-01-23,569.87939453125,668.0,676.0,657.0,665.0,233800
2019-01-24,578.410400390625,678.0,680.0,662.0,666.0,226200
2019-01-25,592.9134521484375,695.0,697.0,685.0,685.0,328900
2019-01-28,602.2976684570312,706.0,708.0,697.0,698.0,333800
2019-01-29,604.8570556640625,709.0,709.0,694.0,695.0,381900
2019-01-30,596.3258056640625,699.0,712.0,699.0,707.0,396300
2019-01-31,614.2412109375,720.0,721.0,703.0,706.0,424800
2019-02-01,612.5350952148438,718.0,721.0,713.0,718.0,229600
2019-02-04,628.7440795898438,737.0,738.0,718.0,719.0,413300
2019-02-05,637.2752685546875,747.0,747.0,733.0,737.0,410100
2019-02-06,642.3939819335938,753.0,760.0,748.0,750.0,527600
2019-02-07,628.7440795898438,737.0,747.0,726.0,746.0,410400
2019-02-08,632.1565551757812,741.0,747.0,727.0,736.0,602800
2019-02-12,662.8685913085938,777.0,781.0,746.0,756.0,752400
2019-02-13,663.7218017578125,778.0,784.0,769.0,771.0,397900
2019-02-14,651.7781372070312,764.0,783.0,763.0,778.0,347600
2019-02-15,654.3374633789062,767.0,770.0,739.0,751.0,196900
2019-02-18,669.693603515625,785.0,788.0,775.0,785.0,182300
2019-02-19,691.8744506835938,811.0,811.0,789.0,794.0,668400
2019-02-20,691.0213623046875,810.0,814.0,799.0,809.0,555400
2019-02-21,698.6993408203125,819.0,821.0,808.0,810.0,448100
2019-02-22,697.8462524414062,818.0,820.0,804.0,812.0,294500
2019-02-25,702.9649658203125,824.0,826.0,819.0,822.0,228200
2019-02-26,693.5807495117188,813.0,836.0,807.0,828.0,441200
2019-02-27,697.8462524414062,818.0,823.0,811.0,813.0,287500
2019-02-28,665.4278564453125,780.0,813.0,780.0,808.0,683300
2019-03-01,676.5184936523438,793.0,801.0,786.0,787.0,347400
2019-03-04,698.6993408203125,819.0,828.0,807.0,807.0,466000
2019-03-05,696.14013671875,816.0,822.0,807.0,815.0,261800
2019-03-06,690.1683349609375,809.0,820.0,804.0,807.0,291900
2019-03-07,673.9591064453125,790.0,810.0,786.0,809.0,272300
2019-03-08,638.9815063476562,749.0,775.0,739.0,775.0,524900
2019-03-11,628.7440795898438,737.0,757.0,733.0,753.0,251400
2019-03-12,629.5971069335938,738.0,754.0,736.0,749.0,221300
2019-03-13,621.0662231445312,728.0,748.0,727.0,736.0,213800
2019-03-14,608.2694091796875,713.0,740.0,711.0,736.0,246700
2019-03-15,602.2976684570312,706.0,720.0,704.0,709.0,415800
2019-03-18,610.8287963867188,716.0,720.0,706.0,712.0,171200
2019-03-19,627.0379638671875,735.0,738.0,720.0,726.0,196900
2019-03-20,630.4503784179688,739.0,741.0,729.0,737.0,269700
2019-03-22,637.2752685546875,747.0,749.0,737.0,739.0,133400
2019-03-25,631.303466796875,740.0,742.0,724.0,736.0,171500
2019-03-26,651.7781372070312,764.0,769.0,753.0,756.0,192500
2019-03-27,664.7103271484375,771.0,779.0,768.0,772.0,140400
2019-03-28,657.8131713867188,763.0,769.0,759.0,764.0,114900
2019-03-29,658.67529296875,764.0,778.0,758.0,768.0,222500
2019-04-01,673.3317260742188,781.0,785.0,774.0,776.0,229900
2019-04-02,680.2288208007812,789.0,805.0,786.0,799.0,133000
2019-04-03,693.160888671875,804.0,805.0,786.0,789.0,204000
2019-04-04,693.160888671875,804.0,823.0,802.0,806.0,233300
2019-04-05,694.88525390625,806.0,812.0,800.0,803.0,171200
2019-04-08,677.6423950195312,786.0,806.0,785.0,805.0,178800
2019-04-09,674.19384765625,782.0,790.0,773.0,773.0,177400
2019-04-10,681.091064453125,790.0,794.0,776.0,790.0,199800
2019-04-11,675.0560302734375,783.0,788.0,778.0,785.0,59200
2019-04-12,669.0210571289062,776.0,794.0,775.0,794.0,151200
2019-04-15,693.160888671875,804.0,807.0,796.0,797.0,247300
2019-04-16,690.5745849609375,801.0,809.0,798.0,804.0,159600
2019-04-17,694.88525390625,806.0,815.0,797.0,798.0,213300
2019-04-18,688.8502197265625,799.0,810.0,796.0,807.0,221600
2019-04-19,701.7824096679688,814.0,814.0,802.0,802.0,190500
2019-04-22,689.7124633789062,800.0,814.0,794.0,814.0,241600
2019-04-23,686.2637939453125,796.0,804.0,789.0,799.0,186900
2019-04-24,682.8153076171875,792.0,804.0,791.0,800.0,123800
2019-04-25,686.2637939453125,796.0,799.0,783.0,790.0,138600
2019-04-26,678.5045776367188,787.0,791.0,775.0,791.0,227200
2019-05-07,662.986083984375,769.0,782.0,768.0,776.0,249000
2019-05-08,662.1239013671875,768.0,775.0,753.0,758.0,355000
2019-05-09,636.2597045898438,738.0,760.0,733.0,755.0,258500
2019-05-10,644.8811645507812,748.0,766.0,736.0,736.0,347700
2019-05-13,633.6732177734375,735.0,750.0,735.0,745.0,203800
2019-05-14,622.4653930664062,722.0,724.0,705.0,705.0,274200
2019-05-15,631.0868530273438,732.0,744.0,725.0,725.0,317600
2019-05-16,537.9757080078125,624.0,662.0,614.0,659.0,1253600
2019-05-17,560.3912963867188,650.0,651.0,630.0,630.0,548900
2019-05-20,556.0806274414062,645.0,660.0,645.0,655.0,508100
2019-05-21,560.3912963867188,650.0,657.0,635.0,646.0,358600
2019-05-22,564.7020263671875,655.0,662.0,645.0,646.0,206700
2019-05-23,554.3563232421875,643.0,647.0,632.0,646.0,290800
2019-05-24,559.5291748046875,649.0,652.0,634.0,638.0,228000
2019-05-27,563.8399047851562,654.0,662.0,653.0,656.0,251200
2019-05-28,578.4962158203125,671.0,675.0,650.0,652.0,402700
2019-05-29,565.5642700195312,656.0,669.0,648.0,661.0,312100
2019-05-30,562.9777221679688,653.0,655.0,644.0,646.0,230700
2019-05-31,557.804931640625,647.0,656.0,639.0,656.0,304900
2019-06-03,542.2863159179688,629.0,638.0,628.0,632.0,169000
2019-06-04,536.2514038085938,622.0,629.0,609.0,629.0,376200
2019-06-05,544.8726806640625,632.0,637.0,623.0,629.0,320600
2019-06-06,535.3892211914062,621.0,635.0,621.0,629.0,329300
2019-06-07,541.4242553710938,628.0,630.0,614.0,623.0,185400
2019-06-10,556.9427490234375,646.0,649.0,635.0,639.0,292500
2019-06-11,564.7020263671875,655.0,655.0,648.0,649.0,210600
2019-06-12,562.9777221679688,653.0,661.0,652.0,658.0,215700
2019-06-13,548.3213500976562,636.0,645.0,632.0,643.0,220800
2019-06-14,545.7349243164062,633.0,639.0,628.0,631.0,202800
2019-06-17,537.9757080078125,624.0,629.0,618.0,625.0,198700
2019-06-18,527.6300048828125,612.0,630.0,610.0,630.0,198400
2019-06-19,545.7349243164062,633.0,637.0,625.0,625.0,195500
2019-06-20,555.218505859375,644.0,645.0,631.0,639.0,121300
2019-06-21,559.5291748046875,649.0,651.0,641.0,647.0,204100
2019-06-24,556.9427490234375,646.0,656.0,645.0,651.0,177800
2019-06-25,556.9427490234375,646.0,656.0,643.0,645.0,139000
2019-06-26,555.218505859375,644.0,654.0,641.0,644.0,195400
2019-06-27,563.8399047851562,654.0,656.0,646.0,653.0,252300
2019-06-28,566.42626953125,657.0,662.0,655.0,658.0,184300
2019-07-01,587.11767578125,681.0,683.0,665.0,670.0,249400
2019-07-02,600.0498657226562,696.0,696.0,671.0,678.0,170000
2019-07-03,599.1876831054688,695.0,698.0,686.0,693.0,246700
2019-07-04,600.9118041992188,697.0,700.0,687.0,700.0,104800
2019-07-05,600.9118041992188,697.0,699.0,687.0,699.0,157800
2019-07-08,594.0147094726562,689.0,694.0,683.0,688.0,157000
2019-07-09,580.2205810546875,673.0,690.0,670.0,689.0,220400
2019-07-10,584.5311889648438,678.0,680.0,663.0,670.0,237800
2019-07-11,583.6691284179688,677.0,681.0,669.0,679.0,105600
2019-07-12,575.0476684570312,667.0,680.0,665.0,680.0,147300
2019-07-16,570.7371215820312,662.0,668.0,652.0,662.0,225200
2019-07-17,567.288330078125,658.0,664.0,652.0,663.0,141000
2019-07-18,553.494140625,642.0,655.0,639.0,655.0,159900
2019-07-19,561.25341796875,651.0,653.0,640.0,642.0,224900
2019-07-22,564.7020263671875,655.0,661.0,650.0,655.0,110200
2019-07-23,591.428466796875,686.0,686.0,654.0,661.0,299200
2019-07-24,601.7739868164062,698.0,703.0,682.0,686.0,296200
2019-07-25,599.1876831054688,695.0,702.0,689.0,699.0,170000
2019-07-26,580.2205810546875,673.0,688.0,671.0,688.0,174000
2019-07-29,578.4962158203125,671.0,676.0,661.0,668.0,130900
2019-07-30,589.7039794921875,684.0,691.0,670.0,673.0,186200
2019-07-31,581.0827026367188,674.0,684.0,672.0,681.0,164200
2019-08-01,566.42626953125,657.0,663.0,634.0,644.0,246600
2019-08-02,531.9407348632812,617.0,642.0,612.0,642.0,439400
2019-08-05,516.422119140625,599.0,613.0,594.0,613.0,288100
2019-08-06,514.6979370117188,597.0,599.0,581.0,589.0,186700
2019-08-07,507.8007507324219,589.0,599.0,588.0,593.0,175600
2019-08-08,512.1114501953125,594.0,602.0,587.0,592.0,179700
2019-08-09,519.0086669921875,602.0,608.0,595.0,601.0,191500
2019-08-13,512.9735107421875,595.0,597.0,589.0,592.0,187000
2019-08-14,514.6979370117188,597.0,609.0,594.0,604.0,107100
2019-08-15,506.9386596679688,588.0,590.0,581.0,585.0,105800
2019-08-16,509.5250854492188,591.0,595.0,587.0,588.0,138300
2019-08-19,518.1463623046875,601.0,607.0,597.0,599.0,240200
2019-08-20,524.1813354492188,608.0,609.0,601.0,604.0,151500
2019-08-21,513.835693359375,596.0,606.0,593.0,601.0,127700
2019-08-22,515.56005859375,598.0,608.0,593.0,603.0,169000
2019-08-23,517.2843017578125,600.0,602.0,594.0,599.0,91300
2019-08-26,500.0414123535156,580.0,590.0,577.0,590.0,232000
2019-08-27,511.249267578125,593.0,598.0,584.0,589.0,122900
2019-08-28,509.5250854492188,591.0,600.0,590.0,598.0,97000
2019-08-29,501.7657165527344,582.0,597.0,579.0,596.0,106800
2019-08-30,517.2843017578125,600.0,601.0,588.0,588.0,111000
2019-09-02,516.422119140625,599.0,601.0,591.0,594.0,70000
2019-09-03,513.835693359375,596.0,601.0,595.0,600.0,79400
2019-09-04,504.3521118164063,585.0,594.0,585.0,594.0,84600
2019-09-05,524.1813354492188,608.0,609.0,593.0,593.0,249500
2019-09-06,527.6300048828125,612.0,614.0,598.0,610.0,205700
2019-09-09,542.2863159179688,629.0,629.0,616.0,616.0,158900
2019-09-10,556.0806274414062,645.0,648.0,638.0,639.0,227100
2019-09-11,572.4613037109375,664.0,666.0,647.0,648.0,248200
2019-09-12,572.4613037109375,664.0,677.0,662.0,671.0,212900
2019-09-13,569.0126953125,660.0,665.0,648.0,665.0,246900
2019-09-17,569.8748168945312,661.0,665.0,650.0,655.0,198200
2019-09-18,555.218505859375,644.0,663.0,641.0,663.0,186400
2019-09-19,556.9427490234375,646.0,653.0,644.0,644.0,138000
2019-09-20,540.5620727539062,627.0,635.0,626.0,632.0,213700
2019-09-24,540.5620727539062,627.0,638.0,627.0,627.0,121800
2019-09-25,541.4242553710938,628.0,629.0,619.0,624.0,105200
2019-09-26,547.459228515625,635.0,649.0,634.0,638.0,195000
2019-09-27,542.2536010742188,625.0,637.0,620.0,637.0,113500
2019-09-30,534.4450073242188,616.0,624.0,615.0,619.0,92000
2019-10-01,550.9297485351562,635.0,637.0,618.0,618.0,126800
2019-10-02,544.8563842773438,628.0,633.0,624.0,632.0,87500
2019-10-03,533.5775756835938,615.0,618.0,608.0,615.0,94100
2019-10-04,535.3126831054688,617.0,617.0,609.0,610.0,48600
2019-10-07,527.5042114257812,608.0,614.0,602.0,614.0,140300
2019-10-08,537.9154663085938,620.0,622.0,611.0,611.0,110600
2019-10-09,537.0479736328125,619.0,621.0,615.0,617.0,73500
2019-10-10,532.7098999023438,614.0,622.0,606.0,620.0,75400
2019-10-11,542.2536010742188,625.0,627.0,616.0,618.0,107600
2019-10-15,555.2677001953125,640.0,643.0,635.0,635.0,109500
2019-10-16,561.3410034179688,647.0,662.0,644.0,650.0,162500
2019-10-17,554.4000854492188,639.0,650.0,639.0,650.0,76500
2019-10-18,563.0761108398438,649.0,658.0,644.0,644.0,139900
2019-10-21,568.2817993164062,655.0,661.0,650.0,653.0,113400
2019-10-23,576.9578247070312,665.0,665.0,654.0,661.0,151300
2019-10-24,579.5607299804688,668.0,670.0,659.0,670.0,98800
2019-10-25,583.0310668945312,672.0,674.0,663.0,668.0,165800
2019-10-28,593.4423217773438,684.0,685.0,675.0,679.0,105300
2019-10-29,598.64794921875,690.0,695.0,686.0,686.0,149100
2019-10-30,599.5155029296875,691.0,693.0,684.0,690.0,217900
2019-10-31,589.1041259765625,679.0,695.0,677.0,695.0,126000
2019-11-01,567.4141235351562,654.0,673.0,653.0,669.0,173500
2019-11-05,583.8986206054688,673.0,675.0,666.0,673.0,135300
2019-11-06,571.752197265625,659.0,671.0,657.0,666.0,150500
2019-11-07,566.5464477539062,653.0,662.0,649.0,662.0,141700
2019-11-08,572.6198120117188,660.0,663.0,652.0,663.0,185700
2019-11-11,577.8253784179688,666.0,676.0,663.0,667.0,110700
2019-11-12,577.8253784179688,666.0,670.0,662.0,670.0,128300
2019-11-13,576.9578247070312,665.0,673.0,663.0,666.0,167700
2019-11-14,572.6198120117188,660.0,668.0,658.0,665.0,251500
2019-11-15,578.6930541992188,667.0,667.0,657.0,660.0,104800
2019-11-18,588.2367553710938,678.0,686.0,674.0,676.0,170400
2019-11-19,576.090087890625,664.0,675.0,663.0,675.0,68200
2019-11-20,562.20849609375,648.0,658.0,642.0,656.0,175000
2019-11-21,553.5324096679688,638.0,642.0,630.0,641.0,140700
2019-11-22,562.20849609375,648.0,650.0,640.0,640.0,107700
2019-11-25,563.9436645507812,650.0,654.0,648.0,650.0,107300
2019-11-26,567.4141235351562,654.0,665.0,652.0,659.0,164600
2019-11-27,570.884521484375,658.0,661.0,649.0,661.0,82800
2019-11-28,565.6790161132812,652.0,656.0,648.0,653.0,101500
2019-11-29,564.811279296875,651.0,652.0,646.0,652.0,85100
2019-12-02,569.1492919921875,656.0,659.0,651.0,651.0,134800
2019-12-03,570.0169677734375,657.0,657.0,646.0,648.0,86800
2019-12-04,575.22265625,663.0,664.0,650.0,651.0,130900
2019-12-05,580.4281616210938,669.0,673.0,663.0,667.0,115100
2019-12-06,581.2957763671875,670.0,674.0,669.0,674.0,179800
2019-12-09,583.8986206054688,673.0,678.0,665.0,675.0,121800
2019-12-10,579.5607299804688,668.0,671.0,661.0,668.0,110700
2019-12-11,574.3550415039062,662.0,669.0,661.0,668.0,90300
2019-12-12,572.6198120117188,660.0,665.0,656.0,662.0,94100
2019-12-13,579.5607299804688,668.0,679.0,666.0,674.0,245100
2019-12-16,578.6930541992188,667.0,670.0,663.0,669.0,69700
2019-12-17,579.5607299804688,668.0,671.0,665.0,669.0,129300
2019-12-18,574.3550415039062,662.0,668.0,659.0,668.0,142900
2019-12-19,572.6198120117188,660.0,664.0,658.0,660.0,85400
2019-12-20,570.0169677734375,657.0,665.0,656.0,664.0,111400
2019-12-23,562.20849609375,648.0,657.0,647.0,655.0,103300
2019-12-24,563.0761108398438,649.0,654.0,648.0,648.0,117100
2019-12-25,553.5324096679688,638.0,646.0,636.0,646.0,118000
2019-12-26,558.7380981445312,644.0,645.0,638.0,638.0,172400
2019-12-27,564.811279296875,651.0,653.0,646.0,649.0,91500
2019-12-30,559.605712890625,645.0,650.0,644.0,650.0,69900
2020-01-06,554.4000854492188,639.0,643.0,633.0,643.0,125000
2020-01-07,563.9436645507812,650.0,650.0,641.0,641.0,61700
2020-01-08,554.4000854492188,639.0,644.0,636.0,640.0,109900
2020-01-09,561.3410034179688,647.0,653.0,647.0,647.0,114900
2020-01-10,559.605712890625,645.0,653.0,645.0,651.0,55200
2020-01-14,551.7972412109375,636.0,647.0,633.0,646.0,74200
2020-01-15,550.06201171875,634.0,635.0,630.0,635.0,93100
2020-01-16,544.8563842773438,628.0,642.0,628.0,640.0,87500
2020-01-17,550.9297485351562,635.0,636.0,629.0,633.0,69800
2020-01-20,560.4732666015625,646.0,649.0,634.0,634.0,74300
2020-01-21,557.8704223632812,643.0,650.0,641.0,650.0,43800
2020-01-22,559.605712890625,645.0,650.0,638.0,638.0,60900
2020-01-23,544.8563842773438,628.0,639.0,626.0,639.0,107200
2020-01-24,543.98876953125,627.0,632.0,626.0,632.0,123200
2020-01-27,530.1071166992188,611.0,620.0,606.0,620.0,144100
2020-01-28,530.1071166992188,611.0,614.0,600.0,604.0,118300
2020-01-29,527.5042114257812,608.0,612.0,607.0,610.0,74500
2020-01-30,524.9014282226562,605.0,607.0,600.0,604.0,97200
2020-01-31,525.76904296875,606.0,612.0,604.0,605.0,75100
2020-02-03,511.8873291015625,590.0,595.0,588.0,593.0,219900
2020-02-04,511.8873291015625,590.0,592.0,585.0,587.0,148700
2020-02-05,523.166259765625,603.0,607.0,598.0,600.0,132200
2020-02-06,534.4450073242188,616.0,621.0,610.0,610.0,114800
2020-02-07,529.2393798828125,610.0,620.0,606.0,620.0,94000
2020-02-10,523.166259765625,603.0,607.0,602.0,606.0,89700
2020-02-12,522.2987060546875,602.0,605.0,598.0,603.0,86600
2020-02-13,516.2254028320312,595.0,603.0,595.0,600.0,131700
2020-02-14,511.8873291015625,590.0,591.0,585.0,591.0,97500
2020-02-17,507.54931640625,585.0,589.0,578.0,586.0,136400
2020-02-18,498.8732299804688,575.0,583.0,573.0,583.0,106300
2020-02-19,498.0056762695313,574.0,579.0,572.0,579.0,88200
2020-02-20,495.4028625488281,571.0,580.0,571.0,574.0,152600
2020-02-21,498.0056762695313,574.0,581.0,571.0,572.0,103200
2020-02-25,481.5211791992188,555.0,560.0,551.0,556.0,235000
2020-02-26,483.2563781738281,557.0,558.0,545.0,553.0,213200
2020-02-27,471.9775695800781,544.0,552.0,543.0,551.0,193000
2020-02-28,457.2281494140625,527.0,539.0,525.0,537.0,242700
2020-03-02,463.3014221191406,534.0,545.0,517.0,517.0,198900
2020-03-03,449.4197692871094,518.0,543.0,517.0,535.0,192100
2020-03-04,445.0817260742188,513.0,522.0,510.0,513.0,150000
2020-03-05,447.6845703125,516.0,522.0,513.0,520.0,110100
2020-03-06,430.3324279785156,496.0,511.0,496.0,510.0,290900
2020-03-09,402.5690307617188,464.0,482.0,460.0,480.0,190900
2020-03-10,411.2451171875,474.0,478.0,439.0,448.0,254600
2020-03-11,397.3634338378906,458.0,482.0,457.0,466.0,215800
2020-03-12,383.4817199707031,442.0,457.0,437.0,442.0,239200
2020-03-13,365.261962890625,421.0,428.0,406.0,415.0,344500
2020-03-16,362.6591491699219,418.0,438.0,417.0,427.0,241600
2020-03-17,399.9662170410156,461.0,468.0,403.0,405.0,367000
2020-03-18,391.2901611328125,451.0,474.0,450.0,463.0,282000
2020-03-19,373.9380187988281,431.0,455.0,412.0,453.0,533100
2020-03-23,386.9521789550781,446.0,449.0,419.0,426.0,261900
2020-03-24,397.3634338378906,458.0,458.0,441.0,450.0,238100
2020-03-25,418.1859436035156,482.0,485.0,459.0,469.0,257200
2020-03-26,406.9070739746094,469.0,481.0,448.0,481.0,441900
2020-03-27,425.1268005371094,490.0,490.0,462.0,485.0,362600
2020-03-30,418.978271484375,477.0,480.0,458.0,480.0,200600
2020-03-31,406.6811828613281,463.0,483.0,460.0,477.0,148300
2020-04-01,404.0460815429688,460.0,478.0,453.0,463.0,217700
2020-04-02,389.9923095703125,444.0,454.0,442.0,450.0,126500
2020-04-03,390.8706970214844,445.0,478.0,441.0,466.0,105700
2020-04-06,407.5595703125,464.0,466.0,440.0,448.0,111900
2020-04-07,411.9513549804688,469.0,472.0,451.0,468.0,153100
2020-04-08,409.3163146972656,466.0,473.0,460.0,473.0,196100
2020-04-09,418.0998840332031,476.0,478.0,460.0,466.0,116300
2020-04-10,433.9103698730469,494.0,494.0,474.0,479.0,141100
2020-04-13,410.1946411132813,467.0,487.0,467.0,486.0,134000
2020-04-14,411.0730285644531,468.0,475.0,462.0,466.0,143400
2020-04-15,389.9923095703125,444.0,470.0,440.0,469.0,203800
2020-04-16,412.8297424316406,470.0,472.0,443.0,445.0,131600
2020-04-17,411.9513549804688,469.0,482.0,464.0,469.0,108200
2020-04-20,405.8028259277344,462.0,469.0,462.0,466.0,67800
2020-04-21,405.8028259277344,462.0,467.0,454.0,459.0,89100
2020-04-22,401.4110412597656,457.0,460.0,452.0,458.0,104700
2020-04-23,412.8297424316406,470.0,474.0,453.0,457.0,155100
2020-04-24,410.1946411132813,467.0,472.0,464.0,472.0,87100
2020-04-27,421.6133728027344,480.0,482.0,471.0,480.0,102400
2020-04-28,420.7349853515625,479.0,482.0,474.0,482.0,89000
2020-04-30,424.24847412109375,483.0,496.0,483.0,485.0,136300
2020-05-01,408.43792724609375,465.0,480.0,463.0,475.0,104300
2020-05-07,414.5864562988281,472.0,473.0,462.0,462.0,76600
2020-05-08,429.5185241699219,489.0,490.0,476.0,478.0,95500
2020-05-11,441.8156433105469,503.0,503.0,488.0,489.0,141600
2020-05-12,437.423828125,498.0,502.0,495.0,501.0,59100
2020-05-13,429.5185241699219,489.0,491.0,483.0,485.0,84100
2020-05-14,414.5864562988281,472.0,488.0,471.0,488.0,97100
2020-05-15,407.5595703125,464.0,482.0,462.0,474.0,124000
2020-05-18,404.9244995117188,461.0,463.0,453.0,456.0,84700
2020-05-19,419.856689453125,478.0,478.0,471.0,472.0,91900
2020-05-20,412.8297424316406,470.0,480.0,467.0,480.0,112000
2020-05-21,416.34320068359375,474.0,477.0,470.0,472.0,58000
2020-05-22,411.0730285644531,468.0,476.0,465.0,476.0,72400
2020-05-25,418.0998840332031,476.0,476.0,469.0,474.0,52300
2020-05-26,445.3290710449219,507.0,510.0,479.0,484.0,208300
2020-05-27,459.3829345703125,523.0,529.0,508.0,510.0,134700
2020-05-28,469.0448303222656,534.0,537.0,521.0,528.0,158900
2020-05-29,448.842529296875,511.0,532.0,509.0,530.0,146100
2020-06-01,443.5723571777344,505.0,514.0,501.0,508.0,99100
2020-06-02,447.9641418457031,510.0,514.0,505.0,505.0,58400
2020-06-03,455.8694152832031,519.0,522.0,512.0,519.0,60000
2020-06-04,454.11273193359375,517.0,526.0,514.0,526.0,82600
2020-06-05,461.1396179199219,525.0,525.0,513.0,517.0,48900
2020-06-08,475.1933898925781,541.0,541.0,529.0,535.0,91400
2020-06-09,465.5314025878906,530.0,543.0,527.0,543.0,90400
2020-06-10,478.7068786621094,545.0,547.0,524.0,526.0,118000
2020-06-11,447.0858154296875,509.0,536.0,509.0,535.0,128700
2020-06-12,438.30224609375,499.0,508.0,485.0,488.0,133000
2020-06-15,432.1536865234375,492.0,508.0,492.0,494.0,71100
2020-06-16,454.9910888671875,518.0,518.0,500.0,500.0,76400
2020-06-17,446.20745849609375,508.0,520.0,506.0,520.0,143700
2020-06-18,443.5723571777344,505.0,507.0,496.0,503.0,76100
2020-06-19,435.6671142578125,496.0,507.0,496.0,505.0,85800
2020-06-22,442.6940307617188,504.0,505.0,493.0,496.0,45300
2020-06-23,440.0589599609375,501.0,509.0,499.0,509.0,51200
2020-06-24,437.423828125,498.0,505.0,496.0,502.0,50900
2020-06-25,432.1536865234375,492.0,498.0,490.0,497.0,75600
2020-06-26,441.8156433105469,503.0,504.0,496.0,500.0,103600
2020-06-29,436.5454711914063,497.0,505.0,496.0,505.0,96300
2020-06-30,430.3969421386719,490.0,505.0,490.0,505.0,78500
2020-07-01,427.7619018554688,487.0,498.0,486.0,493.0,74500
2020-07-02,433.031982421875,493.0,494.0,482.0,488.0,110700
2020-07-03,434.7887878417969,495.0,500.0,481.0,500.0,126200
2020-07-06,439.1805419921875,500.0,507.0,491.0,495.0,130100
2020-07-07,426.0051574707031,485.0,503.0,472.0,503.0,186900
2020-07-08,413.7080993652344,471.0,485.0,470.0,482.0,144300
2020-07-09,407.5595703125,464.0,473.0,464.0,471.0,96900
2020-07-10,394.3841552734375,449.0,462.0,446.0,462.0,192800
2020-07-13,407.5595703125,464.0,466.0,445.0,456.0,193900
2020-07-14,405.8028259277344,462.0,475.0,458.0,464.0,119600
2020-07-15,417.2215576171875,475.0,480.0,468.0,468.0,128000
2020-07-16,420.7349853515625,479.0,482.0,472.0,475.0,102300
2020-07-17,410.1946411132813,467.0,482.0,463.0,482.0,94100
2020-07-20,424.24847412109375,483.0,483.0,463.0,470.0,110900
2020-07-21,427.7619018554688,487.0,490.0,475.0,482.0,157100
2020-07-22,421.6133728027344,480.0,488.0,478.0,487.0,131100
2020-07-27,424.24847412109375,483.0,484.0,470.0,475.0,141000
2020-07-28,420.7349853515625,479.0,485.0,475.0,485.0,84300
2020-07-29,409.3163146972656,466.0,475.0,461.0,475.0,118600
2020-07-30,409.3163146972656,466.0,471.0,462.0,468.0,117400
2020-07-31,390.8706970214844,445.0,461.0,445.0,461.0,133300
2020-08-03,433.031982421875,493.0,515.0,464.0,465.0,323700
2020-08-04,445.3290710449219,507.0,508.0,485.0,485.0,203700
2020-08-05,429.5185241699219,489.0,503.0,489.0,498.0,178800
2020-08-06,431.27532958984375,491.0,494.0,482.0,485.0,129100
2020-08-07,419.856689453125,478.0,491.0,476.0,491.0,105000
2020-08-11,438.30224609375,499.0,499.0,478.0,478.0,105900
2020-08-12,450.5992431640625,513.0,514.0,499.0,500.0,133300
2020-08-13,451.4776306152344,514.0,519.0,505.0,514.0,98300
2020-08-14,441.8156433105469,503.0,508.0,500.0,508.0,56900
2020-08-17,430.3969421386719,490.0,502.0,490.0,502.0,75100
2020-08-18,422.49169921875,481.0,491.0,478.0,491.0,116100
2020-08-19,418.978271484375,477.0,481.0,467.0,481.0,70500
2020-08-20,411.0730285644531,468.0,481.0,464.0,473.0,131500
2020-08-21,419.856689453125,478.0,485.0,473.0,474.0,92900
2020-08-24,425.1267700195313,484.0,486.0,475.0,485.0,59300
2020-08-25,428.6402282714844,488.0,493.0,485.0,488.0,58900
2020-08-26,427.7619018554688,487.0,491.0,483.0,491.0,85200
2020-08-27,433.031982421875,493.0,493.0,480.0,487.0,66500
2020-08-28,426.8835144042969,486.0,495.0,481.0,494.0,134500
2020-08-31,435.6671142578125,496.0,499.0,486.0,486.0,83600
2020-09-01,430.3969421386719,490.0,497.0,488.0,492.0,68200
2020-09-02,443.5723571777344,505.0,507.0,491.0,492.0,131500
2020-09-03,441.8156433105469,503.0,514.0,501.0,508.0,93800
2020-09-04,435.6671142578125,496.0,501.0,495.0,501.0,69900
2020-09-07,447.0858154296875,509.0,514.0,493.0,496.0,114100
2020-09-08,455.8694152832031,519.0,519.0,504.0,509.0,100400
2020-09-09,444.4507141113281,506.0,509.0,502.0,509.0,119500
2020-09-10,448.842529296875,511.0,517.0,505.0,506.0,68200
2020-09-11,454.11273193359375,517.0,525.0,511.0,518.0,159700
2020-09-14,465.5314025878906,530.0,536.0,522.0,525.0,145400
2020-09-15,461.1396179199219,525.0,532.0,520.0,530.0,109200
2020-09-16,461.1396179199219,525.0,530.0,522.0,525.0,78200
2020-09-17,467.2881164550781,532.0,534.0,524.0,525.0,96400
2020-09-18,471.6799621582031,537.0,538.0,531.0,536.0,98400
2020-09-23,450.5992431640625,513.0,531.0,508.0,531.0,212000
2020-09-24,446.20745849609375,508.0,510.0,505.0,510.0,93400
2020-09-25,446.20745849609375,508.0,516.0,508.0,511.0,146800
2020-09-28,452.35595703125,515.0,516.0,506.0,513.0,239800
2020-09-29,448.8219299316406,508.0,513.0,503.0,513.0,165800
2020-09-30,430.2682800292969,487.0,507.0,487.0,504.0,185100
2020-10-02,426.7342834472656,483.0,496.0,482.0,492.0,179900
2020-10-05,443.5208740234375,502.0,502.0,483.0,491.0,171100
2020-10-06,447.9384460449219,507.0,510.0,501.0,506.0,85700
2020-10-07,443.5208740234375,502.0,507.0,498.0,503.0,47100
2020-10-08,446.1714172363281,505.0,509.0,501.0,503.0,111700
2020-10-09,438.2198486328125,496.0,507.0,494.0,507.0,59100
2020-10-12,435.5693054199219,493.0,499.0,486.0,499.0,105800
2020-10-13,435.5693054199219,493.0,500.0,490.0,497.0,74800
2020-10-14,432.0352478027344,489.0,490.0,483.0,490.0,99700
2020-10-15,430.2682800292969,487.0,494.0,485.0,489.0,84500
2020-10-16,427.6177368164063,484.0,489.0,484.0,488.0,79000
2020-10-19,432.9187927246094,490.0,490.0,483.0,485.0,107800
2020-10-20,424.0837707519531,480.0,487.0,479.0,483.0,141500
2020-10-21,424.0837707519531,480.0,485.0,476.0,476.0,165200
2020-10-22,422.3167724609375,478.0,484.0,475.0,478.0,247500
2020-10-23,428.5012512207031,485.0,487.0,477.0,479.0,107100
2020-10-26,437.33636474609375,495.0,498.0,488.0,489.0,162100
2020-10-27,437.33636474609375,495.0,498.0,489.0,495.0,156100
2020-10-28,421.4332275390625,477.0,488.0,473.0,487.0,130600
2020-10-29,427.6177368164063,484.0,484.0,474.0,478.0,133400
2020-10-30,422.3167724609375,478.0,484.0,475.0,484.0,133100
2020-11-02,424.0837707519531,480.0,490.0,478.0,480.0,168300
2020-11-04,417.01568603515625,472.0,483.0,472.0,481.0,195200
2020-11-05,411.7146301269531,466.0,476.0,465.0,475.0,341000
2020-11-06,426.7342834472656,483.0,484.0,466.0,470.0,173100
2020-11-09,403.7630310058594,457.0,462.0,446.0,461.0,348600
2020-11-10,418.78271484375,474.0,482.0,464.0,473.0,303800
2020-11-11,417.01568603515625,472.0,485.0,469.0,482.0,270400
2020-11-12,413.4816589355469,468.0,473.0,462.0,473.0,179000
2020-11-13,400.2290344238281,453.0,464.0,450.0,464.0,274000
2020-11-16,400.2290344238281,453.0,457.0,450.0,457.0,263600
2020-11-17,397.5784912109375,450.0,454.0,450.0,453.0,245700
2020-11-18,400.2290344238281,453.0,453.0,442.0,450.0,392000
2020-11-19,388.743408203125,440.0,451.0,438.0,450.0,468000
2020-11-20,391.3939514160156,443.0,446.0,434.0,439.0,184300
2020-11-24,388.743408203125,440.0,445.0,433.0,435.0,402200
2020-11-25,381.6754150390625,432.0,448.0,432.0,445.0,380200
2020-11-26,385.20941162109375,436.0,436.0,431.0,434.0,376800
2020-11-27,389.6269226074219,441.0,446.0,436.0,437.0,352200
2020-11-30,374.6072998046875,424.0,442.0,413.0,442.0,1599000
2020-12-01,382.5588684082031,433.0,438.0,418.0,418.0,390700
2020-12-02,381.6754150390625,432.0,438.0,430.0,437.0,257200
2020-12-03,379.9083557128906,430.0,433.0,427.0,433.0,222800
2020-12-04,380.7918090820313,431.0,434.0,427.0,431.0,254800
2020-12-07,381.6754150390625,432.0,437.0,429.0,435.0,309200
2020-12-08,378.1412963867188,428.0,433.0,425.0,429.0,209400
2020-12-09,380.7918090820313,431.0,431.0,422.0,425.0,368900
2020-12-10,377.2578125,427.0,433.0,427.0,431.0,251700
2020-12-11,380.7918090820313,431.0,432.0,424.0,426.0,223300
2020-12-14,392.27740478515625,444.0,447.0,431.0,433.0,353500
2020-12-15,396.6949768066406,449.0,453.0,442.0,446.0,247500
2020-12-16,402.8795776367188,456.0,457.0,450.0,457.0,159800
2020-12-17,400.2290344238281,453.0,456.0,450.0,456.0,191700
2020-12-18,402.8795776367188,456.0,457.0,449.0,454.0,188400
2020-12-21,401.1125183105469,454.0,460.0,446.0,456.0,177000
2020-12-22,394.927978515625,447.0,453.0,445.0,449.0,198800
2020-12-23,397.5784912109375,450.0,454.0,443.0,454.0,152400
2020-12-24,391.3939514160156,443.0,454.0,442.0,448.0,188400
2020-12-25,394.927978515625,447.0,452.0,445.0,449.0,182900
2020-12-28,387.8599243164063,439.0,446.0,435.0,445.0,181700
2020-12-29,394.927978515625,447.0,449.0,440.0,443.0,152500
2020-12-30,396.6949768066406,449.0,452.0,443.0,449.0,115400
2021-01-04,389.6269226074219,441.0,454.0,438.0,454.0,134500
2021-01-05,397.5784912109375,450.0,450.0,437.0,441.0,97300
2021-01-06,398.4620056152344,451.0,454.0,447.0,447.0,84200
2021-01-07,403.7630310058594,457.0,461.0,454.0,456.0,235200
2021-01-08,417.01568603515625,472.0,474.0,460.0,461.0,265800
2021-01-12,425.8507385253906,482.0,483.0,475.0,475.0,220500
2021-01-13,426.7342834472656,483.0,483.0,475.0,479.0,212800
2021-01-14,422.3167724609375,478.0,483.0,475.0,480.0,181800
2021-01-15,414.3651428222656,469.0,479.0,469.0,478.0,141200
2021-01-18,409.9475708007813,464.0,469.0,463.0,467.0,66000
2021-01-19,414.3651428222656,469.0,473.0,464.0,465.0,110900
2021-01-20,411.7146301269531,466.0,470.0,464.0,469.0,187700
2021-01-21,414.3651428222656,469.0,472.0,464.0,469.0,151500
2021-01-22,413.4816589355469,468.0,473.0,464.0,464.0,111000
2021-01-25,419.6661987304688,475.0,475.0,468.0,471.0,105000
2021-01-26,417.01568603515625,472.0,479.0,465.0,479.0,218800
2021-01-27,413.4816589355469,468.0,474.0,467.0,472.0,122100
2021-01-28,413.4816589355469,468.0,473.0,456.0,460.0,278300
2021-01-29,401.99603271484375,455.0,469.0,455.0,468.0,267100
2021-02-01,404.64654541015625,458.0,463.0,454.0,454.0,160600
2021-02-02,420.5496826171875,476.0,480.0,457.0,458.0,341500
2021-02-03,419.6661987304688,475.0,482.0,471.0,479.0,300300
2021-02-04,428.5012512207031,485.0,493.0,477.0,480.0,274800
2021-02-05,449.7054443359375,509.0,511.0,487.0,492.0,414100
2021-02-08,443.5208740234375,502.0,515.0,499.0,513.0,338000
2021-02-09,435.5693054199219,493.0,512.0,490.0,512.0,197400
2021-02-10,437.33636474609375,495.0,499.0,492.0,493.0,89400
2021-02-12,443.5208740234375,502.0,507.0,494.0,495.0,204700
2021-02-15,449.7054443359375,509.0,509.0,500.0,507.0,129300
2021-02-16,439.1033325195313,497.0,507.0,497.0,507.0,186900
2021-02-17,449.7054443359375,509.0,511.0,495.0,496.0,253200
2021-02-18,442.637451171875,501.0,515.0,500.0,515.0,202800
2021-02-19,441.75384521484375,500.0,504.0,496.0,500.0,126200
2021-02-22,450.58892822265625,510.0,511.0,502.0,502.0,189800
2021-02-24,445.2879028320313,504.0,512.0,502.0,510.0,152100
2021-02-25,451.4724731445313,511.0,512.0,506.0,511.0,131900
2021-02-26,437.33636474609375,495.0,510.0,495.0,510.0,238700
2021-03-01,448.8219299316406,508.0,508.0,496.0,503.0,125400
2021-03-02,447.0548706054688,506.0,509.0,498.0,506.0,112500
2021-03-03,447.9384460449219,507.0,514.0,503.0,509.0,156700
2021-03-04,455.0064697265625,515.0,516.0,506.0,509.0,208600
2021-03-05,469.14263916015625,531.0,535.0,508.0,517.0,377800
2021-03-08,469.14263916015625,531.0,541.0,526.0,541.0,250700
2021-03-09,474.4436645507813,537.0,543.0,531.0,537.0,202400
2021-03-10,470.90960693359375,533.0,537.0,529.0,534.0,202800
2021-03-11,470.90960693359375,533.0,536.0,527.0,531.0,189500
2021-03-12,473.5601501464844,536.0,536.0,527.0,533.0,170100
2021-03-15,490.3468322753906,555.0,568.0,541.0,541.0,488600
2021-03-16,496.5312805175781,562.0,565.0,553.0,565.0,280800
2021-03-17,513.3179931640625,581.0,582.0,559.0,562.0,321400
2021-03-18,510.66748046875,578.0,584.0,571.0,583.0,313700
2021-03-19,500.9489135742188,567.0,578.0,564.0,569.0,539100
2021-03-22,503.599365234375,570.0,574.0,558.0,562.0,224200
2021-03-23,492.9973449707031,558.0,571.0,557.0,569.0,245400
2021-03-24,474.4436645507813,537.0,553.0,533.0,550.0,267300
2021-03-25,477.9776916503906,541.0,551.0,540.0,546.0,180000
2021-03-26,478.8611450195313,542.0,545.0,537.0,545.0,336900
2021-03-29,477.9776916503906,541.0,556.0,536.0,551.0,357000
2021-03-30,484.1968078613281,545.0,545.0,535.0,541.0,148800
2021-03-31,471.7586669921875,531.0,541.0,531.0,536.0,252200
2021-04-01,471.7586669921875,531.0,538.0,530.0,535.0,120800
2021-04-02,477.0893249511719,537.0,540.0,531.0,536.0,102900
2021-04-05,482.4198913574219,543.0,544.0,532.0,537.0,105100
2021-04-06,485.97357177734375,547.0,568.0,545.0,548.0,432700
2021-04-07,487.7504577636719,549.0,554.0,544.0,552.0,177600
2021-04-08,477.0893249511719,537.0,547.0,532.0,547.0,183000
2021-04-09,472.6471252441406,532.0,538.0,530.0,532.0,144500
2021-04-12,472.6471252441406,532.0,539.0,532.0,537.0,112200
2021-04-13,479.7545471191406,540.0,547.0,534.0,534.0,91400
2021-04-14,477.0893249511719,537.0,539.0,531.0,537.0,145000
2021-04-15,486.8620300292969,548.0,548.0,537.0,537.0,134800
2021-04-16,485.0851440429688,546.0,549.0,540.0,548.0,120000
2021-04-19,482.4198913574219,543.0,552.0,541.0,544.0,108900
2021-04-20,473.5355529785156,533.0,543.0,532.0,538.0,105900
2021-04-21,468.2048950195313,527.0,531.0,523.0,528.0,157700
2021-04-22,468.2048950195313,527.0,536.0,524.0,535.0,79000
2021-04-23,465.5395812988281,524.0,529.0,524.0,524.0,85700
2021-04-26,464.6511535644531,523.0,532.0,523.0,530.0,149500
2021-04-27,461.9859313964844,520.0,526.0,517.0,522.0,99800
2021-04-28,455.766845703125,513.0,523.0,513.0,520.0,120600
2021-04-30,449.54779052734375,506.0,515.0,506.0,511.0,137300
2021-05-06,466.4280395507813,525.0,528.0,508.0,508.0,134100
2021-05-07,468.2048950195313,527.0,531.0,523.0,525.0,87300
2021-05-10,479.7545471191406,540.0,542.0,531.0,531.0,99600
2021-05-11,469.9817810058594,529.0,546.0,527.0,535.0,143900
2021-05-12,462.8742980957031,521.0,532.0,515.0,524.0,188000
2021-05-13,455.766845703125,513.0,527.0,513.0,517.0,138300
2021-05-14,461.9859313964844,520.0,529.0,518.0,525.0,129300
2021-05-17,466.4280395507813,525.0,530.0,519.0,530.0,204400
2021-05-18,477.0893249511719,537.0,537.0,524.0,529.0,102200
2021-05-19,465.5395812988281,524.0,530.0,522.0,527.0,109200
2021-05-20,462.8742980957031,521.0,529.0,520.0,520.0,87100
2021-05-21,459.3205261230469,517.0,522.0,514.0,517.0,155700
2021-05-24,455.766845703125,513.0,522.0,511.0,511.0,87200
2021-05-25,453.9899597167969,511.0,516.0,510.0,514.0,148900
2021-05-26,460.2090148925781,518.0,527.0,512.0,519.0,186900
2021-05-27,449.54779052734375,506.0,520.0,506.0,519.0,117300
2021-05-28,459.3205261230469,517.0,517.0,508.0,508.0,174500
2021-05-31,457.5436706542969,515.0,519.0,511.0,518.0,105400
2021-06-01,463.7627258300781,522.0,528.0,518.0,518.0,143300
2021-06-02,467.31646728515625,526.0,530.0,520.0,522.0,110200
2021-06-03,475.3123779296875,535.0,535.0,526.0,526.0,125800
2021-06-04,476.2008666992188,536.0,537.0,530.0,534.0,117900
2021-06-07,469.9817810058594,529.0,538.0,528.0,536.0,112000
2021-06-08,470.8702392578125,530.0,536.0,527.0,527.0,116700
2021-06-09,475.3123779296875,535.0,539.0,530.0,530.0,171900
2021-06-10,477.0893249511719,537.0,537.0,530.0,532.0,90100
2021-06-11,471.7586669921875,531.0,537.0,527.0,536.0,168600
2021-06-14,466.4280395507813,525.0,533.0,523.0,533.0,76000
2021-06-15,465.5395812988281,524.0,527.0,523.0,524.0,128100
2021-06-16,474.4239501953125,534.0,536.0,522.0,522.0,220400
2021-06-17,467.31646728515625,526.0,532.0,526.0,527.0,151500
2021-06-18,469.0933532714844,528.0,532.0,526.0,531.0,163300
2021-06-21,454.87841796875,512.0,518.0,510.0,518.0,193200
2021-06-22,469.0933532714844,528.0,529.0,521.0,524.0,117900
2021-06-23,462.8742980957031,521.0,533.0,521.0,530.0,64200
2021-06-24,459.3205261230469,517.0,520.0,513.0,519.0,78200
2021-06-25,463.7627258300781,522.0,524.0,518.0,524.0,110600
2021-06-28,466.4280395507813,525.0,527.0,522.0,524.0,78500
2021-06-29,461.9859313964844,520.0,525.0,515.0,525.0,134000
2021-06-30,457.5436706542969,515.0,523.0,513.0,520.0,94800
2021-07-01,456.6553039550781,514.0,516.0,512.0,515.0,92100
2021-07-02,465.5395812988281,524.0,526.0,514.0,519.0,132300
2021-07-05,458.43212890625,516.0,526.0,514.0,526.0,80000
2021-07-06,461.0974426269531,519.0,521.0,514.0,516.0,59600
2021-07-07,456.6553039550781,514.0,518.0,513.0,513.0,53700
2021-07-08,450.4362182617188,507.0,514.0,506.0,513.0,166900
2021-07-09,460.2090148925781,518.0,521.0,501.0,504.0,190700
2021-07-12,464.6511535644531,523.0,527.0,520.0,521.0,91000
2021-07-13,470.8702392578125,530.0,530.0,524.0,527.0,116400
2021-07-14,474.4239501953125,534.0,534.0,526.0,526.0,194200
2021-07-15,464.6511535644531,523.0,534.0,523.0,534.0,122300
2021-07-16,467.31646728515625,526.0,530.0,521.0,522.0,136400
2021-07-19,460.2090148925781,518.0,523.0,513.0,523.0,137000
2021-07-20,454.87841796875,512.0,518.0,510.0,514.0,109600
2021-07-21,461.9859313964844,520.0,524.0,517.0,520.0,93100
2021-07-26,473.5355529785156,533.0,535.0,527.0,532.0,155900
2021-07-27,477.9776916503906,538.0,539.0,533.0,538.0,102100
2021-07-28,472.6471252441406,532.0,536.0,529.0,536.0,85200
2021-07-29,479.7545471191406,540.0,540.0,534.0,537.0,130700
2021-07-30,477.0893249511719,537.0,546.0,533.0,540.0,166700
2021-08-02,484.1968078613281,545.0,547.0,537.0,543.0,126500
2021-08-03,485.0851440429688,546.0,548.0,539.0,544.0,95700
2021-08-04,478.86614990234375,539.0,548.0,537.0,548.0,72800
2021-08-05,477.9776916503906,538.0,542.0,531.0,532.0,130800
2021-08-06,466.4280395507813,525.0,533.0,510.0,530.0,224100
2021-08-10,477.0893249511719,537.0,540.0,529.0,533.0,142200
2021-08-11,475.3123779296875,535.0,544.0,533.0,539.0,79100
2021-08-12,475.3123779296875,535.0,538.0,534.0,538.0,64200
2021-08-13,471.7586669921875,531.0,537.0,530.0,537.0,51000
2021-08-16,463.7627258300781,522.0,530.0,520.0,530.0,94000
2021-08-17,461.0974426269531,519.0,526.0,519.0,526.0,35600
2021-08-18,454.87841796875,512.0,518.0,504.0,515.0,205500
2021-08-19,445.1056213378906,501.0,512.0,500.0,512.0,177900
2021-08-20,443.3287658691406,499.0,509.0,498.0,503.0,139600
2021-08-23,450.4362182617188,507.0,511.0,502.0,504.0,142300
2021-08-24,453.1015625,510.0,520.0,510.0,510.0,100000
2021-08-25,453.9899597167969,511.0,517.0,508.0,510.0,58300
2021-08-26,453.9899597167969,511.0,514.0,507.0,513.0,123000
2021-08-27,452.2130737304688,509.0,512.0,507.0,508.0,55200
2021-08-30,459.3205261230469,517.0,518.0,513.0,514.0,39200
2021-08-31,461.0974426269531,519.0,524.0,514.0,516.0,75400
2021-09-01,460.2090148925781,518.0,522.0,517.0,518.0,66800
2021-09-02,466.4280395507813,525.0,525.0,518.0,521.0,60100
2021-09-03,473.5355529785156,533.0,533.0,525.0,525.0,82700
2021-09-06,477.9776916503906,538.0,538.0,534.0,538.0,97200
2021-09-07,479.7545471191406,540.0,540.0,534.0,540.0,136900
2021-09-08,478.86614990234375,539.0,539.0,535.0,538.0,122600
2021-09-09,472.6471252441406,532.0,536.0,531.0,532.0,109200
2021-09-10,478.86614990234375,539.0,540.0,526.0,530.0,147400
2021-09-13,488.6388854980469,550.0,550.0,537.0,540.0,147100
2021-09-14,496.6348571777344,559.0,559.0,542.0,549.0,300200
2021-09-15,489.5273132324219,551.0,556.0,544.0,556.0,150300
2021-09-16,493.0810852050781,555.0,558.0,546.0,557.0,180600
2021-09-17,503.7422790527344,567.0,567.0,555.0,560.0,249000
2021-09-21,581.0360717773438,654.0,661.0,630.0,636.0,2600000
2021-09-22,558.8251342773438,629.0,666.0,625.0,664.0,1359600
2021-09-24,634.3421630859375,714.0,716.0,671.0,679.0,2428700
2021-09-27,641.4495239257812,722.0,743.0,712.0,735.0,1507000
2021-09-28,637.0073852539062,717.0,720.0,685.0,710.0,868800
2021-09-29,636.1089477539062,708.0,717.0,695.0,703.0,541700
2021-09-30,605.5613403320312,674.0,704.0,668.0,702.0,670800
2021-10-01,604.6629638671875,673.0,679.0,657.0,668.0,676000
2021-10-04,627.1243896484375,698.0,704.0,685.0,685.0,546800
2021-10-05,599.2720947265625,667.0,690.0,666.0,688.0,549600
2021-10-06,604.6629638671875,673.0,686.0,668.0,677.0,336400
2021-10-07,594.7798461914062,662.0,675.0,659.0,669.0,244600
2021-10-08,596.5767211914062,664.0,678.0,663.0,672.0,252700
2021-10-11,601.069091796875,669.0,670.0,664.0,667.0,153100
2021-10-12,601.069091796875,669.0,673.0,658.0,669.0,207300
2021-10-13,587.5921630859375,654.0,664.0,652.0,664.0,226700
2021-10-14,587.5921630859375,654.0,657.0,649.0,654.0,147200
2021-10-15,602.8660278320312,671.0,671.0,657.0,658.0,193000
2021-10-18,612.7490844726562,682.0,684.0,667.0,675.0,366000
2021-10-19,631.6166381835938,703.0,708.0,691.0,699.0,652800
2021-10-20,618.1397705078125,688.0,706.0,684.0,705.0,374500
2021-10-21,601.069091796875,669.0,685.0,668.0,682.0,326000
2021-10-22,606.4598388671875,675.0,682.0,667.0,670.0,362900
2021-10-25,626.2258911132812,697.0,705.0,678.0,678.0,482500
2021-10-26,640.6012573242188,713.0,714.0,693.0,708.0,527100
2021-10-27,632.5150756835938,704.0,710.0,695.0,710.0,242500
2021-10-28,629.8197631835938,701.0,703.0,688.0,693.0,281600
2021-10-29,628.0228271484375,699.0,704.0,692.0,701.0,301800
2021-11-01,630.7181396484375,702.0,709.0,700.0,706.0,276500
2021-11-02,624.4290161132812,695.0,703.0,693.0,703.0,199400
2021-11-04,637.9058227539062,710.0,711.0,692.0,695.0,354300
2021-11-05,633.4135131835938,705.0,710.0,698.0,710.0,276800
2021-11-08,641.499755859375,714.0,714.0,700.0,705.0,278500
2021-11-09,627.1243896484375,698.0,715.0,696.0,715.0,385600
2021-11-10,614.5459594726562,684.0,709.0,672.0,708.0,629000
2021-11-11,598.3736572265625,666.0,687.0,665.0,674.0,334600
2021-11-12,611.8505859375,681.0,691.0,671.0,671.0,310700
2021-11-15,604.6629638671875,673.0,688.0,667.0,682.0,311700
2021-11-16,600.170654296875,668.0,676.0,667.0,676.0,144300
2021-11-17,590.2875366210938,657.0,665.0,653.0,665.0,218300
2021-11-18,599.2720947265625,667.0,671.0,660.0,662.0,132200
2021-11-19,592.0844116210938,659.0,664.0,653.0,663.0,222000
2021-11-22,603.764404296875,672.0,672.0,653.0,657.0,133300
2021-11-24,600.170654296875,668.0,688.0,668.0,673.0,222700
2021-11-25,604.6629638671875,673.0,674.0,664.0,671.0,138500
2021-11-26,589.3890380859375,656.0,667.0,651.0,667.0,213100
2021-11-29,569.623046875,634.0,648.0,634.0,638.0,268100
2021-11-30,569.623046875,634.0,658.0,633.0,648.0,341300
2021-12-01,582.2013549804688,648.0,649.0,631.0,637.0,228700
2021-12-02,588.4906005859375,655.0,663.0,645.0,647.0,236700
2021-12-03,594.7798461914062,662.0,663.0,652.0,661.0,248500
2021-12-06,578.6076049804688,644.0,667.0,643.0,663.0,198900
2021-12-07,592.0844116210938,659.0,659.0,644.0,653.0,133800
2021-12-08,594.7798461914062,662.0,667.0,657.0,663.0,141400
2021-12-09,584.8967895507812,651.0,662.0,649.0,662.0,118800
2021-12-10,585.7952880859375,652.0,658.0,647.0,652.0,117100
2021-12-13,584.8967895507812,651.0,662.0,648.0,662.0,101700
2021-12-14,588.4906005859375,655.0,656.0,647.0,647.0,144400
2021-12-15,575.9121704101562,641.0,659.0,641.0,653.0,129000
2021-12-16,582.2013549804688,648.0,651.0,642.0,651.0,185100
2021-12-17,566.0292358398438,630.0,643.0,629.0,640.0,250700
2021-12-20,547.1615600585938,609.0,631.0,609.0,630.0,319700
2021-12-21,561.536865234375,625.0,628.0,614.0,619.0,237100
2021-12-22,560.6383056640625,624.0,627.0,620.0,621.0,121400
2021-12-23,563.3338623046875,627.0,633.0,623.0,623.0,98300
2021-12-24,571.4198608398438,636.0,636.0,626.0,631.0,140900
2021-12-27,574.1152954101562,639.0,639.0,634.0,639.0,157500
2021-12-28,583.9983520507812,650.0,650.0,636.0,640.0,168100
2021-12-29,587.5921630859375,654.0,654.0,641.0,647.0,168200
2021-12-30,586.6937255859375,653.0,655.0,644.0,652.0,106600
2022-01-04,592.98291015625,660.0,667.0,651.0,660.0,215200
2022-01-05,603.764404296875,672.0,673.0,663.0,664.0,171600
2022-01-06,587.5921630859375,654.0,670.0,652.0,667.0,199800
2022-01-07,580.404541015625,646.0,660.0,643.0,658.0,150100
2022-01-11,573.216796875,638.0,653.0,632.0,650.0,132600
2022-01-12,582.2013549804688,648.0,651.0,634.0,638.0,158300
2022-01-13,562.435302734375,626.0,641.0,626.0,635.0,314400
2022-01-14,566.0292358398438,630.0,634.0,622.0,624.0,221500
2022-01-17,558.8414916992188,622.0,633.0,620.0,626.0,153100
2022-01-18,548.9585571289062,611.0,623.0,610.0,620.0,545900
2022-01-19,537.2785034179688,598.0,610.0,596.0,609.0,363000
2022-01-20,528.2937622070312,588.0,596.0,584.0,588.0,391800
2022-01-21,532.7861938476562,593.0,594.0,580.0,586.0,242500
2022-01-24,543.567626953125,605.0,605.0,589.0,589.0,167700
2022-01-25,534.5830688476562,595.0,602.0,587.0,602.0,200700
2022-01-26,530.9892578125,591.0,598.0,586.0,594.0,176500
2022-01-27,520.207763671875,579.0,605.0,577.0,599.0,238600
2022-01-28,533.6846313476562,594.0,599.0,582.0,589.0,160400
2022-01-31,543.567626953125,605.0,605.0,591.0,592.0,92300
2022-02-01,534.5830688476562,595.0,610.0,593.0,606.0,112000
2022-02-02,548.9585571289062,611.0,611.0,595.0,595.0,126900
2022-02-03,546.2631225585938,608.0,612.0,606.0,607.0,78800
2022-02-04,551.6538696289062,614.0,614.0,600.0,604.0,114800
2022-02-07,542.669189453125,604.0,613.0,604.0,609.0,110700
2022-02-08,542.669189453125,604.0,613.0,603.0,608.0,131500
2022-02-09,547.1615600585938,609.0,612.0,603.0,610.0,144700
2022-02-10,539.075439453125,600.0,624.0,598.0,618.0,469900
2022-02-14,527.3953857421875,587.0,590.0,581.0,590.0,221000
2022-02-15,522.9031372070312,582.0,591.0,579.0,585.0,272400
2022-02-16,542.669189453125,604.0,604.0,586.0,592.0,594500
2022-02-17,533.6846313476562,594.0,601.0,590.0,601.0,387800
2022-02-18,522.9031372070312,582.0,588.0,582.0,584.0,247800
2022-02-21,514.8170166015625,573.0,580.0,571.0,580.0,178300
2022-02-22,508.52777099609375,566.0,570.0,560.0,565.0,216900
2022-02-24,504.9339294433594,562.0,567.0,552.0,560.0,239100
2022-02-25,509.4262390136719,567.0,570.0,560.0,563.0,149400
2022-02-28,514.8170166015625,573.0,577.0,568.0,572.0,190500
2022-03-01,524.7000732421875,584.0,589.0,575.0,580.0,234600
2022-03-02,514.8170166015625,573.0,580.0,571.0,574.0,150000
2022-03-03,530.9892578125,591.0,600.0,582.0,583.0,370500
2022-03-04,521.106201171875,580.0,590.0,575.0,585.0,183200
2022-03-07,498.6447448730469,555.0,570.0,550.0,570.0,530700
2022-03-08,474.3863525390625,528.0,548.0,525.0,546.0,477900
2022-03-09,482.4725341796875,537.0,545.0,529.0,542.0,228800
2022-03-10,505.8323974609375,563.0,563.0,552.0,555.0,293400
2022-03-11,504.9339294433594,562.0,566.0,554.0,558.0,145600
2022-03-14,505.8323974609375,563.0,569.0,562.0,565.0,155300
2022-03-15,516.6139526367188,575.0,576.0,566.0,568.0,152000
2022-03-16,512.12158203125,570.0,579.0,570.0,578.0,185600
2022-03-17,530.9892578125,591.0,594.0,580.0,580.0,242200
2022-03-18,536.3800048828125,597.0,598.0,585.0,593.0,242300
2022-03-22,530.9892578125,591.0,603.0,585.0,599.0,290400
2022-03-23,539.973876953125,601.0,604.0,594.0,598.0,209800
2022-03-24,545.3645629882812,607.0,607.0,592.0,597.0,148000
2022-03-25,548.0599975585938,610.0,616.0,606.0,615.0,192300
2022-03-28,546.2631225585938,608.0,616.0,604.0,611.0,198500
2022-03-29,548.9585571289062,611.0,616.0,603.0,610.0,271700
2022-03-30,560.9525146484375,608.0,612.0,603.0,608.0,183600
2022-03-31,545.2679443359375,591.0,604.0,591.0,601.0,142200
2022-04-01,546.1906127929688,592.0,594.0,584.0,591.0,115000
2022-04-04,542.5,588.0,594.0,587.0,591.0,83500
2022-04-05,548.9584350585938,595.0,599.0,591.0,598.0,137400
2022-04-06,538.8096313476562,584.0,595.0,584.0,590.0,159100
2022-04-07,527.7381591796875,572.0,578.0,567.0,574.0,150900
2022-04-08,517.5894165039062,561.0,575.0,560.0,574.0,175500
2022-04-11,511.1310424804688,554.0,564.0,551.0,561.0,117300
2022-04-12,510.20843505859375,553.0,559.0,550.0,550.0,156300
2022-04-13,521.2798461914062,565.0,567.0,557.0,559.0,118700
2022-04-14,526.8155517578125,571.0,572.0,565.0,567.0,77000
2022-04-15,522.2024536132812,566.0,572.0,564.0,566.0,59800
2022-04-18,516.6668090820312,560.0,565.0,556.0,562.0,83500
2022-04-19,529.5834350585938,574.0,574.0,565.0,565.0,81000
2022-04-20,535.119140625,580.0,589.0,579.0,582.0,131300
2022-04-21,524.9702758789062,569.0,576.0,566.0,570.0,286900
2022-04-22,523.1250610351562,567.0,572.0,559.0,560.0,205500
2022-04-25,510.20843505859375,553.0,558.0,551.0,555.0,169600
2022-04-26,514.821533203125,558.0,563.0,551.0,556.0,557900
2022-04-27,508.3631591796875,551.0,554.0,546.0,553.0,365800
2022-04-28,526.8155517578125,571.0,573.0,555.0,556.0,312200
2022-05-02,517.5894165039062,561.0,575.0,560.0,566.0,269400
2022-05-06,524.0477294921875,568.0,574.0,563.0,565.0,178200
2022-05-09,526.8155517578125,571.0,576.0,561.0,561.0,151900
2022-05-10,528.6608276367188,573.0,577.0,563.0,570.0,193000
2022-05-11,523.1250610351562,567.0,574.0,565.0,573.0,106100
2022-05-12,520.3572387695312,564.0,573.0,562.0,569.0,160800
2022-05-13,536.041748046875,581.0,585.0,568.0,571.0,180700
2022-05-16,512.9762573242188,556.0,583.0,556.0,579.0,267600
2022-05-17,524.9702758789062,569.0,575.0,561.0,566.0,124000
2022-05-18,534.196533203125,579.0,580.0,570.0,577.0,123000
2022-05-19,539.732177734375,585.0,586.0,569.0,569.0,129800
2022-05-20,540.6548461914062,586.0,588.0,580.0,583.0,109100
2022-05-23,535.119140625,580.0,590.0,576.0,584.0,238900
2022-05-24,524.0477294921875,568.0,582.0,568.0,579.0,159900
2022-05-25,524.9702758789062,569.0,570.0,560.0,567.0,178600
2022-05-26,532.351318359375,577.0,584.0,571.0,572.0,587700
2022-05-27,543.4226684570312,589.0,592.0,576.0,579.0,447800
2022-05-30,555.4168090820312,602.0,607.0,592.0,598.0,324700
2022-05-31,550.8037109375,597.0,607.0,596.0,600.0,181400
2022-06-01,561.8751220703125,609.0,613.0,599.0,602.0,247200
2022-06-02,556.3394165039062,603.0,609.0,600.0,608.0,136400
2022-06-03,559.1072387695312,606.0,612.0,601.0,607.0,161000
2022-06-06,560.9525146484375,608.0,611.0,603.0,605.0,107300
2022-06-07,565.5656127929688,613.0,616.0,609.0,610.0,151200
2022-06-08,577.5596313476562,626.0,628.0,614.0,614.0,201400
2022-06-09,571.101318359375,619.0,625.0,617.0,624.0,174400
2022-06-10,556.3394165039062,603.0,613.0,603.0,609.0,193300
2022-06-13,567.4108276367188,615.0,619.0,606.0,613.0,226700
2022-06-14,565.5656127929688,613.0,616.0,605.0,607.0,244300
2022-06-15,552.64892578125,599.0,620.0,599.0,613.0,197100
2022-06-16,560.9525146484375,608.0,617.0,605.0,609.0,165000
2022-06-17,551.7263793945312,598.0,602.0,591.0,595.0,196600
2022-06-20,542.5,588.0,611.0,586.0,606.0,244000
2022-06-21,556.3394165039062,603.0,608.0,601.0,606.0,160900
2022-06-22,560.0298461914062,607.0,619.0,604.0,617.0,146500
2022-06-23,563.720458984375,611.0,618.0,607.0,613.0,237400
2022-06-24,567.4108276367188,615.0,619.0,606.0,610.0,188000
2022-06-27,585.8632202148438,635.0,635.0,628.0,635.0,327100
2022-06-28,594.1668090820312,644.0,651.0,635.0,636.0,219800
2022-06-29,591.39892578125,641.0,649.0,640.0,644.0,226200
2022-06-30,580.3274536132812,629.0,639.0,626.0,638.0,163300
2022-07-01,586.7857666015625,636.0,641.0,628.0,633.0,369300
2022-07-04,594.1668090820312,644.0,647.0,635.0,637.0,203400
2022-07-05,596.0120239257812,646.0,650.0,643.0,649.0,189400
2022-07-06,581.2501831054688,630.0,642.0,627.0,640.0,205700
2022-07-07,580.3274536132812,629.0,637.0,618.0,634.0,140000
2022-07-08,578.4822998046875,627.0,638.0,624.0,628.0,209100
2022-07-11,575.71435546875,624.0,630.0,618.0,628.0,391200
2022-07-12,560.0298461914062,607.0,621.0,605.0,621.0,165200
2022-07-13,566.48828125,614.0,615.0,609.0,613.0,87200
2022-07-14,562.7977294921875,610.0,613.0,603.0,608.0,86400
2022-07-15,563.720458984375,611.0,617.0,604.0,614.0,59800
2022-07-19,571.101318359375,619.0,619.0,611.0,612.0,99700
2022-07-20,579.4048461914062,628.0,630.0,623.0,624.0,164000
2022-07-21,579.4048461914062,628.0,630.0,621.0,622.0,82700
2022-07-22,585.8632202148438,635.0,637.0,622.0,627.0,174500
2022-07-25,584.0180053710938,633.0,635.0,630.0,632.0,92900
2022-07-26,593.2442016601562,643.0,645.0,634.0,635.0,145000
2022-07-27,594.1668090820312,644.0,647.0,638.0,645.0,119100
2022-07-28,596.0120239257812,646.0,647.0,637.0,645.0,132500
2022-07-29,594.1668090820312,644.0,649.0,640.0,647.0,157400
2022-08-01,601.5477905273438,652.0,652.0,642.0,645.0,150000
2022-08-02,589.5536499023438,639.0,646.0,637.0,644.0,167600
2022-08-03,582.1727294921875,631.0,639.0,631.0,639.0,182200
2022-08-04,587.7084350585938,637.0,637.0,628.0,635.0,171700
2022-08-05,588.6310424804688,638.0,640.0,631.0,635.0,157600
2022-08-08,640.2977905273438,694.0,703.0,669.0,680.0,1241600
2022-08-09,657.8275146484375,713.0,719.0,689.0,696.0,685500
2022-08-10,661.5179443359375,717.0,720.0,704.0,714.0,447800
2022-08-12,673.5120849609375,730.0,735.0,720.0,722.0,568800
2022-08-15,690.1192626953125,748.0,762.0,742.0,745.0,777700
2022-08-16,700.2680053710938,759.0,762.0,746.0,751.0,474400
2022-08-17,755.6251831054688,819.0,820.0,766.0,766.0,1520700
2022-08-18,750.0894165039062,813.0,820.0,802.0,810.0,760000
2022-08-19,750.0894165039062,813.0,834.0,810.0,822.0,721300
2022-08-22,739.0179443359375,801.0,803.0,789.0,798.0,484100
2022-08-23,728.869140625,790.0,795.0,782.0,786.0,363900
2022-08-24,739.0179443359375,801.0,808.0,791.0,791.0,376200
2022-08-25,753.7799072265625,817.0,819.0,797.0,801.0,838700
2022-08-26,758.3930053710938,822.0,827.0,815.0,821.0,412900
2022-08-29,733.4822387695312,795.0,804.0,791.0,800.0,303800
2022-08-30,716.8750610351562,777.0,802.0,775.0,798.0,401000
2022-08-31,718.7203369140625,779.0,789.0,764.0,769.0,391500
2022-09-01,698.4227905273438,757.0,778.0,755.0,768.0,559900
2022-09-02,684.5834350585938,742.0,767.0,738.0,767.0,409500
2022-09-05,675.3572998046875,732.0,740.0,729.0,740.0,342100
2022-09-06,681.8156127929688,739.0,747.0,733.0,742.0,322800
2022-09-07,676.2799072265625,733.0,743.0,728.0,743.0,350300
2022-09-08,698.4227905273438,757.0,757.0,743.0,754.0,339000
2022-09-09,719.6430053710938,780.0,780.0,752.0,753.0,503300
2022-09-12,714.1072387695312,774.0,790.0,771.0,787.0,265600
2022-09-13,713.1846923828125,773.0,780.0,771.0,776.0,158500
2022-09-14,705.8037719726562,765.0,769.0,748.0,750.0,203100
2022-09-15,699.3453369140625,758.0,764.0,755.0,764.0,176300
2022-09-16,691.9644775390625,750.0,758.0,746.0,755.0,217200
2022-09-20,687.351318359375,745.0,755.0,741.0,742.0,190500
2022-09-21,673.5120849609375,730.0,741.0,725.0,738.0,214500
2022-09-22,675.3572998046875,732.0,734.0,719.0,720.0,182900
2022-09-26,651.369140625,706.0,716.0,704.0,713.0,291700
2022-09-27,655.0596313476562,710.0,717.0,705.0,709.0,164000
2022-09-28,671.6668090820312,728.0,737.0,716.0,725.0,516800
2022-09-29,680.0978393554688,726.0,738.0,718.0,738.0,301300
2022-09-30,672.6035766601562,718.0,722.0,708.0,722.0,275900
2022-10-03,671.6668090820312,717.0,719.0,706.0,706.0,166600
2022-10-04,691.3390502929688,738.0,739.0,728.0,735.0,208900
2022-10-05,691.3390502929688,738.0,744.0,735.0,743.0,179100
2022-10-06,692.2757568359375,739.0,751.0,739.0,740.0,369700
2022-10-07,682.9081420898438,729.0,737.0,727.0,730.0,236900
2022-10-11,668.8565063476562,714.0,728.0,708.0,723.0,348300
2022-10-12,667.9197387695312,713.0,718.0,709.0,710.0,178100
2022-10-13,662.299072265625,707.0,717.0,706.0,715.0,158900
2022-10-14,676.3506469726562,722.0,728.0,714.0,721.0,148800
2022-10-17,680.0978393554688,726.0,728.0,719.0,720.0,115800
2022-10-18,679.1610107421875,725.0,733.0,723.0,730.0,155900
2022-10-19,681.0345458984375,727.0,729.0,722.0,725.0,125000
2022-10-20,679.1610107421875,725.0,728.0,719.0,719.0,142400
2022-10-21,672.6035766601562,718.0,737.0,718.0,725.0,277400
2022-10-24,674.4771118164062,720.0,734.0,720.0,732.0,122800
2022-10-25,682.9081420898438,729.0,730.0,722.0,724.0,124500
2022-10-26,681.0345458984375,727.0,730.0,722.0,730.0,162200
2022-10-27,677.2874145507812,723.0,727.0,720.0,725.0,101900
2022-10-28,672.6035766601562,718.0,725.0,710.0,716.0,430700
2022-10-31,696.02294921875,743.0,745.0,726.0,727.0,327300
2022-11-01,703.5171508789062,751.0,753.0,740.0,747.0,239300
2022-11-02,715.6951293945312,764.0,773.0,756.0,757.0,448000
2022-11-04,702.580322265625,750.0,760.0,748.0,759.0,312200
2022-11-07,717.5687255859375,766.0,771.0,753.0,762.0,310600
2022-11-08,723.1893920898438,772.0,775.0,766.0,767.0,366000
2022-11-09,649.1842041015625,693.0,705.0,676.0,702.0,2289900
2022-11-10,650.1209716796875,694.0,711.0,687.0,690.0,946900
2022-11-11,637.9429931640625,681.0,701.0,677.0,700.0,923900
2022-11-14,631.385498046875,674.0,689.0,674.0,682.0,345800
2022-11-15,634.19580078125,677.0,679.0,671.0,673.0,261700
2022-11-16,646.3739013671875,690.0,690.0,678.0,679.0,331000
2022-11-17,670.72998046875,716.0,724.0,687.0,689.0,679300
2022-11-18,669.7932739257812,715.0,729.0,711.0,718.0,312900
2022-11-21,675.4138793945312,721.0,721.0,711.0,718.0,149800
2022-11-22,684.7816162109375,731.0,736.0,721.0,723.0,307800
2022-11-24,694.1494140625,741.0,744.0,735.0,740.0,271000
2022-11-25,686.6551513671875,733.0,745.0,727.0,745.0,226100
2022-11-28,674.4771118164062,720.0,732.0,720.0,732.0,150100
2022-11-29,672.6035766601562,718.0,721.0,710.0,718.0,162300
2022-11-30,674.4771118164062,720.0,720.0,710.0,713.0,211800
2022-12-01,670.72998046875,716.0,721.0,714.0,719.0,227300
2022-12-02,644.5003662109375,688.0,713.0,687.0,713.0,569000
2022-12-05,637.9429931640625,681.0,691.0,679.0,689.0,212500
2022-12-06,641.6900634765625,685.0,688.0,676.0,679.0,269500
2022-12-07,637.9429931640625,681.0,685.0,675.0,677.0,166000
2022-12-08,637.9429931640625,681.0,685.0,676.0,685.0,197000
2022-12-09,644.5003662109375,688.0,692.0,676.0,677.0,196200
2022-12-12,647.3106689453125,691.0,691.0,682.0,685.0,142500
2022-12-13,646.3739013671875,690.0,697.0,689.0,695.0,192900
2022-12-14,652.9313354492188,697.0,698.0,688.0,691.0,168100
2022-12-15,658.552001953125,703.0,705.0,689.0,692.0,155900
2022-12-16,647.3106689453125,691.0,696.0,689.0,693.0,203900
2022-12-19,647.3106689453125,691.0,694.0,685.0,686.0,126800
2022-12-20,639.8165283203125,683.0,697.0,675.0,694.0,246500
2022-12-21,623.891357421875,666.0,679.0,662.0,677.0,276200
2022-12-22,625.764892578125,668.0,675.0,666.0,668.0,192100
2022-12-23,620.1442260742188,662.0,666.0,656.0,663.0,147900
2022-12-26,624.828125,667.0,670.0,659.0,668.0,163900
2022-12-27,628.5751342773438,671.0,674.0,669.0,673.0,86500
2022-12-28,628.5751342773438,671.0,671.0,665.0,668.0,109600
2022-12-29,629.5120239257812,672.0,672.0,661.0,667.0,248200
2022-12-30,632.3223266601562,675.0,683.0,670.0,672.0,142400
2023-01-04,625.764892578125,668.0,675.0,661.0,675.0,211200
2023-01-05,633.259033203125,676.0,677.0,663.0,667.0,161600
2023-01-06,645.4371337890625,689.0,693.0,676.0,676.0,125200
2023-01-10,651.0578002929688,695.0,696.0,689.0,694.0,120100
2023-01-11,655.74169921875,700.0,702.0,695.0,699.0,106200
2023-01-12,657.6151733398438,702.0,705.0,696.0,704.0,100600
2023-01-13,660.4254760742188,705.0,707.0,701.0,702.0,150600
2023-01-16,651.9945678710938,696.0,703.0,695.0,700.0,120900
2023-01-17,661.3623046875,706.0,707.0,694.0,695.0,113300
2023-01-18,664.172607421875,709.0,716.0,703.0,709.0,113600
2023-01-19,660.4254760742188,705.0,709.0,701.0,706.0,108300
2023-01-20,666.046142578125,711.0,713.0,705.0,707.0,78800
2023-01-23,676.3506469726562,722.0,722.0,716.0,719.0,127200
2023-01-24,681.0345458984375,727.0,731.0,723.0,726.0,132700
2023-01-25,682.9081420898438,729.0,735.0,726.0,726.0,152800
2023-01-26,683.8448486328125,730.0,733.0,727.0,729.0,120700
2023-01-27,682.9081420898438,729.0,734.0,727.0,730.0,94800
2023-01-30,693.212646484375,740.0,744.0,730.0,733.0,196300
2023-01-31,695.0861206054688,742.0,744.0,735.0,740.0,153300
2023-02-01,697.896484375,745.0,749.0,743.0,745.0,139700
2023-02-02,685.7183837890625,732.0,743.0,730.0,743.0,185400
2023-02-03,685.7183837890625,732.0,737.0,727.0,729.0,124200
2023-02-06,696.959716796875,744.0,745.0,737.0,740.0,205100
2023-02-07,694.1494140625,741.0,746.0,740.0,745.0,126000
2023-02-08,685.7183837890625,732.0,742.0,729.0,742.0,258300
2023-02-09,696.959716796875,744.0,748.0,713.0,720.0,339500
2023-02-10,694.1494140625,741.0,750.0,741.0,744.0,136100
2023-02-13,692.2757568359375,739.0,749.0,737.0,746.0,120800
2023-02-14,700.7068481445312,748.0,749.0,742.0,746.0,78400
2023-02-15,707.2642211914062,755.0,757.0,750.0,751.0,129000
2023-02-16,717.5687255859375,766.0,769.0,756.0,756.0,244600
2023-02-17,718.5054321289062,767.0,775.0,764.0,764.0,141700
2023-02-20,716.6319580078125,765.0,774.0,764.0,773.0,156400
2023-02-21,723.1893920898438,772.0,774.0,766.0,766.0,169800
2023-02-22,723.1893920898438,772.0,778.0,763.0,765.0,258300
2023-02-24,800.0048217773438,854.0,857.0,810.0,810.0,1837100
2023-02-27,796.2577514648438,850.0,870.0,836.0,854.0,983500
2023-02-28,781.2693481445312,834.0,850.0,830.0,850.0,407700
2023-03-01,786.8899536132812,840.0,842.0,824.0,828.0,289800
2023-03-02,795.3209228515625,849.0,864.0,830.0,832.0,439200
2023-03-03,793.4474487304688,847.0,858.0,842.0,853.0,164800
2023-03-06,811.24609375,866.0,872.0,859.0,860.0,276200
2023-03-07,825.2976684570312,881.0,883.0,864.0,866.0,389400
2023-03-08,844.033203125,901.0,906.0,880.0,880.0,404600
2023-03-09,839.3492431640625,896.0,908.0,891.0,907.0,210600
2023-03-10,826.2344360351562,882.0,895.0,877.0,885.0,232700
2023-03-13,820.6138305664062,876.0,886.0,871.0,885.0,225200
2023-03-14,799.0679931640625,853.0,865.0,841.0,862.0,277600
2023-03-15,817.8035278320312,873.0,873.0,858.0,862.0,112800
2023-03-16,791.5738525390625,845.0,852.0,838.0,844.0,243500
2023-03-17,800.0048217773438,854.0,864.0,851.0,853.0,202700
2023-03-20,789.7002563476562,843.0,857.0,840.0,845.0,176400
2023-03-22,822.4874267578125,878.0,882.0,858.0,860.0,237700
2023-03-23,822.4874267578125,878.0,878.0,865.0,869.0,130800
2023-03-24,808.435791015625,863.0,874.0,862.0,871.0,154800
2023-03-27,841.2228393554688,898.0,979.0,852.0,868.0,2669400
2023-03-28,866.5157470703125,925.0,932.0,895.0,895.0,857300
2023-03-29,852.4641723632812,910.0,917.0,900.0,914.0,373400
2023-03-30,887.7057495117188,932.0,936.0,895.0,896.0,406900
2023-03-31,891.515625,936.0,957.0,932.0,953.0,631100
2023-04-03,887.7057495117188,932.0,937.0,913.0,936.0,445500
2023-04-04,871.5136108398438,915.0,930.0,911.0,930.0,273700
2023-04-05,848.654296875,891.0,900.0,885.0,895.0,289700
2023-04-06,823.8899536132812,865.0,880.0,862.0,880.0,334500
2023-04-07,838.177001953125,880.0,885.0,863.0,869.0,191200
2023-04-10,850.5592041015625,893.0,900.0,885.0,885.0,188900
2023-04-11,853.4166259765625,896.0,907.0,892.0,907.0,153300
2023-04-12,857.2265014648438,900.0,902.0,891.0,899.0,242400
2023-04-13,834.3671264648438,876.0,893.0,874.0,890.0,265500
2023-04-14,831.509765625,873.0,880.0,872.0,878.0,149500
2023-04-17,829.6047973632812,871.0,883.0,865.0,882.0,139600
2023-04-18,847.7017822265625,890.0,894.0,881.0,886.0,237500
2023-04-19,846.7493286132812,889.0,894.0,885.0,890.0,141700
2023-04-20,842.939453125,885.0,893.0,885.0,888.0,131400
2023-04-21,848.654296875,891.0,897.0,881.0,885.0,156500
2023-04-24,847.7017822265625,890.0,893.0,881.0,891.0,106100
2023-04-25,861.9889526367188,905.0,913.0,891.0,891.0,291200
2023-04-26,856.2740478515625,899.0,908.0,891.0,900.0,292500
2023-04-27,854.3690795898438,897.0,901.0,885.0,887.0,190900
2023-04-28,861.9889526367188,905.0,911.0,901.0,905.0,193500
2023-05-01,875.3235473632812,919.0,931.0,908.0,910.0,343100
2023-05-02,875.3235473632812,919.0,926.0,911.0,923.0,165000
2023-05-08,887.7057495117188,932.0,933.0,919.0,920.0,215300
2023-05-09,883.8958740234375,928.0,934.0,925.0,932.0,167700
2023-05-10,881.9908447265625,926.0,931.0,923.0,925.0,155200
2023-05-11,877.228515625,921.0,929.0,912.0,922.0,249600
2023-05-12,873.4185791015625,917.0,928.0,916.0,925.0,257500
2023-05-15,896.2780151367188,941.0,953.0,935.0,935.0,707600
2023-05-16,863.893798828125,907.0,940.0,896.0,939.0,572100
2023-05-17,834.3671264648438,876.0,909.0,873.0,907.0,857300
2023-05-18,854.3690795898438,897.0,899.0,877.0,885.0,384800
2023-05-19,873.4185791015625,917.0,922.0,900.0,900.0,429300
2023-05-22,861.0364379882812,904.0,914.0,895.0,911.0,336200
2023-05-23,843.8919067382812,886.0,910.0,884.0,906.0,429600
2023-05-24,849.6067504882812,892.0,897.0,879.0,882.0,169200
2023-05-25,856.2740478515625,899.0,902.0,885.0,892.0,216100
2023-05-26,847.7017822265625,890.0,917.0,890.0,902.0,352500
2023-05-29,819.1275634765625,860.0,900.0,858.0,900.0,665800
2023-05-30,803.887939453125,844.0,857.0,839.0,845.0,887400
2023-05-31,775.313720703125,814.0,836.0,809.0,836.0,783400
2023-06-01,743.882080078125,781.0,807.0,780.0,799.0,865000
2023-06-02,761.9791259765625,800.0,800.0,786.0,791.0,467200
2023-06-05,773.4088134765625,812.0,818.0,803.0,815.0,446300
2023-06-06,763.8840942382812,802.0,807.0,792.0,805.0,381000
2023-06-07,763.8840942382812,802.0,815.0,798.0,811.0,441700
2023-06-08,750.5494995117188,788.0,801.0,784.0,798.0,437100
2023-06-09,760.07421875,798.0,804.0,788.0,800.0,416300
2023-06-12,781.0286254882812,820.0,820.0,801.0,804.0,416200
2023-06-13,780.076171875,819.0,834.0,817.0,832.0,495800
2023-06-14,780.076171875,819.0,824.0,809.0,822.0,461800
2023-06-15,782.93359375,822.0,829.0,814.0,817.0,293900
2023-06-16,777.21875,816.0,823.0,812.0,818.0,305100
2023-06-19,772.4564208984375,811.0,820.0,807.0,820.0,309900
2023-06-20,770.5513916015625,809.0,813.0,806.0,811.0,202200
2023-06-21,774.3612670898438,813.0,817.0,805.0,806.0,286300
2023-06-22,791.505859375,831.0,835.0,815.0,816.0,522200
2023-06-23,782.93359375,822.0,837.0,817.0,832.0,415400
2023-06-26,774.3612670898438,813.0,820.0,808.0,820.0,267800
2023-06-27,821.9849853515625,863.0,865.0,823.0,832.0,774300
2023-06-28,836.2721557617188,878.0,883.0,863.0,875.0,747700
2023-06-29,822.9375,864.0,887.0,859.0,881.0,384900
2023-06-30,824.8424072265625,866.0,873.0,863.0,864.0,245000
2023-07-03,834.3671264648438,876.0,885.0,868.0,869.0,235700
2023-07-04,824.8424072265625,866.0,878.0,866.0,874.0,218300
2023-07-05,849.6067504882812,892.0,893.0,865.0,866.0,371400
2023-07-06,828.65234375,870.0,884.0,866.0,880.0,294600
2023-07-07,824.8424072265625,866.0,881.0,860.0,867.0,461500
2023-07-10,840.08203125,882.0,889.0,867.0,872.0,360500
2023-07-11,842.939453125,885.0,897.0,883.0,884.0,302700
2023-07-12,836.2721557617188,878.0,895.0,878.0,894.0,235500
2023-07-13,830.5572509765625,872.0,882.0,865.0,882.0,249800
2023-07-14,821.0325317382812,862.0,879.0,861.0,878.0,204600
2023-07-18,838.177001953125,880.0,884.0,864.0,867.0,420900
2023-07-19,862.9413452148438,906.0,906.0,888.0,888.0,434800
2023-07-20,852.4641723632812,895.0,915.0,895.0,910.0,326300
2023-07-21,853.4166259765625,896.0,909.0,894.0,909.0,263000
2023-07-24,857.2265014648438,900.0,909.0,897.0,907.0,261200
2023-07-25,866.7512817382812,910.0,914.0,902.0,908.0,268000
2023-07-26,860.0839233398438,903.0,912.0,902.0,910.0,182900
2023-07-27,851.51171875,894.0,903.0,892.0,903.0,313900
2023-07-28,858.1790771484375,901.0,903.0,891.0,892.0,356300
2023-07-31,856.2740478515625,899.0,909.0,896.0,902.0,429700
2023-08-01,853.4166259765625,896.0,909.0,891.0,908.0,212200
2023-08-02,836.2721557617188,878.0,899.0,878.0,899.0,449300
2023-08-03,821.0325317382812,862.0,875.0,858.0,875.0,404400
2023-08-04,813.4127197265625,854.0,863.0,851.0,854.0,317300
2023-08-07,829.6047973632812,871.0,881.0,865.0,879.0,479400
2023-08-08,849.6067504882812,892.0,895.0,873.0,875.0,428200
2023-08-09,833.4146728515625,875.0,890.0,869.0,890.0,200800
2023-08-10,845.796875,888.0,888.0,871.0,874.0,150600
2023-08-14,841.9869384765625,884.0,902.0,881.0,892.0,242800
2023-08-15,828.65234375,870.0,889.0,869.0,882.0,173800
2023-08-16,817.22265625,858.0,883.0,856.0,863.0,295800
2023-08-17,825.7948608398438,867.0,870.0,853.0,855.0,212500
2023-08-18,829.6047973632812,871.0,873.0,861.0,864.0,182300
2023-08-21,835.3196411132812,877.0,883.0,869.0,876.0,151400
2023-08-22,834.3671264648438,876.0,881.0,871.0,878.0,109700
2023-08-23,837.224609375,879.0,879.0,870.0,876.0,64900
2023-08-24,836.2721557617188,878.0,885.0,873.0,883.0,168200
2023-08-25,832.4622802734375,874.0,877.0,867.0,875.0,147000
2023-08-28,850.5592041015625,893.0,896.0,881.0,881.0,184700
2023-08-29,853.4166259765625,896.0,899.0,889.0,894.0,131800
2023-08-30,849.6067504882812,892.0,900.0,892.0,900.0,105800
2023-08-31,851.51171875,894.0,899.0,892.0,893.0,143800
2023-09-01,860.0839233398438,903.0,905.0,894.0,894.0,374500
2023-09-04,871.5136108398438,915.0,918.0,903.0,908.0,314300
2023-09-05,870.5612182617188,914.0,915.0,901.0,915.0,167200
2023-09-06,870.5612182617188,914.0,917.0,906.0,910.0,185300
2023-09-07,875.3235473632812,919.0,930.0,913.0,916.0,348100
2023-09-08,862.9413452148438,906.0,923.0,906.0,918.0,294900
2023-09-11,864.8463134765625,908.0,913.0,901.0,912.0,167000
2023-09-12,855.3215942382812,898.0,912.0,897.0,908.0,262100
2023-09-13,861.9889526367188,905.0,905.0,893.0,903.0,205900
2023-09-14,862.9413452148438,906.0,908.0,899.0,905.0,98200
2023-09-15,871.5136108398438,915.0,917.0,906.0,909.0,173700
2023-09-19,885.8007202148438,930.0,930.0,911.0,914.0,273400
2023-09-20,883.8958740234375,928.0,937.0,922.0,931.0,311900
2023-09-21,870.5612182617188,914.0,926.0,913.0,926.0,187400
2023-09-22,866.7512817382812,910.0,914.0,897.0,905.0,175700
2023-09-25,878.1809692382812,922.0,926.0,908.0,915.0,118000
2023-09-26,871.5136108398438,915.0,923.0,912.0,922.0,175000
2023-09-27,872.466064453125,916.0,918.0,898.0,914.0,216600
2023-09-28,875.37109375,904.0,918.0,898.0,901.0,225300
2023-09-29,857.941162109375,886.0,911.0,879.0,910.0,249100
2023-10-02,864.719482421875,893.0,908.0,893.0,897.0,177300
2023-10-03,843.4161987304688,871.0,891.0,871.0,891.0,247200
2023-10-04,819.2079467773438,846.0,862.0,843.0,860.0,565200
2023-10-05,849.2261962890625,877.0,880.0,853.0,853.0,311900
2023-10-06,857.941162109375,886.0,892.0,880.0,884.0,250500
2023-10-10,878.2760620117188,907.0,907.0,890.0,895.0,317700
2023-10-11,856.0044555664062,884.0,907.0,884.0,907.0,224900
2023-10-12,878.2760620117188,907.0,907.0,885.0,892.0,360100
2023-10-13,878.2760620117188,907.0,914.0,901.0,906.0,315200
2023-10-16,843.4161987304688,871.0,900.0,868.0,900.0,253500
2023-10-17,847.2894897460938,875.0,883.0,867.0,883.0,151200
2023-10-18,851.162841796875,879.0,881.0,869.0,880.0,137800
2023-10-19,823.0812377929688,850.0,871.0,850.0,864.0,428600
2023-10-20,787.2529907226562,813.0,844.0,813.0,844.0,428900
2023-10-23,778.5380249023438,804.0,814.0,795.0,801.0,304700
2023-10-24,825.9862060546875,853.0,857.0,803.0,804.0,507700
2023-10-25,802.7462768554688,829.0,864.0,829.0,857.0,377800
2023-10-26,800.8096313476562,827.0,840.0,824.0,829.0,286400
2023-10-27,818.2395629882812,845.0,851.0,835.0,835.0,177600
2023-10-30,816.3029174804688,843.0,846.0,834.0,838.0,979300
2023-10-31,829.8595581054688,857.0,866.0,845.0,850.0,317900
2023-11-01,815.3345947265625,842.0,875.0,841.0,872.0,245400
2023-11-02,819.2079467773438,846.0,859.0,846.0,850.0,180300
2023-11-06,834.7012329101562,862.0,871.0,850.0,853.0,310800
2023-11-07,823.0812377929688,850.0,868.0,849.0,868.0,154200
2023-11-08,853.0995483398438,881.0,894.0,870.0,870.0,514100
2023-11-09,855.0361328125,883.0,889.0,864.0,874.0,200500
2023-11-10,861.8145141601562,890.0,894.0,869.0,882.0,216300
2023-11-13,856.9728393554688,885.0,907.0,885.0,897.0,149000
2023-11-14,855.0361328125,883.0,896.0,883.0,894.0,96900
2023-11-15,860.84619140625,889.0,898.0,880.0,882.0,164400
2023-11-16,856.9728393554688,885.0,897.0,879.0,889.0,166000
2023-11-17,870.5294189453125,899.0,904.0,880.0,880.0,311900
2023-11-20,868.5928344726562,897.0,909.0,894.0,902.0,209800
2023-11-21,883.1177368164062,912.0,916.0,893.0,895.0,218700
2023-11-22,883.1177368164062,912.0,916.0,902.0,903.0,188100
2023-11-24,877.3078002929688,906.0,925.0,905.0,916.0,212100
2023-11-27,854.06787109375,882.0,906.0,881.0,905.0,218800
2023-11-28,856.9728393554688,885.0,888.0,876.0,886.0,146100
2023-11-29,866.6561279296875,895.0,903.0,889.0,900.0,169700
2023-11-30,889.8960571289062,919.0,919.0,900.0,900.0,201100
2023-12-01,877.3078002929688,906.0,924.0,903.0,924.0,227800
2023-12-04,880.2127685546875,909.0,914.0,902.0,904.0,66900
2023-12-05,854.06787109375,882.0,907.0,881.0,904.0,164600
2023-12-06,869.5611572265625,898.0,901.0,886.0,886.0,160900
2023-12-07,839.5428466796875,867.0,891.0,864.0,891.0,208600
2023-12-08,823.0812377929688,850.0,867.0,850.0,866.0,291900
2023-12-11,828.8912353515625,856.0,857.0,844.0,856.0,223800
2023-12-12,811.4613037109375,838.0,853.0,836.0,852.0,236600
2023-12-13,818.2395629882812,845.0,850.0,835.0,840.0,201400
2023-12-14,804.6829833984375,831.0,847.0,829.0,840.0,214800
2023-12-15,802.7462768554688,829.0,838.0,823.0,836.0,181300
2023-12-18,793.06298828125,819.0,823.0,808.0,823.0,199600
2023-12-19,805.6513061523438,832.0,833.0,819.0,827.0,216900
2023-12-20,801.7779541015625,828.0,840.0,825.0,829.0,267700
2023-12-21,788.2213134765625,814.0,827.0,810.0,824.0,211500
2023-12-22,780.4746704101562,806.0,815.0,803.0,813.0,324200
2023-12-25,783.379638671875,809.0,815.0,806.0,810.0,158900
2023-12-26,783.379638671875,809.0,809.0,802.0,803.0,140800
2023-12-27,794.9996337890625,821.0,824.0,810.0,811.0,214000
2023-12-28,803.7146606445312,830.0,830.0,818.0,823.0,204800
2023-12-29,816.3029174804688,843.0,845.0,831.0,843.0,201200
2024-01-04,830.827880859375,858.0,859.0,834.0,845.0,179400
2024-01-05,823.0812377929688,850.0,862.0,850.0,861.0,142100
2024-01-09,847.2894897460938,875.0,875.0,856.0,856.0,200200
2024-01-10,863.7510986328125,892.0,897.0,880.0,895.0,331900
2024-01-11,856.0044555664062,884.0,895.0,884.0,893.0,190100
2024-01-12,847.2894897460938,875.0,887.0,871.0,884.0,180900
2024-01-15,851.162841796875,879.0,882.0,875.0,882.0,25000
2024-01-16,844.384521484375,872.0,882.0,872.0,882.0,134100
2024-01-17,833.7328491210938,861.0,879.0,861.0,873.0,128600
2024-01-18,829.8595581054688,857.0,866.0,857.0,860.0,112000
2024-01-19,834.7012329101562,862.0,866.0,858.0,863.0,94200
2024-01-22,853.0995483398438,881.0,883.0,868.0,868.0,115500
2024-01-23,838.5745239257812,866.0,883.0,865.0,882.0,160700
2024-01-24,849.2261962890625,877.0,882.0,868.0,880.0,229100
2024-01-25,854.06787109375,882.0,886.0,876.0,882.0,182600
2024-01-26,846.3211669921875,874.0,881.0,870.0,877.0,167300
2024-01-29,852.1311645507812,880.0,886.0,876.0,876.0,92000
2024-01-30,842.4478759765625,870.0,881.0,870.0,881.0,138300
2024-01-31,848.2578125,876.0,876.0,864.0,871.0,126100
2024-02-01,839.5428466796875,867.0,873.0,865.0,870.0,153300
2024-02-02,838.5745239257812,866.0,874.0,864.0,868.0,135600
2024-02-05,844.384521484375,872.0,878.0,869.0,875.0,89400
2024-02-06,837.606201171875,865.0,871.0,865.0,870.0,114700
2024-02-07,838.5745239257812,866.0,871.0,861.0,870.0,148700
2024-02-08,833.7328491210938,861.0,865.0,833.0,852.0,404900
2024-02-09,819.2079467773438,846.0,864.0,846.0,860.0,122800
2024-02-13,846.3211669921875,874.0,874.0,855.0,855.0,216200
2024-02-14,828.8912353515625,856.0,868.0,852.0,866.0,137700
2024-02-15,818.2395629882812,845.0,865.0,840.0,854.0,167000
2024-02-16,838.5745239257812,866.0,869.0,853.0,856.0,216500
2024-02-19,837.606201171875,865.0,865.0,858.0,865.0,107900
2024-02-20,843.4161987304688,871.0,874.0,860.0,865.0,121600
2024-02-21,844.384521484375,872.0,875.0,868.0,869.0,113300
2024-02-22,853.0995483398438,881.0,887.0,875.0,876.0,178500
2024-02-26,871.4977416992188,900.0,903.0,889.0,889.0,311100
2024-02-27,878.2760620117188,907.0,913.0,893.0,900.0,241100
2024-02-28,884.0861206054688,913.0,920.0,908.0,910.0,205200
2024-02-29,882.1494140625,911.0,916.0,900.0,914.0,175300
2024-03-01,877.3078002929688,906.0,914.0,905.0,909.0,125100
2024-03-04,871.4977416992188,900.0,908.0,898.0,905.0,190600
2024-03-05,881.1810913085938,910.0,914.0,892.0,896.0,183200
2024-03-06,910.2310180664062,940.0,943.0,910.0,910.0,361800
2024-03-07,908.2943725585938,938.0,947.0,931.0,940.0,224500
2024-03-08,929.59765625,960.0,965.0,931.0,932.0,292100
2024-03-11,909.2626953125,939.0,967.0,929.0,956.0,296600
2024-03-12,914.1043701171876,944.0,946.0,915.0,928.0,197100
2024-03-13,906.3577270507812,936.0,959.0,931.0,959.0,121300
2024-03-14,916.041015625,946.0,949.0,932.0,936.0,128000
2024-03-15,922.8193359375,953.0,953.0,940.0,943.0,402200
2024-03-18,918.9459838867188,949.0,960.0,947.0,953.0,187300
2024-03-19,942.1859130859376,973.0,1004.0,970.0,981.0,413600
2024-03-21,945.0909423828124,976.0,988.0,973.0,988.0,166600
2024-03-22,946.0592651367188,977.0,984.0,973.0,980.0,123900
2024-03-25,952.8375854492188,984.0,990.0,975.0,980.0,279100
2024-03-26,950.90087890625,982.0,989.0,972.0,984.0,179600
2024-03-27,956.7109375,988.0,997.0,983.0,984.0,190400
2024-03-28,938.0289916992188,954.0,977.0,953.0,967.0,133200
2024-03-29,958.6774291992188,975.0,977.0,961.0,965.0,75000
2024-04-01,940.978759765625,957.0,985.0,955.0,985.0,125300
2024-04-02,920.330322265625,936.0,966.0,935.0,957.0,144900
2024-04-03,917.3805541992188,933.0,940.0,925.0,932.0,159800
2024-04-04,923.2800903320312,939.0,945.0,933.0,936.0,137800
2024-04-05,906.564697265625,922.0,930.0,915.0,930.0,158700
2024-04-08,916.3972778320312,932.0,941.0,926.0,927.0,108800
2024-04-09,926.2298583984376,942.0,942.0,931.0,932.0,86400
2024-04-10,919.3470458984376,935.0,945.0,935.0,936.0,61500
2024-04-11,927.213134765625,943.0,950.0,919.0,930.0,172100
2024-04-12,927.213134765625,943.0,958.0,942.0,948.0,118300
2024-04-15,917.3805541992188,933.0,939.0,932.0,936.0,72700
2024-04-16,898.6986083984375,914.0,935.0,913.0,935.0,126400
2024-04-17,886.8995361328125,902.0,917.0,901.0,914.0,84700
2024-04-18,897.7153930664062,913.0,914.0,901.0,901.0,79600
2024-04-19,876.0836791992188,891.0,907.0,877.0,907.0,189600
2024-04-22,882.9664916992188,898.0,906.0,892.0,900.0,110400
2024-04-23,889.8493041992188,905.0,908.0,898.0,901.0,75700
2024-04-24,898.6986083984375,914.0,923.0,903.0,906.0,97800
2024-04-25,894.765625,910.0,915.0,906.0,914.0,75500
2024-04-26,898.6986083984375,914.0,916.0,902.0,911.0,108200
2024-04-30,904.5982055664062,920.0,927.0,915.0,918.0,106600
2024-05-01,901.6484375,917.0,920.0,912.0,920.0,62700
2024-05-02,896.7321166992188,912.0,917.0,909.0,917.0,45800
2024-05-07,889.8493041992188,905.0,911.0,902.0,911.0,96500
2024-05-08,884.9329833984375,900.0,907.0,895.0,904.0,104000
2024-05-09,929.1796875,945.0,952.0,913.0,915.0,361200
2024-05-10,934.095947265625,950.0,960.0,943.0,955.0,173400
2024-05-13,943.9285278320312,960.0,965.0,947.0,949.0,110000
2024-05-14,939.9954833984376,956.0,960.0,941.0,960.0,117000
2024-05-15,929.1796875,945.0,960.0,941.0,960.0,169200
2024-05-16,901.6484375,917.0,985.0,910.0,950.0,348600
2024-05-17,891.8157958984375,907.0,918.0,897.0,906.0,129700
2024-05-20,886.8995361328125,902.0,919.0,900.0,908.0,161100
2024-05-21,883.9497680664062,899.0,908.0,899.0,902.0,166500
2024-05-22,866.2510986328125,881.0,897.0,881.0,897.0,204100
2024-05-23,873.1339111328125,888.0,896.0,871.0,880.0,235400
2024-05-24,865.267822265625,880.0,882.0,863.0,866.0,143500
2024-05-27,877.0669555664062,892.0,894.0,881.0,885.0,118100
2024-05-28,865.267822265625,880.0,894.0,877.0,894.0,96600
2024-05-29,858.385009765625,873.0,884.0,870.0,877.0,111300
2024-05-30,863.3013305664062,878.0,878.0,860.0,865.0,139200
2024-05-31,869.2008666992188,884.0,887.0,875.0,875.0,105700
2024-06-03,889.8493041992188,905.0,913.0,903.0,910.0,208500
2024-06-04,884.9329833984375,900.0,900.0,890.0,897.0,123600
2024-06-05,864.2845458984375,879.0,892.0,879.0,892.0,128600
2024-06-06,858.385009765625,873.0,888.0,873.0,885.0,113800
2024-06-07,859.3682861328125,874.0,881.0,871.0,874.0,64200
2024-06-10,882.9664916992188,898.0,898.0,876.0,880.0,135800
2024-06-11,873.1339111328125,888.0,907.0,885.0,901.0,188000
2024-06-12,879.033447265625,894.0,899.0,889.0,891.0,107600
2024-06-13,870.1841430664062,885.0,895.0,881.0,890.0,102700
2024-06-14,888.8660278320312,904.0,908.0,885.0,886.0,159900
2024-06-17,887.8828125,903.0,906.0,888.0,906.0,134000
2024-06-18,916.3972778320312,932.0,934.0,912.0,912.0,193300
2024-06-19,916.3972778320312,932.0,942.0,926.0,927.0,160200
2024-06-20,920.330322265625,936.0,945.0,927.0,935.0,184500
2024-06-21,927.213134765625,943.0,946.0,933.0,938.0,198300
2024-06-24,932.1294555664062,948.0,957.0,944.0,949.0,214600
2024-06-25,956.7109375,973.0,973.0,955.0,958.0,295400
2024-06-26,951.7946166992188,968.0,974.0,964.0,973.0,173700
2024-06-27,975.392822265625,992.0,995.0,966.0,966.0,244100
2024-06-28,973.4263305664062,990.0,1001.0,978.0,1001.0,225800
2024-07-01,970.4765625,987.0,997.0,984.0,995.0,130800
2024-07-02,958.6774291992188,975.0,985.0,974.0,983.0,116300
2024-07-03,966.5435180664062,983.0,989.0,974.0,974.0,157500
2024-07-04,971.4597778320312,988.0,989.0,979.0,981.0,103400
2024-07-05,956.7109375,973.0,994.0,971.0,992.0,116200
2024-07-08,950.8113403320312,967.0,973.0,950.0,966.0,165700
2024-07-09,959.6607055664062,976.0,979.0,965.0,967.0,109300
2024-07-10,951.7946166992188,968.0,979.0,962.0,975.0,121100
2024-07-11,949.828125,966.0,974.0,964.0,971.0,121600
2024-07-12,976.3760986328124,993.0,999.0,969.0,970.0,234500
2024-07-16,963.59375,980.0,995.0,978.0,994.0,103900
2024-07-17,976.3760986328124,993.0,997.0,986.0,992.0,104400
2024-07-18,955.7276611328124,972.0,992.0,970.0,988.0,105900
2024-07-19,939.0122680664062,955.0,968.0,951.0,967.0,116700
2024-07-22,926.2298583984376,942.0,960.0,941.0,960.0,89100
2024-07-23,930.1629028320312,946.0,948.0,940.0,944.0,86500
2024-07-24,918.3638305664062,934.0,949.0,931.0,946.0,77100
2024-07-25,899.681884765625,915.0,927.0,910.0,915.0,161700
2024-07-26,903.6149291992188,919.0,927.0,911.0,921.0,101800
2024-07-29,928.1964111328124,944.0,946.0,928.0,934.0,89300
2024-07-30,919.3470458984376,935.0,943.0,932.0,936.0,86000
2024-07-31,941.9620361328124,958.0,959.0,927.0,930.0,131000
2024-08-01,908.53125,924.0,954.0,921.0,954.0,158800
2024-08-02,857.4017333984375,872.0,909.0,870.0,909.0,223800
2024-08-05,730.5613403320312,743.0,837.0,733.0,837.0,404500
2024-08-06,814.1383666992188,828.0,837.0,795.0,795.0,286800
2024-08-07,800.3727416992188,814.0,840.0,796.0,800.0,197100
2024-08-08,803.322509765625,817.0,830.0,809.0,821.0,166300
2024-08-09,786.6071166992188,800.0,845.0,786.0,843.0,357200
2024-08-13,821.0211791992188,835.0,835.0,811.0,811.0,130100
2024-08-14,834.7868041992188,849.0,855.0,830.0,835.0,123100
2024-08-15,855.4352416992188,870.0,874.0,852.0,854.0,130900
2024-08-16,871.1673583984375,886.0,888.0,874.0,885.0,100800
2024-08-19,856.4185180664062,871.0,897.0,871.0,880.0,112600
2024-08-20,865.267822265625,880.0,884.0,875.0,875.0,53700
2024-08-21,856.4185180664062,871.0,876.0,866.0,873.0,90300
2024-08-22,869.2008666992188,884.0,892.0,880.0,880.0,91000
2024-08-23,862.3180541992188,877.0,885.0,873.0,882.0,80000
2024-08-26,873.1339111328125,888.0,890.0,876.0,888.0,151700
2024-08-27,874.1171875,889.0,898.0,889.0,890.0,122500
2024-08-28,863.3013305664062,878.0,884.0,872.0,881.0,103200
2024-08-29,856.4185180664062,871.0,882.0,871.0,873.0,75600
2024-08-30,870.1841430664062,885.0,885.0,871.0,875.0,74200
2024-09-02,864.2845458984375,879.0,892.0,875.0,889.0,84500
2024-09-03,867.234375,882.0,889.0,876.0,879.0,50200
2024-09-04,843.6361083984375,858.0,868.0,852.0,858.0,163200
2024-09-05,844.619384765625,859.0,867.0,849.0,850.0,104100
2024-09-06,831.8370361328125,846.0,862.0,843.0,862.0,83400
2024-09-09,822.0044555664062,836.0,841.0,816.0,825.0,116600
2024-09-10,816.1049194335938,830.0,844.0,830.0,841.0,99500
2024-09-11,809.2221069335938,823.0,838.0,816.0,830.0,127600
2024-09-12,829.8705444335938,844.0,844.0,830.0,838.0,166500
2024-09-13,831.8370361328125,846.0,858.0,837.0,853.0,227100
2024-09-17,818.0714111328125,832.0,847.0,821.0,847.0,133600
2024-09-18,823.970947265625,838.0,842.0,831.0,842.0,148000
2024-09-19,841.6696166992188,856.0,863.0,845.0,845.0,133800
2024-09-20,847.5691528320312,862.0,870.0,858.0,863.0,139400
2024-09-24,846.5859375,861.0,872.0,861.0,870.0,125300
2024-09-25,857.4017333984375,872.0,874.0,854.0,863.0,176300
2024-09-26,881.0,896.0,898.0,875.0,878.0,234100
2024-09-27,892.0,892.0,898.0,885.0,898.0,181300
2024-09-30,860.0,860.0,867.0,852.0,855.0,191200
2024-10-01,872.0,872.0,872.0,862.0,862.0,89000
2024-10-02,862.0,862.0,872.0,858.0,862.0,134100
2024-10-03,860.0,860.0,878.0,860.0,875.0,151000
2024-10-04,866.0,866.0,869.0,861.0,862.0,167700
2024-10-07,866.0,866.0,877.0,863.0,877.0,151000
2024-10-08,860.0,860.0,876.0,859.0,865.0,157100
2024-10-09,858.0,858.0,864.0,853.0,861.0,133100
2024-10-10,856.0,856.0,859.0,851.0,859.0,112500
2024-10-11,851.0,851.0,859.0,848.0,851.0,143500
2024-10-15,860.0,860.0,869.0,854.0,865.0,108000
2024-10-16,855.0,855.0,860.0,846.0,851.0,83300
2024-10-17,850.0,850.0,858.0,850.0,856.0,112700
2024-10-18,853.0,853.0,856.0,849.0,853.0,85500
2024-10-21,856.0,856.0,858.0,852.0,855.0,53500
2024-10-22,835.0,835.0,852.0,835.0,850.0,145900
2024-10-23,827.0,827.0,840.0,827.0,831.0,101600
2024-10-24,830.0,830.0,834.0,818.0,830.0,150200
2024-10-25,829.0,829.0,834.0,822.0,828.0,128200
2024-10-28,845.0,845.0,848.0,826.0,831.0,171200
2024-10-29,840.0,840.0,842.0,833.0,836.0,187600
2024-10-30,854.0,854.0,860.0,842.0,843.0,633500
2024-10-31,855.0,855.0,860.0,848.0,850.0,130300
2024-11-01,844.0,844.0,850.0,842.0,845.0,124100
2024-11-05,858.0,858.0,862.0,846.0,855.0,120000
2024-11-06,850.0,850.0,863.0,848.0,851.0,184600
2024-11-07,867.0,867.0,867.0,855.0,865.0,167000
2024-11-08,864.0,864.0,876.0,856.0,867.0,357200
2024-11-11,829.0,829.0,853.0,826.0,849.0,360100
2024-11-12,826.0,826.0,844.0,826.0,835.0,252400
2024-11-13,820.0,820.0,832.0,817.0,829.0,205400
2024-11-14,825.0,825.0,830.0,816.0,820.0,155100
2024-11-15,824.0,824.0,834.0,820.0,830.0,140300
2024-11-18,817.0,817.0,820.0,810.0,817.0,183500
2024-11-19,829.0,829.0,829.0,815.0,815.0,186900
2024-11-20,816.0,816.0,830.0,815.0,822.0,139600
2024-11-21,816.0,816.0,819.0,811.0,815.0,102900
2024-11-22,816.0,816.0,825.0,816.0,816.0,175300
2024-11-25,812.0,812.0,826.0,812.0,825.0,181000
2024-11-26,815.0,815.0,818.0,807.0,816.0,192900
2024-11-27,793.0,793.0,815.0,786.0,810.0,271800
2024-11-28,796.0,796.0,798.0,785.0,786.0,139700
2024-11-29,802.0,802.0,802.0,797.0,799.0,134700
2024-12-02,806.0,806.0,808.0,795.0,806.0,223800
2024-12-03,814.0,814.0,819.0,806.0,807.0,263000
2024-12-04,797.0,797.0,814.0,796.0,809.0,165200
2024-12-05,804.0,804.0,805.0,798.0,800.0,125200
2024-12-06,805.0,805.0,806.0,795.0,795.0,126500
2024-12-09,807.0,807.0,809.0,799.0,801.0,135400
2024-12-10,814.0,814.0,814.0,804.0,810.0,164800
2024-12-11,807.0,807.0,809.0,798.0,807.0,194600
2024-12-12,805.0,805.0,810.0,801.0,810.0,151300
2024-12-13,810.0,810.0,810.0,798.0,805.0,163800
2024-12-16,836.0,836.0,839.0,814.0,814.0,231500
2024-12-17,817.0,817.0,836.0,817.0,836.0,104900
2024-12-18,815.0,815.0,825.0,815.0,822.0,71200
2024-12-19,812.0,812.0,812.0,800.0,802.0,97600
2024-12-20,802.0,802.0,814.0,802.0,808.0,107600
2024-12-23,817.0,817.0,817.0,805.0,808.0,83300
2024-12-24,810.0,810.0,816.0,809.0,816.0,45200
2024-12-25,813.0,813.0,813.0,805.0,811.0,63600
2024-12-26,821.0,821.0,823.0,811.0,813.0,123000
2024-12-27,825.0,825.0,828.0,822.0,824.0,118700
2024-12-30,826.0,826.0,835.0,822.0,822.0,91800
2025-01-06,815.0,815.0,829.0,815.0,828.0,128400
2025-01-07,819.0,819.0,826.0,812.0,821.0,136900
2025-01-08,818.0,818.0,822.0,815.0,815.0,122800
2025-01-09,813.0,813.0,821.0,812.0,821.0,109300
2025-01-10,822.0,822.0,825.0,812.0,812.0,116300
2025-01-14,806.0,806.0,820.0,802.0,820.0,144200
2025-01-15,807.0,807.0,809.0,802.0,806.0,94000
2025-01-16,803.0,803.0,812.0,802.0,808.0,71300
2025-01-17,807.0,807.0,809.0,799.0,802.0,105600
2025-01-20,818.0,818.0,823.0,806.0,807.0,116700
2025-01-21,828.0,828.0,833.0,820.0,824.0,150700
2025-01-22,844.0,844.0,848.0,828.0,833.0,257700
2025-01-23,848.0,848.0,850.0,841.0,847.0,167300
2025-01-24,854.0,854.0,860.0,849.0,855.0,260600
2025-01-27,861.0,861.0,867.0,857.0,862.0,142600
2025-01-28,865.0,865.0,865.0,852.0,853.0,145200
2025-01-29,859.0,859.0,868.0,857.0,865.0,124500
2025-01-30,865.0,865.0,865.0,855.0,856.0,105500
2025-01-31,862.0,862.0,867.0,857.0,867.0,94300
2025-02-03,837.0,837.0,860.0,833.0,858.0,222600
2025-02-04,846.0,846.0,857.0,845.0,848.0,131100
2025-02-05,852.0,852.0,855.0,847.0,851.0,116300
2025-02-06,877.0,877.0,879.0,849.0,850.0,402700
2025-02-07,895.0,895.0,912.0,871.0,878.0,427200
2025-02-10,904.0,904.0,935.0,903.0,919.0,451700
2025-02-12,886.0,886.0,902.0,880.0,901.0,275600
2025-02-13,888.0,888.0,892.0,882.0,887.0,154200
2025-02-14,877.0,877.0,886.0,873.0,884.0,158800
2025-02-17,867.0,867.0,875.0,867.0,872.0,108900
2025-02-18,855.0,855.0,868.0,855.0,865.0,153700
2025-02-19,853.0,853.0,858.0,847.0,850.0,195700
2025-02-20,844.0,844.0,852.0,841.0,850.0,118200
2025-02-21,836.0,836.0,840.0,830.0,840.0,122100
2025-02-25,836.0,836.0,836.0,823.0,823.0,97000
2025-02-26,824.0,824.0,831.0,820.0,831.0,133300
2025-02-27,833.0,833.0,836.0,827.0,827.0,61100
2025-02-28,809.0508422851562,823.0,830.0,818.0,830.0,129200
2025-03-03,825.7626953125,840.0,846.0,830.0,830.0,133700
2025-03-04,819.8643798828125,834.0,843.0,832.0,840.0,111200
2025-03-05,833.6270751953125,848.0,852.0,838.0,840.0,111100
2025-03-06,840.5084838867188,855.0,861.0,850.0,851.0,133400
2025-03-07,832.64404296875,847.0,854.0,840.0,848.0,134100
2025-03-10,837.559326171875,852.0,855.0,845.0,851.0,117700
2025-03-11,831.6610107421875,846.0,847.0,835.0,842.0,144400
2025-03-12,833.6270751953125,848.0,851.0,839.0,842.0,127600
2025-03-13,833.6270751953125,848.0,856.0,847.0,851.0,91000
2025-03-14,831.6610107421875,846.0,852.0,841.0,841.0,112100
2025-03-17,860.1694946289062,875.0,881.0,862.0,866.0,252500
2025-03-18,865.084716796875,880.0,894.0,880.0,883.0,206200
2025-03-19,876.88134765625,892.0,896.0,882.0,883.0,135700
2025-03-21,872.9491577148438,888.0,895.0,888.0,891.0,114600
2025-03-24,864.1016845703125,879.0,895.0,876.0,894.0,126600
2025-03-25,865.084716796875,880.0,884.0,875.0,881.0,111300
2025-03-26,870.9830322265625,886.0,886.0,876.0,882.0,131400
2025-03-27,870.0,885.0,885.0,874.0,879.0,174500
2025-03-28,861.0,861.0,873.0,858.0,867.0,168600
2025-03-31,832.0,832.0,851.0,830.0,851.0,201200
2025-04-01,832.0,832.0,847.0,827.0,847.0,177700
2025-04-02,827.0,827.0,836.0,821.0,832.0,111900
2025-04-03,798.0,798.0,803.0,792.0,800.0,265500
2025-04-04,753.0,753.0,783.0,739.0,783.0,350600
2025-04-07,692.0,692.0,711.0,684.0,694.0,285600
2025-04-08,737.0,737.0,747.0,722.0,722.0,268100
2025-04-09,707.0,707.0,717.0,696.0,711.0,345200
2025-04-10,740.0,740.0,754.0,737.0,752.0,296900
2025-04-11,727.0,727.0,732.0,702.0,715.0,305000
2025-04-14,738.0,738.0,743.0,734.0,739.0,125200
2025-04-15,736.0,736.0,743.0,735.0,741.0,96600
2025-04-16,723.0,723.0,740.0,721.0,737.0,212300
2025-04-17,729.0,729.0,729.0,720.0,722.0,172800
2025-04-18,740.0,740.0,740.0,731.0,731.0,117000
2025-04-21,727.0,727.0,740.0,725.0,740.0,122000
2025-04-22,725.0,725.0,732.0,721.0,727.0,117500
2025-04-23,731.0,731.0,739.0,728.0,734.0,276000
2025-04-24,734.0,734.0,744.0,733.0,737.0,183400
2025-04-25,737.0,737.0,745.0,734.0,745.0,315600
2025-04-28,739.0,739.0,745.0,738.0,743.0,235100
2025-04-30,736.0,736.0,741.0,729.0,740.0,289700
2025-05-01,733.0,733.0,738.0,725.0,735.0,266500
2025-05-02,749.0,749.0,753.0,738.0,739.0,232700
2025-05-07,753.0,753.0,754.0,742.0,748.0,157500
2025-05-08,756.0,756.0,763.0,748.0,755.0,140800
2025-05-09,774.0,774.0,778.0,761.0,761.0,198400
2025-05-12,788.0,788.0,789.0,775.0,775.0,107600
2025-05-13,799.0,799.0,801.0,792.0,798.0,150800
2025-05-14,806.0,806.0,808.0,790.0,799.0,202000
2025-05-15,737.0,737.0,805.0,733.0,804.0,462400
2025-05-16,709.0,709.0,730.0,698.0,718.0,896100
2025-05-19,703.0,703.0,710.0,698.0,702.0,514000
2025-05-20,706.0,706.0,713.0,704.0,707.0,222700
2025-05-21,705.0,705.0,714.0,705.0,714.0,254100
2025-05-22,709.0,709.0,712.0,695.0,699.0,235400
2025-05-23,714.0,714.0,718.0,710.0,711.0,173300
2025-05-26,716.0,716.0,722.0,714.0,715.0,157500
2025-05-27,717.0,717.0,717.0,712.0,715.0,71400
2025-05-28,719.0,719.0,726.0,718.0,721.0,162400
2025-05-29,721.0,721.0,726.0,719.0,721.0,139200
2025-05-30,734.0,734.0,737.0,716.0,718.0,170400
2025-06-02,721.0,721.0,731.0,720.0,728.0,140100
2025-06-03,711.0,711.0,721.0,711.0,721.0,222600
2025-06-04,717.0,717.0,723.0,714.0,715.0,129100
2025-06-05,712.0,712.0,720.0,712.0,717.0,166400
2025-06-06,716.0,716.0,725.0,714.0,714.0,118700
2025-06-09,713.0,713.0,722.0,712.0,720.0,117900
2025-06-10,708.0,708.0,716.0,707.0,713.0,250400
2025-06-11,716.0,716.0,718.0,709.0,711.0,360500
2025-06-12,712.0,712.0,720.0,712.0,717.0,110800
2025-06-13,698.0,698.0,712.0,695.0,708.0,419500
2025-06-16,703.0,703.0,704.0,696.0,699.0,159600
2025-06-17,710.0,710.0,711.0,703.0,703.0,128200
2025-06-18,706.0,706.0,710.0,704.0,708.0,128300
2025-06-19,697.0,697.0,706.0,697.0,705.0,186100
2025-06-20,702.0,702.0,708.0,695.0,697.0,203000
2025-06-23,698.0,698.0,701.0,692.0,700.0,236000
2025-06-24,702.0,702.0,704.0,697.0,704.0,100900
2025-06-25,705.0,705.0,707.0,697.0,707.0,142400
2025-06-26,711.0,711.0,711.0,702.0,702.0,187600
2025-06-27,719.0,719.0,720.0,713.0,717.0,279400
2025-06-30,716.0,716.0,725.0,716.0,720.0,173800
2025-07-01,721.0,721.0,724.0,716.0,717.0,210300
2025-07-02,722.0,722.0,726.0,715.0,716.0,177900
2025-07-03,731.0,731.0,733.0,720.0,722.0,366200
2025-07-04,725.0,725.0,733.0,723.0,730.0,127100
2025-07-07,712.0,712.0,725.0,711.0,724.0,144600
2025-07-08,727.0,727.0,729.0,713.0,713.0,164800
2025-07-09,726.0,726.0,730.0,724.0,729.0,130100
2025-07-10,725.0,725.0,727.0,720.0,726.0,171100
2025-07-11,725.0,725.0,732.0,725.0,728.0,123300
2025-07-14,727.0,727.0,730.0,724.0,726.0,72600
2025-07-15,725.0,725.0,731.0,725.0,729.0,66100
2025-07-16,724.0,724.0,727.0,723.0,726.0,89700
2025-07-17,725.0,725.0,727.0,720.0,723.0,135300
2025-07-18,727.0,727.0,729.0,724.0,726.0,98900
2025-07-22,726.0,726.0,732.0,726.0,727.0,92800
2025-07-23,744.0,744.0,745.0,731.0,732.0,263400
2025-07-24,745.0,745.0,751.0,739.0,750.0,200800
2025-07-25,743.0,743.0,748.0,738.0,743.0,126700
2025-07-28,751.0,751.0,757.0,741.0,743.0,230600
2025-07-29,734.0,734.0,743.0,728.0,742.0,217600
2025-07-30,737.0,737.0,739.0,730.0,732.0,144900
2025-07-31,748.0,748.0,749.0,737.0,737.0,129700
2025-08-01,757.0,757.0,760.0,749.0,750.0,143200
2025-08-04,753.0,753.0,754.0,742.0,743.0,98100
2025-08-05,753.0,753.0,761.0,753.0,753.0,65100
2025-08-06,761.0,761.0,762.0,753.0,756.0,115200
2025-08-07,764.0,764.0,765.0,758.0,761.0,149600
2025-08-08,788.0,788.0,790.0,753.0,764.0,400000
2025-08-12,791.0,791.0,796.0,768.0,780.0,409100
2025-08-13,789.0,789.0,796.0,786.0,790.0,177600
2025-08-14,786.0,786.0,790.0,781.0,789.0,144500
2025-08-15,785.0,785.0,787.0,780.0,785.0,126100
2025-08-18,786.0,786.0,788.0,782.0,783.0,69400
2025-08-19,789.0,789.0,792.0,786.0,786.0,140300
2025-08-20,783.0,783.0,791.0,778.0,787.0,220300
2025-08-21,788.0,788.0,791.0,780.0,782.0,107400
2025-08-22,798.0,798.0,798.0,788.0,788.0,134900
2025-08-25,823.0,823.0,825.0,809.0,809.0,258000
2025-08-26,817.0,817.0,827.0,815.0,823.0,195800
2025-08-27,813.0,813.0,819.0,809.0,817.0,156400
2025-08-28,812.0,812.0,822.0,809.0,813.0,217100
2025-08-29,800.2962646484375,814.0,817.0,808.0,812.0,119800
2025-09-01,804.2289428710938,818.0,819.0,806.0,812.0,138500
2025-09-02,827.8248901367188,842.0,850.0,818.0,820.0,285400
2025-09-03,820.9427490234375,835.0,844.0,831.0,836.0,178300
2025-09-04,820.9427490234375,835.0,841.0,835.0,835.0,87600
2025-09-05,829.791259765625,844.0,849.0,836.0,836.0,139500
2025-09-08,833.723876953125,848.0,851.0,842.0,848.0,152300
2025-09-09,824.8754272460938,839.0,857.0,838.0,849.0,136200
2025-09-10,824.8754272460938,839.0,845.0,831.0,842.0,176000
2025-09-11,857.31982421875,872.0,888.0,844.0,847.0,659600
2025-09-12,843.5555419921875,858.0,876.0,858.0,873.0,235400
2025-09-16,857.31982421875,872.0,878.0,864.0,868.0,230500
2025-09-17,858.3030395507812,873.0,882.0,870.0,878.0,178600
2025-09-18,882.8821411132812,898.0,900.0,874.0,876.0,379200
2025-09-19,870.1010131835938,885.0,912.0,884.0,909.0,449800
2025-09-22,868.1346435546875,883.0,895.0,883.0,885.0,135400
2025-09-24,869.1178588867188,884.0,891.0,871.0,880.0,190000
2025-09-25,875.016845703125,890.0,890.0,882.0,884.0,130700
2025-09-26,876.0,891.0,900.0,880.0,895.0,307800
2025-09-29,879.0,879.0,880.0,871.0,879.0,305100
2025-09-30,869.0,869.0,878.0,866.0,875.0,153700
2025-10-01,846.0,846.0,866.0,841.0,866.0,174900
2025-10-02,849.0,849.0,857.0,846.0,849.0,174200
2025-10-03,849.0,849.0,856.0,843.0,852.0,97800
2025-10-06,857.0,857.0,871.0,857.0,867.0,155000
2025-10-07,858.0,858.0,866.0,857.0,860.0,127000
2025-10-08,849.0,849.0,863.0,849.0,855.0,94600
2025-10-09,862.0,862.0,862.0,849.0,850.0,121900
2025-10-10,833.0,833.0,851.0,829.0,851.0,186400
2025-10-14,820.0,820.0,834.0,816.0,818.0,132800
2025-10-15,842.0,842.0,844.0,829.0,829.0,117100
2025-10-16,842.0,842.0,851.0,837.0,845.0,90500
2025-10-17,833.0,833.0,842.0,830.0,842.0,117400
2025-10-20,847.0,847.0,848.0,839.0,842.0,97800
2025-10-21,847.0,847.0,852.0,844.0,849.0,198100
2025-10-22,842.0,842.0,856.0,842.0,844.0,358200
2025-10-23,849.0,849.0,854.0,841.0,842.0,145900
2025-10-24,854.0,854.0,860.0,852.0,853.0,136200
2025-10-27,873.0,873.0,874.0,861.0,867.0,178100
2025-10-28,841.0,841.0,871.0,838.0,864.0,181000
2025-10-29,831.0,831.0,845.0,830.0,841.0,163300
2025-10-30,836.0,836.0,842.0,830.0,831.0,161300
2025-10-31,838.0,838.0,839.0,826.0,836.0,128300
2025-11-04,843.0,843.0,853.0,831.0,836.0,146300
2025-11-05,830.0,830.0,844.0,819.0,843.0,194200
2025-11-06,836.0,836.0,844.0,830.0,831.0,129100
2025-11-07,801.0,801.0,830.0,791.0,826.0,201100
2025-11-10,800.0,800.0,807.0,792.0,801.0,295300
2025-11-11,798.0,798.0,807.0,793.0,800.0,130400
2025-11-12,805.0,805.0,808.0,796.0,798.0,240200
2025-11-13,811.0,811.0,820.0,801.0,804.0,202400
2025-11-14,815.0,815.0,819.0,807.0,809.0,138400
2025-11-17,811.0,811.0,816.0,805.0,811.0,107200
2025-11-18,800.0,800.0,810.0,796.0,805.0,156900
2025-11-19,788.0,788.0,803.0,786.0,795.0,199700
2025-11-20,803.0,803.0,807.0,796.0,800.0,199500
2025-11-21,803.0,803.0,805.0,795.0,795.0,145500
2025-11-25,804.0,804.0,811.0,801.0,808.0,115100
2025-11-26,818.0,818.0,818.0,811.0,814.0,145200
2025-11-27,823.0,823.0,825.0,817.0,819.0,135700
2025-11-28,830.0,830.0,831.0,823.0,823.0,182100
2025-12-01,819.0,819.0,831.0,818.0,831.0,214300
2025-12-02,802.0,802.0,819.0,801.0,819.0,160100
2025-12-03,803.0,803.0,809.0,803.0,805.0,99100
2025-12-04,814.0,814.0,815.0,801.0,801.0,98200
2025-12-05,802.0,802.0,812.0,801.0,809.0,131100
2025-12-08,803.0,803.0,814.0,803.0,805.0,116100
2025-12-09,806.0,806.0,810.0,801.0,807.0,121200
2025-12-10,807.0,807.0,818.0,807.0,808.0,126900
2025-12-11,800.0,800.0,813.0,798.0,813.0,165200
2025-12-12,809.0,809.0,813.0,806.0,809.0,161600
2025-12-15,818.0,818.0,821.0,805.0,814.0,246500
2025-12-16,799.0,799.0,818.0,799.0,818.0,148800
2025-12-17,800.0,800.0,804.0,797.0,803.0,111800
2025-12-18,802.0,802.0,805.0,798.0,800.0,120200
2025-12-19,805.0,805.0,809.0,801.0,801.0,142300
2025-12-22,809.0,809.0,817.0,807.0,809.0,211400
2025-12-23,815.0,815.0,820.0,810.0,811.0,167700
2025-12-24,816.0,816.0,820.0,813.0,818.0,102400
2025-12-25,818.0,818.0,818.0,814.0,816.0,78000
2025-12-26,820.0,820.0,822.0,815.0,819.0,173000
2025-12-29,829.0,829.0,832.0,818.0,820.0,390700
2025-12-30,832.0,832.0,838.0,826.0,831.0,166100
2026-01-05,833.0,833.0,842.0,831.0,838.0,93000
2026-01-06,840.0,840.0,844.0,834.0,834.0,98600
2026-01-07,849.0,849.0,860.0,835.0,839.0,216200
2026-01-08,836.0,836.0,849.0,834.0,841.0,120300
2026-01-09,844.0,844.0,849.0,839.0,845.0,81000
2026-01-13,866.0,866.0,875.0,857.0,864.0,349600
2026-01-14,898.0,898.0,909.0,863.0,865.0,567100
2026-01-15,905.0,905.0,906.0,891.0,898.0,239000
2026-01-16,908.0,908.0,908.0,888.0,905.0,204700
2026-01-19,897.0,897.0,904.0,888.0,904.0,130600
2026-01-20,881.0,881.0,894.0,880.0,891.0,169400
2026-01-21,888.0,888.0,889.0,865.0,866.0,187400
2026-01-22,891.0,891.0,898.0,889.0,889.0,93800
2026-01-23,892.0,892.0,895.0,886.0,890.0,121400
2026-01-26,858.0,858.0,881.0,858.0,879.0,246500
2026-01-27,890.0,890.0,910.0,849.0,855.0,451200
2026-01-28,1040.0,1040.0,1040.0,921.0,950.0,3243900
2026-01-29,904.0,904.0,1173.0,895.0,1090.0,10956300
2026-01-30,905.0,905.0,916.0,881.0,895.0,1715800
2026-02-02,896.0,896.0,950.0,891.0,914.0,1142700
2026-02-03,928.0,928.0,931.0,903.0,908.0,651500
2026-02-04,964.0,964.0,980.0,940.0,958.0,1547000
2026-02-05,951.0,951.0,980.0,950.0,964.0,750000
2026-02-06,969.0,969.0,970.0,933.0,944.0,818700
2026-02-09,979.0,979.0,1033.0,979.0,1026.0,1218300
2026-02-10,990.0,990.0,1057.0,970.0,992.0,1751800
2026-02-12,1140.0,1140.0,1140.0,1121.0,1128.0,453400
2026-02-13,1077.0,1077.0,1151.0,1063.0,1140.0,2701800
2026-02-16,1110.0,1110.0,1151.0,1093.0,1123.0,4457500
2026-02-17,1142.0,1142.0,1193.0,1096.0,1134.0,5404100
2026-02-18,1245.0,1245.0,1442.0,1061.0,1172.0,31767900
2026-02-19,1153.0,1153.0,1350.0,1124.0,1350.0,26327400
2026-02-20,1147.0,1147.0,1229.0,1091.0,1101.0,15394800
2026-02-24,1252.0,1252.0,1339.0,1206.0,1206.0,20465400
2026-02-25,1491.0,1491.0,1495.0,1238.0,1285.0,19508700
2026-02-26,1418.0,1418.0,1495.0,1380.0,1480.0,11164600
2026-02-27,1650.0,1650.0,1660.0,1406.0,1410.0,22314900
2026-03-02,1639.5433349609375,1659.0,1735.0,1552.0,1578.0,23504100
2026-03-03,1499.208740234375,1517.0,1710.0,1508.0,1657.0,12684200
2026-03-04,1375.6746826171875,1392.0,1510.0,1341.0,1420.0,9638800
2026-03-05,1472.525390625,1490.0,1571.0,1448.0,1552.0,8687200
2026-03-06,1419.15869140625,1436.0,1497.0,1374.0,1465.0,6117000
2026-03-09,1431.0179443359375,1448.0,1462.0,1302.0,1316.0,6470000
2026-03-10,1432.0062255859375,1449.0,1524.0,1403.0,1476.0,5029600
2026-03-11,1390.498779296875,1407.0,1466.0,1395.0,1458.0,2580400
2026-03-12,1318.35498046875,1334.0,1397.0,1318.0,1381.0,2240900
2026-03-13,1314.40185546875,1330.0,1365.0,1310.0,1318.0,2523800
2026-03-16,1384.5692138671875,1401.0,1426.0,1341.0,1350.0,3828600
2026-03-17,1358.8741455078125,1375.0,1431.0,1350.0,1431.0,3488800
2026-03-18,1375.6746826171875,1392.0,1397.0,1358.0,1375.0,1459300
2026-03-19,1326.2611083984375,1342.0,1389.0,1326.0,1355.0,1314900
2026-03-23,1210.63330078125,1225.0,1287.0,1221.0,1282.0,2223300
2026-03-24,1219.5277099609375,1234.0,1295.0,1222.0,1269.0,1307700
2026-03-25,1269.9295654296875,1285.0,1286.0,1252.0,1265.0,1044600
2026-03-26,1235.340087890625,1250.0,1288.0,1228.0,1281.0,1150100
2026-03-27,1264.0,1279.0,1309.0,1242.0,1242.0,1313700
2026-03-30,1228.0,1228.0,1240.0,1194.0,1211.0,1202800
2026-03-31,1182.0,1182.0,1221.0,1181.0,1201.0,1029600
2026-04-01,1238.0,1238.0,1247.0,1211.0,1229.0,768000
2026-04-02,1218.0,1218.0,1276.0,1217.0,1255.0,793200
2026-04-03,1203.0,1203.0,1248.0,1197.0,1222.0,987700
2026-04-06,1155.0,1155.0,1208.0,1155.0,1202.0,1112900
2026-04-07,1152.0,1152.0,1187.0,1144.0,1160.0,987100
2026-04-08,1192.0,1192.0,1210.0,1191.0,1197.0,1314700
2026-04-09,1158.0,1158.0,1200.0,1152.0,1200.0,849000
2026-04-10,1173.0,1173.0,1194.0,1157.0,1165.0,1090500
2026-04-13,1164.0,1164.0,1181.0,1137.0,1147.0,685100
2026-04-14,1176.0,1176.0,1186.0,1167.0,1173.0,657200
2026-04-15,1164.0,1164.0,1202.0,1157.0,1176.0,870000
2026-04-16,1191.0,1191.0,1192.0,1159.0,1163.0,714800
2026-04-17,1332.0,1332.0,1339.0,1260.0,1293.0,6091500
2026-04-20,1312.0,1312.0,1430.0,1308.0,1392.0,6632400
2026-04-21,1311.0,1311.0,1363.0,1301.0,1321.0,2301500
2026-04-22,1297.0,1297.0,1325.0,1271.0,1301.0,1531600
2026-04-23,1272.0,1272.0,1331.0,1250.0,1302.0,1437400
2026-04-24,1310.0,1310.0,1352.0,1292.0,1300.0,2147000
2026-04-27,1286.0,1286.0,1324.0,1275.0,1310.0,1009100
2026-04-28,1314.0,1314.0,1319.0,1286.0,1287.0,725100
2026-04-30,1291.0,1291.0,1305.0,1271.0,1289.0,758100
2026-05-01,1292.0,1292.0,1301.0,1271.0,1285.0,643700
2026-05-07,1318.0,1318.0,1327.0,1286.0,1314.0,963300
2026-05-08,1330.0,1330.0,1336.0,1296.0,1310.0,951100
2026-05-11,1319.0,1319.0,1348.0,1309.0,1341.0,901200
2026-05-12,1341.0,1341.0,1372.0,1326.0,1333.0,1239600
2026-05-13,1384.0,1384.0,1397.0,1331.0,1355.0,1266000
2026-05-14,1356.0,1356.0,1417.0,1356.0,1402.0,1036700
2026-05-15,1336.0,1336.0,1387.0,1302.0,1375.0,1384200
2026-05-18,1290.0,1290.0,1318.0,1267.0,1280.0,1618700
2026-05-19,1296.0,1296.0,1316.0,1244.0,1315.0,1253300
2026-05-20,1289.0,1289.0,1295.0,1245.0,1272.0,848900
2026-05-21,1275.0,1275.0,1320.0,1272.0,1320.0,704400
2026-05-22,1362.0,1362.0,1380.0,1268.0,1271.0,1172400
2026-05-25,1396.0,1396.0,1399.0,1347.0,1370.0,855800
2026-05-26,1390.0,1390.0,1408.0,1365.0,1404.0,699200
2026-05-27,1350.0,1350.0,1439.0,1342.0,1399.0,1000500
2026-05-28,1362.0,1362.0,1368.0,1306.0,1335.0,861200
2026-05-29,1343.0,1343.0,1385.0,1343.0,1357.0,653500
2026-06-01,1369.0,1369.0,1397.0,1336.0,1348.0,847200
2026-06-02,1323.0,1323.0,1358.0,1273.0,1350.0,781500
2026-06-03,1318.0,1318.0,1346.0,1310.0,1319.0,558100
2026-06-04,1315.0,1315.0,1329.0,1297.0,1301.0,413600
2026-06-05,1339.0,1339.0,1353.0,1299.0,1300.0,606900
2026-06-08,1289.0,1289.0,1315.0,1269.0,1286.0,744700
2026-06-09,1276.0,1276.0,1318.0,1251.0,1300.0,620000
2026-06-10,1226.0,1226.0,1260.0,1212.0,1259.0,640100
2026-06-11,1214.0,1214.0,1221.0,1170.0,1196.0,539100
2026-06-12,1235.0,1235.0,1263.0,1230.0,1238.0,479300
2026-06-15,1315.0,1315.0,1319.0,1262.0,1284.0,650500
2026-06-16,1283.0,1283.0,1329.0,1281.0,1313.0,500400
2026-06-17,1323.0,1323.0,1348.0,1281.0,1284.0,524100
2026-06-18,1298.0,1298.0,1337.0,1298.0,1320.0,498300
2026-06-19,1305.0,1305.0,1359.0,1302.0,1328.0,563700
2026-06-22,1332.0,1332.0,1345.0,1310.0,1314.0,590300
2026-06-23,1228.0,1228.0,1345.0,1228.0,1345.0,854700
2026-06-24,1201.0,1201.0,1250.0,1197.0,1213.0,592600
2026-06-25,1230.0,1230.0,1244.0,1205.0,1224.0,437600
2026-06-26,1217.0,1217.0,1240.0,1186.0,1219.0,468600
2026-06-29,1227.0,1227.0,1238.0,1186.0,1230.0,668100
2026-06-30,1213.0,1213.0,1240.0,1196.0,1233.0,474000
2026-07-01,1234.0,1234.0,1245.0,1221.0,1228.0,522400
2026-07-02,1222.0,1222.0,1234.0,1202.0,1212.0,330800
2026-07-03,1249.0,1249.0,1249.0,1190.0,1210.0,468000
2026-07-06,1245.0,1245.0,1273.0,1238.0,1263.0,354700
2026-07-07,1194.0,1194.0,1245.0,1191.0,1240.0,541400
2026-07-08,1183.0,1183.0,1192.0,1158.0,1170.0,821700
2026-07-09,1173.0,1173.0,1199.0,1163.0,1185.0,307400
2026-07-10,1186.0,1186.0,1203.0,1176.0,1180.0,362100
2026-07-13,1157.0,1157.0,1197.0,1152.0,1186.0,347600
2026-07-14,1178.0,1178.0,1187.0,1132.0,1153.0,686500
2026-07-15,1218.0,1218.0,1242.0,1185.0,1194.0,827900
2026-07-16,1201.0,1201.0,1218.0,1176.0,1208.0,384900
2026-07-17,1153.0,1153.0,1190.0,1125.0,1173.0,891600
2026-07-21,1136.0,1136.0,1174.0,1124.0,1172.0,718900
2026-07-22,1149.0,1149.0,1169.0,1141.0,1161.0,457200
2026-07-23,1146.0,1146.0,1158.0,1132.0,1145.0,332500
2026-07-24,1123.0,1123.0,1132.0,1112.0,1132.0,439400
2026-07-27,1142.0,1142.0,1146.0,1112.0,1134.0,456400
2026-07-28,1073.0,1073.0,1133.0,1068.0,1133.0,764300
2026-07-29,1048.0,1048.0,1085.0,1017.0,1080.0,876000
2026-07-30,1058.0,1058.0,1073.0,1028.0,1040.0,476000
2026-07-31,1103.0,1103.0,1122.0,1072.0,1088.0,681100
2026-08-03,1104.0,1104.0,1107.0,1075.0,1095.0,430100
2026-08-04,1136.0,1136.0,1140.0,1102.0,1102.0,445600
2026-08-05,1210.0,1210.0,1224.0,1144.0,1149.0,825600
2026-08-06,1183.0,1183.0,1209.0,1173.0,1195.0,530200
2026-08-07,1271.0,1271.0,1322.0,1145.0,1183.0,1935600
2026-08-10,1269.0,1269.0,1303.0,1179.0,1180.0,1486800
2026-08-12,1289.0,1289.0,1295.0,1219.0,1250.0,1392800
2026-08-13,1295.0,1295.0,1319.0,1282.0,1306.0,728400
2026-08-14,1292.0,1292.0,1323.0,1280.0,1300.0,591100
2026-08-17,1307.0,1307.0,1312.0,1285.0,1299.0,436500
2026-08-18,1245.0,1245.0,1307.0,1245.0,1307.0,473400
2026-08-19,1179.0,1179.0,1237.0,1175.0,1225.0,667800
2026-08-20,1183.0,1183.0,1189.0,1157.0,1181.0,481800
2026-08-21,1185.0,1185.0,1185.0,1159.0,1171.0,381600
2026-08-24,1175.0,1175.0,1190.0,1166.0,1173.0,360600
2026-08-25,1232.0,1232.0,1240.0,1176.0,1179.0,755000
2026-08-26,1223.0,1223.0,1252.0,1220.0,1223.0,677000
2026-08-27,1249.0,1249.0,1260.0,1220.0,1234.0,674100
2026-08-28,1214.0,1214.0,1254.0,1207.0,1247.0,572600
2026-08-31,1198.7557373046875,1217.0,1217.0,1182.0,1192.0,393000
2026-09-01,1180.04052734375,1198.0,1203.0,1187.0,1195.0,379200
2026-09-02,1135.7152099609375,1153.0,1184.0,1147.0,1173.0,598200
2026-09-03,1148.520263671875,1166.0,1173.0,1148.0,1164.0,483300
2026-09-04,1142.6102294921875,1160.0,1177.0,1156.0,1160.0,646200
2026-09-07,1180.04052734375,1198.0,1200.0,1169.0,1172.0,500700
2026-09-08,1117.0,1134.0,1187.0,1134.0,1185.0,517600
2026-09-09,1131.775146484375,1149.0,1165.0,1136.0,1136.0,548500
2026-09-10,1105.179931640625,1122.0,1142.0,1109.0,1131.0,496300
2026-09-11,1080.5546875,1097.0,1099.0,1081.0,1086.0,464800
2026-09-14,1072.6746826171875,1089.0,1096.0,1068.0,1078.0,495700
2026-09-15,1079.5697021484375,1096.0,1109.0,1078.0,1085.0,340600
2026-09-16,1092.374755859375,1109.0,1109.0,1093.0,1095.0,291900
2026-09-17,1096.3148193359375,1113.0,1135.0,1107.0,1132.0,367100
2026-09-18,1097.2998046875,1114.0,1129.0,1110.0,1126.0,400200
2026-09-24,1111.0899658203125,1128.0,1136.0,1123.0,1127.0,304000
2026-09-25,1107.14990234375,1124.0,1135.0,1124.0,1135.0,243800
2026-09-28,1117.0,1134.0,1158.0,1130.0,1135.0,419900
2026-09-29,1112.0,1112.0,1129.0,1109.0,1120.0,400300
2026-09-30,1125.0,1125.0,1134.0,1115.0,1126.0,338200
2026-10-01,1126.0,1126.0,1130.0,1110.0,1126.0,393800
2026-10-02,,,1128.0,1107.0,1120.0,261800
