,Adj Close,Close,High,Low,Open,Volume
2001-01-01,284.0262451171875,438.0,438.0,438.0,438.0,0
2001-01-02,284.0262451171875,438.0,438.0,438.0,438.0,0
2001-01-03,284.0262451171875,438.0,438.0,438.0,438.0,0
2001-01-04,271.7055053710937,419.0,440.0,410.0,440.0,250000
2001-01-05,259.3847045898437,400.0,420.0,400.0,420.0,1187000
2001-01-08,259.3847045898437,400.0,400.0,400.0,400.0,0
2001-01-09,251.6031646728516,388.0,396.0,385.0,391.0,644000
2001-01-10,239.9307403564453,370.0,382.0,364.0,380.0,1211000
2001-01-11,228.90701293945312,353.0,380.0,345.0,370.0,2868000
2001-01-12,196.4838409423828,303.0,303.0,303.0,303.0,515000
2001-01-15,164.06077575683594,253.0,253.0,253.0,253.0,1110000
2001-01-16,174.1119842529297,268.5,279.0,250.0,257.0,23154000
2001-01-17,181.2450561523437,279.5,280.0,268.5,272.5,7125000
2001-01-18,203.6170196533203,314.0,319.0,283.5,283.5,10058000
2001-01-19,189.35079956054688,292.0,325.0,290.0,319.0,5131000
2001-01-22,175.0846710205078,270.0,277.5,262.0,276.0,5683000
2001-01-23,177.6785125732422,274.0,276.0,261.5,263.0,5171000
2001-01-24,177.6785125732422,274.0,286.0,265.0,274.0,6643000
2001-01-25,175.4088592529297,270.5,280.5,270.5,276.5,3983000
2001-01-26,189.675048828125,292.5,294.0,277.0,280.0,4119000
2001-01-29,196.4838409423828,303.0,312.0,299.0,301.0,3987000
2001-01-30,189.35079956054688,292.0,306.0,286.0,305.0,2198000
2001-01-31,193.8900604248047,299.0,303.0,292.0,297.0,1764000
2001-02-01,213.9923553466797,330.0,335.0,299.0,300.0,5534000
2001-02-02,208.1561737060547,321.0,354.0,317.0,330.0,8834000
2001-02-05,212.04698181152344,327.0,329.0,312.0,326.0,2961000
2001-02-06,199.0777282714844,307.0,327.0,306.0,327.0,3024000
2001-02-07,199.72622680664065,308.0,316.0,302.0,303.0,2673000
2001-02-08,195.1869201660156,301.0,306.0,298.0,305.0,4907000
2001-02-09,186.7569580078125,288.0,296.0,280.0,293.0,5209000
2001-02-12,186.7569580078125,288.0,288.0,288.0,288.0,0
2001-02-13,179.62388610839844,277.0,300.0,276.5,300.0,4703000
2001-02-14,181.2450561523437,279.5,280.0,271.0,276.5,3119000
2001-02-15,191.2962341308593,295.0,295.0,283.5,287.5,2047000
2001-02-16,189.35079956054688,292.0,306.0,290.0,300.0,2926000
2001-02-19,183.19046020507807,282.5,288.0,278.0,284.0,2529000
2001-02-20,186.10850524902344,287.0,290.0,283.0,283.0,1541000
2001-02-21,184.8115997314453,285.0,286.0,280.0,285.0,2202000
2001-02-22,177.35421752929688,273.5,278.5,270.5,277.0,2643000
2001-02-23,182.38796997070312,279.0,281.5,273.5,275.5,1870000
2001-02-26,185.65652465820312,284.0,285.0,278.5,285.0,2131000
2001-02-27,184.34909057617188,282.0,287.0,280.0,286.0,1278000
2001-02-28,179.77304077148438,275.0,280.0,271.0,280.0,1542000
2001-03-01,185.32965087890625,283.5,285.0,269.0,274.0,2143000
2001-03-02,177.15817260742188,271.0,282.0,271.0,282.0,1116000
2001-03-05,170.29408264160156,260.5,269.0,260.0,269.0,1334000
2001-03-06,170.9477996826172,261.5,268.0,258.0,261.0,2417000
2001-03-07,169.9672393798828,260.0,268.0,259.0,268.0,1728000
2001-03-08,166.3717498779297,254.5,264.0,253.0,260.0,2147000
2001-03-09,157.5465850830078,241.0,251.0,235.5,251.0,4704000
2001-03-12,153.62423706054688,235.0,237.0,221.0,235.0,1931000
2001-03-13,149.04818725585938,228.0,232.0,225.0,225.0,1412000
2001-03-14,149.04818725585938,228.0,228.0,228.0,228.0,0
2001-03-15,147.41392517089844,225.5,233.0,218.0,221.0,1593000
2001-03-16,147.41392517089844,225.5,239.0,225.5,237.0,1123000
2001-03-19,142.51101684570312,218.0,235.0,217.0,229.0,2501000
2001-03-20,142.51101684570312,218.0,218.0,218.0,218.0,0
2001-03-21,154.931640625,237.0,237.0,219.0,221.0,4830000
2001-03-22,176.5044403076172,270.0,277.0,244.5,245.0,6591000
2001-03-23,176.1775360107422,269.5,284.0,268.0,277.0,3269000
2001-03-26,186.31027221679688,285.0,285.0,275.0,280.0,2506000
2001-03-27,188.59825134277344,288.5,291.0,283.0,290.0,2018000
2001-03-28,187.61769104003903,287.0,290.0,281.0,288.5,2233000
2001-03-29,194.80865478515625,298.0,306.0,278.0,280.0,3980000
2001-03-30,197.42349243164065,302.0,309.0,296.0,306.0,4887000
2001-04-02,196.1161346435547,300.0,304.0,295.0,301.0,3116000
2001-04-03,191.5399780273437,293.0,293.0,282.0,291.0,2052000
2001-04-04,193.8280792236328,296.5,299.5,285.0,285.0,2529000
2001-04-05,202.65328979492188,310.0,314.0,290.0,292.5,3581000
2001-04-06,218.3425750732422,334.0,345.0,315.0,320.0,10333000
2001-04-09,218.3425750732422,334.0,340.0,321.0,333.0,7704000
2001-04-10,209.19044494628903,320.0,332.0,313.0,330.0,1844000
2001-04-11,206.5756378173828,316.0,326.0,312.0,325.0,1603000
2001-04-12,213.76649475097656,327.0,335.0,321.0,326.0,979000
2001-04-13,213.76649475097656,327.0,333.0,323.0,323.0,659000
2001-04-16,213.76649475097656,327.0,332.0,321.0,322.0,684000
2001-04-17,217.6888427734375,333.0,334.0,320.0,327.0,1039000
2001-04-18,232.0706481933593,355.0,361.0,340.0,345.0,6441000
2001-04-19,228.80203247070312,350.0,357.0,345.0,356.0,5618000
2001-04-20,227.4945526123047,348.0,351.0,345.0,349.0,1850000
2001-04-23,217.0350952148437,332.0,354.0,326.0,350.0,1661000
2001-04-24,220.3036346435547,337.0,341.0,324.0,327.0,2528000
2001-04-25,220.95738220214844,338.0,342.0,334.0,339.0,2038000
2001-04-26,220.95738220214844,338.0,342.0,334.0,339.0,2038000
2001-04-27,218.3425750732422,334.0,334.0,327.0,332.0,1094000
2001-04-30,218.3425750732422,334.0,334.0,334.0,334.0,0
2001-05-01,226.18711853027344,346.0,347.0,334.0,334.0,2479000
2001-05-02,240.56903076171875,368.0,370.0,348.0,354.0,4847000
2001-05-03,240.56903076171875,368.0,368.0,368.0,368.0,0
2001-05-04,240.56903076171875,368.0,368.0,368.0,368.0,0
2001-05-07,253.6435089111328,388.0,392.0,372.0,378.0,49000
2001-05-08,251.0286102294922,384.0,395.0,381.0,393.0,26000
2001-05-09,241.8764038085937,370.0,383.0,364.0,380.0,21000
2001-05-10,220.95738220214844,338.0,351.0,336.0,337.0,78000
2001-05-11,213.76649475097656,327.0,334.0,320.0,333.0,44000
2001-05-14,207.2292633056641,317.0,326.0,315.0,325.0,22000
2001-05-15,204.6143951416016,313.0,325.0,311.0,312.0,3436000
2001-05-16,198.07716369628903,303.0,318.0,299.0,314.0,3780000
2001-05-17,205.921875,315.0,315.0,303.0,308.0,1920000
2001-05-18,202.65328979492188,310.0,318.0,305.0,317.0,1646000
2001-05-21,198.7308807373047,304.0,309.0,300.0,309.0,2007000
2001-05-22,201.3457946777344,308.0,311.0,305.0,308.0,1485000
2001-05-23,200.69207763671875,307.0,310.0,305.0,310.0,1116000
2001-05-24,196.1161346435547,300.0,307.0,299.0,304.0,2479000
2001-05-25,196.1161346435547,300.0,300.0,296.0,298.0,1401000
2001-05-28,196.1161346435547,300.0,303.0,297.0,300.0,1482000
2001-05-29,195.13543701171875,298.5,302.0,296.0,300.0,1149000
2001-05-30,191.5399780273437,293.0,297.0,290.0,295.0,1534000
2001-05-31,182.0611114501953,278.5,286.0,276.0,285.0,1504000
2001-06-01,185.0027618408203,283.0,289.0,282.0,289.0,592000
2001-06-04,188.2714080810547,288.0,290.0,284.5,289.0,1771000
2001-06-05,179.1193389892578,274.0,290.0,271.5,290.0,1987000
2001-06-06,175.85073852539062,269.0,278.0,265.5,276.5,1807000
2001-06-07,171.92837524414062,263.0,269.0,256.0,269.0,3000000
2001-06-08,176.5044403076172,270.0,277.0,260.0,260.0,2117000
2001-06-11,176.1775360107422,269.5,275.0,268.0,273.5,1315000
2001-06-12,168.65989685058594,258.0,270.0,258.0,266.0,1133000
2001-06-13,171.6015625,262.5,266.0,258.0,258.5,660000
2001-06-14,169.9672393798828,260.0,265.5,258.5,262.5,757000
2001-06-15,171.27471923828125,262.0,264.0,259.0,260.0,1237000
2001-06-18,163.75689697265625,250.5,260.0,250.0,260.0,913000
2001-06-19,160.815185546875,246.0,251.5,245.0,250.0,2381000
2001-06-20,153.62423706054688,235.0,246.0,235.0,246.0,1666000
2001-06-21,154.6048126220703,236.5,250.0,231.0,231.0,3146000
2001-06-22,162.7762908935547,249.0,249.0,243.5,248.5,1655000
2001-06-25,172.5821533203125,264.0,268.0,259.0,261.0,3017000
2001-06-26,173.23587036132812,265.0,274.0,261.0,272.0,2208000
2001-06-27,170.29408264160156,260.5,269.0,260.5,269.0,1079000
2001-06-28,164.41062927246094,251.5,264.5,251.5,261.5,2026000
2001-06-29,150.35568237304688,230.0,244.5,225.0,235.5,9424000
2001-07-02,151.66305541992188,232.0,237.0,229.5,232.0,4217000
2001-07-03,156.56597900390625,239.5,242.0,232.5,236.0,1719000
2001-07-04,154.931640625,237.0,243.5,235.0,243.5,1018000
2001-07-05,156.89285278320312,240.0,244.0,234.0,241.0,1547000
2001-07-06,156.89285278320312,240.0,244.0,234.0,234.0,1294000
2001-07-09,154.27793884277344,236.0,240.0,230.5,240.0,1213000
2001-07-10,162.7762908935547,249.0,250.0,241.0,241.0,1827000
2001-07-11,167.6792449951172,256.5,264.0,242.0,249.0,1864000
2001-07-12,173.56272888183594,265.5,267.5,262.5,264.5,1705000
2001-07-13,178.46560668945312,273.0,275.0,269.0,270.0,1792000
2001-07-16,185.9833831787109,284.5,286.0,277.5,279.0,2234000
2001-07-17,182.7147827148437,279.5,286.0,279.5,284.0,1928000
2001-07-18,182.0611114501953,278.5,281.5,277.5,280.0,1891000
2001-07-19,188.9251251220703,289.0,293.0,278.0,278.0,2624000
2001-07-20,188.9251251220703,289.0,289.0,289.0,289.0,0
2001-07-23,188.2714080810547,288.0,297.0,283.0,296.0,1859000
2001-07-24,181.40728759765625,277.5,278.0,268.5,275.0,648000
2001-07-25,186.9639892578125,286.0,287.0,279.5,280.0,714000
2001-07-26,185.32965087890625,283.5,286.0,280.5,285.0,432000
2001-07-27,184.022201538086,281.5,285.0,275.0,282.0,788000
2001-07-30,177.4850616455078,271.5,282.0,270.0,280.0,879000
2001-07-31,186.31027221679688,285.0,285.0,271.5,271.5,1113000
2001-08-01,184.34909057617188,282.0,285.0,276.5,285.0,802000
2001-08-02,185.65652465820312,284.0,284.0,278.0,280.0,1029000
2001-08-03,186.6371459960937,285.5,287.5,281.5,282.0,753000
2001-08-06,184.67596435546875,282.5,285.0,279.0,280.0,418000
2001-08-07,177.15817260742188,271.0,279.5,270.0,279.5,1283000
2001-08-08,177.8118896484375,272.0,272.0,261.0,264.0,1441000
2001-08-09,163.4300537109375,250.0,256.5,245.0,256.0,2729000
2001-08-10,168.65989685058594,258.0,259.0,252.5,256.0,957000
2001-08-13,166.6986541748047,255.0,255.5,245.5,250.0,933000
2001-08-14,168.33294677734375,257.5,258.0,251.0,251.0,491000
2001-08-15,172.25523376464844,263.5,265.0,259.5,261.5,1179000
2001-08-16,171.27471923828125,262.0,263.5,255.0,262.5,920000
2001-08-17,172.9090118408203,264.5,266.0,260.5,262.0,452000
2001-08-20,179.77304077148438,275.0,282.0,264.5,265.0,854000
2001-08-21,175.85073852539062,269.0,282.0,261.0,280.0,1868000
2001-08-22,180.0999298095703,275.5,279.0,269.0,270.0,1054000
2001-08-23,183.04165649414065,280.0,281.0,270.0,270.0,796000
2001-08-24,183.6954040527344,281.0,281.5,275.0,275.0,565000
2001-08-27,187.61769104003903,287.0,289.0,284.0,285.0,1049000
2001-08-28,189.0669708251953,287.0,287.0,283.5,284.0,913000
2001-08-29,184.4556121826172,280.0,286.5,276.0,286.0,2158000
2001-08-30,172.26829528808594,261.5,264.0,251.5,252.0,2281000
2001-08-31,167.98634338378906,255.0,256.5,253.0,253.5,1694000
2001-09-03,168.97451782226562,256.5,261.0,256.0,259.0,1068000
2001-09-04,168.97451782226562,256.5,256.5,248.5,250.0,587000
2001-09-05,164.0337371826172,249.0,254.0,249.0,249.0,937000
2001-09-06,166.01002502441406,252.0,260.0,250.0,260.0,390000
2001-09-07,167.32757568359375,254.0,254.0,245.5,249.0,646000
2001-09-10,171.6095733642578,260.5,263.0,249.0,250.0,1016000
2001-09-11,167.65695190429688,254.5,256.0,251.0,255.0,732000
2001-09-12,154.48159790039062,234.5,245.0,234.5,234.5,1726000
2001-09-13,151.51712036132812,230.0,230.0,221.0,222.5,1191000
2001-09-14,151.51712036132812,230.0,230.0,224.0,224.0,1348000
2001-09-17,136.0360107421875,206.5,212.0,199.3999938964844,200.0,1877000
2001-09-18,139.98858642578125,212.5,214.0,202.0,210.0,2707000
2001-09-19,143.61184692382812,218.0,219.5,209.5,210.0,2358000
2001-09-20,139.32981872558594,211.5,222.0,210.5,215.0,1081000
2001-09-21,153.49339294433594,233.0,233.0,207.5,207.5,2192000
2001-09-24,153.49339294433594,233.0,233.0,233.0,233.0,0
2001-09-25,170.29205322265625,258.5,260.0,233.0,233.0,1726000
2001-09-26,182.4792938232422,277.0,277.0,265.0,266.5,2087000
2001-09-27,178.52664184570312,271.0,282.0,266.0,280.0,2574000
2001-09-28,178.52664184570312,271.0,271.0,271.0,271.0,0
2001-10-01,187.7494506835937,285.0,287.5,255.0,264.5,1637000
2001-10-02,191.04335021972656,290.0,290.0,283.0,289.0,1802000
2001-10-03,188.4082489013672,286.0,290.5,286.0,290.0,1520000
2001-10-04,190.71392822265625,289.5,291.5,283.5,290.0,1296000
2001-10-05,196.31349182128903,298.0,300.0,285.0,290.0,1603000
2001-10-08,196.31349182128903,298.0,298.0,298.0,298.0,0
2001-10-09,203.55992126464844,309.0,315.0,293.5,294.5,3671000
2001-10-10,209.48880004882807,318.0,322.0,318.0,319.0,5718000
2001-10-11,221.34671020507807,336.0,339.0,330.0,333.0,6015000
2001-10-12,216.0766143798828,328.0,340.0,325.0,340.0,3333000
2001-10-15,212.1239318847656,322.0,332.0,305.0,330.0,1609000
2001-10-16,212.1239318847656,322.0,339.0,318.0,322.0,2375000
2001-10-17,206.8538055419922,314.0,320.0,307.0,320.0,1499000
2001-10-18,206.8538055419922,314.0,324.0,302.0,315.0,1838000
2001-10-19,208.17135620117188,316.0,324.0,305.0,305.0,1254000
2001-10-22,216.7353363037109,329.0,332.0,322.0,324.0,1273000
2001-10-23,214.1001892089844,325.0,334.0,320.0,331.0,1115000
2001-10-24,202.901123046875,308.0,315.0,305.0,315.0,2022000
2001-10-25,202.901123046875,308.0,310.0,299.5,308.0,2623000
2001-10-26,202.901123046875,308.0,308.0,304.0,308.0,1262000
2001-10-29,202.24237060546875,307.0,309.0,305.0,308.0,1158000
2001-10-30,198.9485321044922,302.0,302.0,298.0,300.0,1215000
2001-10-31,192.3607940673828,292.0,294.0,289.0,293.0,1877000
2001-11-01,190.0550994873047,288.5,296.0,285.0,296.0,1526000
2001-11-02,190.71392822265625,289.5,294.0,286.0,290.0,838000
2001-11-05,177.86788940429688,270.0,289.0,250.0,286.5,2960000
2001-11-06,174.57406616210938,265.0,270.0,263.0,270.0,906000
2001-11-07,171.2801971435547,260.0,269.0,259.5,269.0,1135000
2001-11-08,169.6332550048828,257.5,261.5,251.5,260.0,1727000
2001-11-09,169.6332550048828,257.5,257.5,257.5,257.5,0
2001-11-12,174.24464416503906,264.5,265.0,260.0,260.0,1070000
2001-11-13,171.93896484375,261.0,276.5,260.0,265.0,2852000
2001-11-14,178.85606384277344,271.5,274.0,263.0,265.0,1075000
2001-11-15,189.0669708251953,287.0,288.0,271.5,271.5,1643000
2001-11-16,185.4436950683593,281.5,287.0,277.0,287.0,1796000
2001-11-19,187.0906524658203,284.0,293.5,281.0,293.5,992000
2001-11-20,185.4436950683593,281.5,288.0,275.5,288.0,306000
2001-11-21,182.80859375,277.5,281.5,272.0,272.0,649000
2001-11-22,185.77313232421875,282.0,282.0,275.0,275.0,1143000
2001-11-23,185.77313232421875,282.0,282.0,282.0,282.0,0
2001-11-26,188.4082489013672,286.0,286.0,280.0,281.0,350000
2001-11-27,184.126220703125,279.5,282.0,278.0,278.0,609000
2001-11-28,179.84420776367188,273.0,280.0,265.0,279.5,1075000
2001-11-29,179.1854248046875,272.0,275.0,269.0,269.0,898000
2001-11-30,177.20916748046875,269.0,272.5,268.5,272.0,1124000
2001-12-03,178.52664184570312,271.0,273.0,266.0,269.5,981000
2001-12-04,183.796875,279.0,279.0,261.0,271.0,1069000
2001-12-05,177.86788940429688,270.0,273.5,266.5,272.5,516000
2001-12-06,173.5858154296875,263.5,273.0,263.5,266.5,996000
2001-12-07,177.86788940429688,270.0,271.0,260.0,261.0,941000
2001-12-10,177.86788940429688,270.0,274.0,266.0,274.0,1673000
2001-12-11,175.2328643798828,266.0,270.0,262.0,270.0,1361000
2001-12-12,179.5148162841797,272.5,280.0,262.0,262.0,1138000
2001-12-13,181.1617126464844,275.0,277.0,270.0,270.0,993000
2001-12-14,181.1617126464844,275.0,277.0,271.0,275.0,999000
2001-12-17,177.86788940429688,270.0,275.0,265.0,275.0,541000
2001-12-18,179.1854248046875,272.0,275.0,267.0,274.0,680000
2001-12-19,174.57406616210938,265.0,270.0,264.0,270.0,601000
2001-12-20,177.20916748046875,269.0,270.0,264.5,264.5,671000
2001-12-21,173.25648498535156,263.0,269.0,261.0,269.0,558000
2001-12-24,173.25648498535156,263.0,263.0,263.0,263.0,0
2001-12-25,171.2801971435547,260.0,263.0,256.5,263.0,324000
2001-12-26,168.3157196044922,255.5,260.0,255.5,260.0,238000
2001-12-27,173.91526794433594,264.0,264.0,256.0,259.0,382000
2001-12-28,174.57406616210938,265.0,265.0,254.0,260.0,999000
2001-12-31,174.57406616210938,265.0,265.0,265.0,265.0,0
2002-01-01,174.57406616210938,265.0,265.0,265.0,265.0,0
2002-01-02,174.57406616210938,265.0,265.0,265.0,265.0,0
2002-01-03,174.57406616210938,265.0,265.0,265.0,265.0,0
2002-01-04,163.3749542236328,248.0,260.0,248.0,257.0,464000
2002-01-07,163.70433044433594,248.5,254.5,248.0,254.0,1800000
2002-01-08,159.751708984375,242.5,248.0,242.5,248.0,1179000
2002-01-09,162.05746459960938,246.0,246.0,243.0,246.0,513000
2002-01-10,163.3749542236328,248.0,253.5,247.0,250.0,1134000
2002-01-11,162.05746459960938,246.0,250.0,240.0,247.0,1475000
2002-01-14,162.05746459960938,246.0,246.0,246.0,246.0,0
2002-01-15,156.78729248046875,238.0,244.5,238.0,241.0,776000
2002-01-16,166.6687774658203,253.0,253.0,238.0,244.5,332000
2002-01-17,169.6332550048828,257.5,257.5,250.0,252.0,840000
2002-01-18,171.2801971435547,260.0,260.0,253.0,257.5,471000
2002-01-21,177.86788940429688,270.0,275.0,258.5,259.0,933000
2002-01-22,176.55038452148438,268.0,274.5,268.0,274.0,758000
2002-01-23,169.30386352539062,257.0,260.5,256.0,260.0,514000
2002-01-24,166.01002502441406,252.0,266.0,248.5,255.0,604000
2002-01-25,176.2209930419922,267.5,274.0,263.0,267.0,1142000
2002-01-28,183.796875,279.0,279.0,275.0,275.5,794000
2002-01-29,185.1143951416016,281.0,286.0,278.0,279.0,823000
2002-01-30,187.7494506835937,285.0,285.0,276.0,283.0,448000
2002-01-31,187.7494506835937,285.0,285.0,285.0,285.0,0
2002-02-01,184.126220703125,279.5,280.0,273.0,275.0,309000
2002-02-04,177.86788940429688,270.0,271.5,265.0,271.5,360000
2002-02-05,175.2328643798828,266.0,270.0,260.0,260.0,296000
2002-02-06,172.26829528808594,261.5,263.0,250.0,250.0,450000
2002-02-07,172.26829528808594,261.5,269.5,253.0,253.5,523000
2002-02-08,176.55038452148438,268.0,268.0,257.0,261.0,474000
2002-02-11,176.55038452148438,268.0,268.0,268.0,268.0,0
2002-02-12,172.9271240234375,262.5,268.0,260.0,264.0,738000
2002-02-13,176.2209930419922,267.5,270.0,262.5,262.5,544000
2002-02-14,177.86788940429688,270.0,273.0,265.0,270.0,1018000
2002-02-15,181.1617126464844,275.0,275.0,270.0,274.0,574000
2002-02-18,180.8323516845703,274.5,275.5,270.5,275.0,447000
2002-02-19,180.50299072265625,274.0,275.0,266.0,274.5,485000
2002-02-20,177.20916748046875,269.0,270.0,263.0,270.0,335000
2002-02-21,175.89158630371094,267.0,269.5,264.0,265.0,319000
2002-02-22,176.55038452148438,268.0,271.0,262.5,263.0,479000
2002-02-25,176.68324279785156,266.0,270.0,262.5,264.5,564000
2002-02-26,178.34375,268.5,270.5,266.0,270.0,443000
2002-02-27,177.67955017089844,267.5,268.0,262.5,263.0,614000
2002-02-28,170.37307739257812,256.5,257.0,249.5,251.5,2857000
2002-03-01,178.34375,268.5,270.0,250.0,252.5,878000
2002-03-04,178.0116424560547,268.0,268.0,262.0,264.5,1374000
2002-03-05,181.6648406982422,273.5,273.5,263.5,265.0,1860000
2002-03-06,186.6465759277344,281.0,281.0,274.0,275.0,1920000
2002-03-07,187.31076049804688,282.0,283.0,277.5,281.0,1507000
2002-03-08,189.30343627929688,285.0,285.5,280.0,285.0,1416000
2002-03-11,194.6171722412109,293.0,297.5,291.0,294.5,1433000
2002-03-12,188.63916015625,284.0,290.0,277.0,289.0,1021000
2002-03-13,181.33273315429688,273.0,282.0,273.0,275.0,804000
2002-03-14,192.9566650390625,290.5,295.0,277.0,277.0,819000
2002-03-15,193.9529571533203,292.0,308.0,290.0,298.0,1239000
2002-03-18,193.9529571533203,292.0,299.0,292.0,295.0,577000
2002-03-19,199.93093872070312,301.0,301.0,293.5,298.0,834000
2002-03-20,199.93093872070312,301.0,302.0,296.0,299.5,912000
2002-03-21,199.93093872070312,301.0,301.0,301.0,301.0,0
2002-03-22,198.6025238037109,299.0,302.0,297.0,301.0,889000
2002-03-25,192.6245880126953,290.0,295.0,286.5,287.0,508000
2002-03-26,186.6465759277344,281.0,296.0,281.0,290.0,490000
2002-03-27,184.6538543701172,278.0,283.5,273.5,283.0,680000
2002-03-28,180.33645629882807,271.5,281.0,271.5,281.0,344000
2002-03-29,185.318115234375,279.0,295.0,277.0,283.5,641000
2002-04-01,179.34010314941406,270.0,276.0,267.5,275.0,554000
2002-04-02,176.0189666748047,265.0,267.0,262.0,267.0,300000
2002-04-03,177.01527404785156,266.5,271.5,262.0,265.0,538000
2002-04-04,185.9823303222656,280.0,281.5,271.0,273.0,617000
2002-04-05,182.3290863037109,274.5,280.5,273.0,278.0,329000
2002-04-08,183.98963928222656,277.0,282.5,275.5,280.0,272000
2002-04-09,181.9969787597656,274.0,283.0,273.5,283.0,326000
2002-04-10,185.9823303222656,280.0,283.5,276.5,278.0,573000
2002-04-11,188.63916015625,284.0,289.0,281.0,282.0,824000
2002-04-12,188.3070831298828,283.5,283.5,277.0,282.0,431000
2002-04-15,188.63916015625,284.0,287.0,278.0,287.0,422000
2002-04-16,192.6245880126953,290.0,296.0,282.0,284.0,767000
2002-04-17,190.63185119628903,287.0,293.5,285.0,290.0,550000
2002-04-18,182.6611785888672,275.0,289.0,275.0,281.0,1336000
2002-04-19,183.98963928222656,277.0,278.0,273.0,273.0,650000
2002-04-22,187.9748992919922,283.0,285.0,271.0,281.0,599000
2002-04-23,187.6428375244141,282.5,286.0,278.5,285.0,621000
2002-04-24,187.6428375244141,282.5,285.0,275.0,285.0,830000
2002-04-25,184.6538543701172,278.0,282.0,276.0,281.5,377000
2002-04-26,184.6538543701172,278.0,280.0,275.0,278.5,478000
2002-04-29,184.6538543701172,278.0,278.0,278.0,278.0,0
2002-04-30,187.31076049804688,282.0,285.0,277.0,280.0,354000
2002-05-01,189.9676818847656,286.0,286.0,282.0,286.0,597000
2002-05-02,185.65020751953125,279.5,284.5,279.0,280.5,266000
2002-05-03,185.65020751953125,279.5,279.5,279.5,279.5,0
2002-05-06,185.65020751953125,279.5,279.5,279.5,279.5,0
2002-05-07,185.318115234375,279.0,280.5,274.0,279.0,251000
2002-05-08,186.9785919189453,281.5,282.0,274.0,280.0,240000
2002-05-09,181.33273315429688,273.0,278.0,273.0,277.5,255000
2002-05-10,179.00794982910156,269.5,274.0,268.0,273.0,430000
2002-05-13,178.0116424560547,268.0,269.5,264.0,266.5,250000
2002-05-14,171.70155334472656,258.5,266.0,258.5,264.0,1292000
2002-05-15,177.34742736816406,267.0,270.0,260.5,260.5,1110000
2002-05-16,179.34010314941406,270.0,273.5,267.0,267.5,1891000
2002-05-17,177.67955017089844,267.5,270.0,266.0,269.0,801000
2002-05-20,175.02256774902344,263.5,266.0,261.0,266.0,1083000
2002-05-21,178.67588806152344,269.0,270.0,264.5,267.5,585000
2002-05-22,180.6685485839844,272.0,272.0,267.0,269.0,982000
2002-05-23,189.6355438232422,285.5,289.0,272.0,273.0,1818000
2002-05-24,188.97129821777344,284.5,288.0,280.0,287.5,782000
2002-05-27,185.65020751953125,279.5,284.5,278.0,284.5,711000
2002-05-28,183.3254547119141,276.0,277.5,274.0,276.5,379000
2002-05-29,184.3216857910156,277.5,280.0,272.0,278.5,582000
2002-05-30,184.6538543701172,278.0,281.5,277.0,281.5,419000
2002-05-31,193.2887725830078,291.0,295.0,282.0,282.0,2210000
2002-06-03,198.6025238037109,299.0,300.0,296.5,300.0,1419000
2002-06-04,195.9456787109375,295.0,303.0,295.0,297.5,2055000
2002-06-05,209.23013305664065,315.0,321.0,290.0,296.0,2885000
2002-06-06,210.5585021972656,317.0,328.0,311.0,315.0,3416000
2002-06-07,207.23745727539065,312.0,315.0,309.0,310.0,840000
2002-06-10,210.5585021972656,317.0,318.0,302.0,302.0,1503000
2002-06-11,213.87966918945312,322.0,326.0,317.0,320.0,1767000
2002-06-12,210.5585021972656,317.0,327.0,317.0,326.0,1437000
2002-06-13,201.2593536376953,303.0,316.0,299.5,315.0,1992000
2002-06-14,199.266830444336,300.0,314.0,298.0,299.0,1676000
2002-06-17,192.6245880126953,290.0,293.0,282.0,291.0,1363000
2002-06-18,199.93093872070312,301.0,302.0,287.5,290.0,891000
2002-06-19,192.6245880126953,290.0,308.0,285.0,296.0,1168000
2002-06-20,195.9456787109375,295.0,301.0,282.0,282.0,586000
2002-06-21,187.9748992919922,283.0,290.5,280.0,290.0,850000
2002-06-24,196.27780151367188,295.5,296.0,273.0,275.0,887000
2002-06-25,193.2887725830078,291.0,291.0,283.0,288.5,775000
2002-06-26,191.2960662841797,288.0,290.0,280.0,290.0,452000
2002-06-27,191.96034240722656,289.0,289.0,281.5,284.0,431000
2002-06-28,199.266830444336,300.0,301.0,292.0,293.0,1946000
2002-07-01,197.27407836914065,297.0,305.0,293.5,303.0,465000
2002-07-02,199.266830444336,300.0,303.0,286.5,298.0,396000
2002-07-03,207.90164184570312,313.0,319.0,302.0,302.0,1278000
2002-07-04,202.5878753662109,305.0,315.0,301.0,315.0,1100000
2002-07-05,205.2447662353516,309.0,313.0,307.0,308.0,619000
2002-07-08,209.23013305664065,315.0,320.0,312.0,315.0,1532000
2002-07-09,214.5438537597656,323.0,323.0,313.0,315.0,1050000
2002-07-10,212.5511932373047,320.0,321.0,315.0,320.0,781000
2002-07-11,215.20811462402344,324.0,326.0,312.0,312.0,778000
2002-07-12,216.5365447998047,326.0,329.0,320.0,324.0,1107000
2002-07-15,212.5511932373047,320.0,333.0,318.0,328.0,1108000
2002-07-16,213.21539306640625,321.0,325.0,319.0,320.0,1439000
2002-07-17,215.8722686767578,325.0,325.0,309.0,311.0,838000
2002-07-18,201.92364501953125,304.0,325.0,303.0,325.0,1749000
2002-07-19,200.5951995849609,302.0,307.0,301.0,305.0,949000
2002-07-22,193.620834350586,291.5,298.5,289.0,289.0,711000
2002-07-23,187.31076049804688,282.0,290.5,281.0,290.0,1329000
2002-07-24,176.35105895996094,265.5,281.0,265.5,281.0,1963000
2002-07-25,176.68324279785156,266.0,278.5,265.5,276.5,979000
2002-07-26,175.68687438964844,264.5,269.0,264.0,266.0,991000
2002-07-29,175.68687438964844,264.5,266.5,263.5,265.0,1603000
2002-07-30,183.65753173828125,276.5,278.0,271.5,272.5,976000
2002-07-31,181.33273315429688,273.0,280.0,270.0,280.0,397000
2002-08-01,173.02996826171875,260.5,266.0,258.0,265.0,1018000
2002-08-02,175.35475158691406,264.0,264.5,261.5,263.0,545000
2002-08-05,180.6685485839844,272.0,274.0,267.0,267.5,1255000
2002-08-06,166.71990966796875,251.0,273.5,251.0,273.5,638000
2002-08-07,168.04827880859375,253.0,263.0,252.0,261.0,958000
2002-08-08,168.04827880859375,253.0,257.0,249.0,255.0,1358000
2002-08-09,171.70155334472656,258.5,261.0,255.0,260.0,860000
2002-08-12,174.02633666992188,262.0,265.0,260.0,263.0,379000
2002-08-13,175.68687438964844,264.5,265.5,258.0,258.0,162000
2002-08-14,174.35842895507812,262.5,267.0,262.0,264.5,311000
2002-08-15,176.0189666748047,265.0,267.0,263.0,267.0,277000
2002-08-16,175.68687438964844,264.5,266.5,260.0,261.5,294000
2002-08-19,174.02633666992188,262.0,264.5,262.0,264.0,315000
2002-08-20,170.0409698486328,256.0,260.5,253.0,260.0,417000
2002-08-21,168.71250915527344,254.0,260.0,254.0,255.0,484000
2002-08-22,168.3804168701172,253.5,255.0,250.0,255.0,648000
2002-08-23,168.3804168701172,253.5,253.5,253.5,253.5,0
2002-08-26,167.38406372070312,252.0,252.0,244.0,245.0,1040000
2002-08-27,166.84803771972656,249.0,254.0,247.0,254.0,317000
2002-08-28,166.84803771972656,249.0,251.0,242.0,251.0,562000
2002-08-29,161.82252502441406,241.5,246.0,241.0,243.0,347000
2002-08-30,165.17286682128906,246.5,246.5,243.0,245.0,369000
2002-09-02,165.50782775878906,247.0,249.0,245.0,246.0,434000
2002-09-03,165.50782775878906,247.0,254.0,247.0,254.0,872000
2002-09-04,164.83779907226562,246.0,246.5,241.0,245.0,974000
2002-09-05,160.8173828125,240.0,242.5,236.5,242.0,953000
2002-09-06,158.80712890625,237.0,238.5,236.0,236.5,218000
2002-09-09,163.4976348876953,244.0,244.0,237.0,237.0,322000
2002-09-10,164.5027618408203,245.5,249.0,242.0,243.0,540000
2002-09-11,166.51303100585938,248.5,249.0,241.0,241.5,1095000
2002-09-12,167.1830596923828,249.5,249.5,247.0,248.5,322000
2002-09-13,160.4823455810547,239.5,242.0,238.0,241.5,874000
2002-09-16,160.4823455810547,239.5,239.5,239.5,239.5,0
2002-09-17,168.1881866455078,251.0,251.0,245.0,249.5,421000
2002-09-18,168.5232391357422,251.5,253.0,247.5,253.0,269000
2002-09-19,169.86334228515625,253.5,260.0,251.0,253.0,415000
2002-09-20,169.19326782226562,252.5,253.0,243.0,250.0,339000
2002-09-23,169.19326782226562,252.5,252.5,252.5,252.5,0
2002-09-24,166.84803771972656,249.0,250.5,241.0,250.0,317000
2002-09-25,157.46705627441406,235.0,243.0,231.0,240.0,451000
2002-09-26,161.15243530273438,240.5,243.0,236.5,242.0,328000
2002-09-27,164.5027618408203,245.5,246.0,241.0,241.0,588000
2002-09-30,156.46192932128906,233.5,241.0,233.0,237.5,886000
2002-10-01,154.78672790527344,231.0,237.5,230.0,234.0,830000
2002-10-02,134.0144805908203,200.0,233.0,200.0,230.0,707000
2002-10-03,144.06556701660156,215.0,224.0,212.0,224.0,664000
2002-10-04,141.72030639648438,211.5,217.0,210.5,212.0,425000
2002-10-07,130.66415405273438,195.0,211.5,194.8999938964844,211.5,1009000
2002-10-08,121.35010528564452,181.1000061035156,190.0,175.0,189.0,2746000
2002-10-09,115.2524871826172,172.0,177.0,170.8000030517578,175.10000610351562,1330000
2002-10-10,112.57213592529295,168.0,174.5,160.10000610351562,170.3000030517578,1785000
2002-10-11,116.5925521850586,174.0,179.0,172.5,173.0,1543000
2002-10-14,116.5925521850586,174.0,174.0,174.0,174.0,0
2002-10-15,127.31375122070312,190.0,190.0,181.5,183.0,1308000
2002-10-16,123.96339416503906,185.0,195.6999969482422,185.0,195.1000061035156,940000
2002-10-17,129.99404907226562,194.0,194.0,186.0,186.0,820000
2002-10-18,129.99404907226562,194.0,195.5,192.1000061035156,195.5,1527000
2002-10-21,130.06103515625,194.1000061035156,204.0,194.1000061035156,204.0,763000
2002-10-22,123.62837982177734,184.5,194.0,184.5,191.1000061035156,518000
2002-10-23,116.65960693359376,174.10000610351562,175.1999969482422,172.0,175.0,808000
2002-10-24,113.57725524902344,169.5,174.10000610351562,166.10000610351562,174.10000610351562,1219000
2002-10-25,113.2422103881836,169.0,173.10000610351562,168.0,169.5,1090000
2002-10-28,113.2422103881836,169.0,175.0,168.5,175.0,1121000
2002-10-29,112.50515747070312,167.89999389648438,169.3000030517578,167.8000030517578,169.0,1060000
2002-10-30,111.36604309082033,166.1999969482422,168.89999389648438,166.0,167.89999389648438,780000
2002-10-31,113.77828216552734,169.8000030517578,170.0,167.0,167.0,567000
2002-11-01,113.91229248046876,170.0,172.0,169.3000030517578,172.0,616000
2002-11-04,113.91229248046876,170.0,170.0,170.0,170.0,0
2002-11-05,117.26266479492188,175.0,176.0,170.5,176.0,578000
2002-11-06,115.98954010009766,173.10000610351562,177.3000030517578,172.0,177.0,1021000
2002-11-07,117.12863159179688,174.8000030517578,174.89999389648438,170.5,172.8000030517578,876000
2002-11-08,116.86062622070312,174.39999389648438,174.39999389648438,170.3000030517578,172.0,668000
2002-11-11,113.8453140258789,169.89999389648438,176.39999389648438,167.0,176.39999389648438,961000
2002-11-12,111.8350601196289,166.89999389648438,169.5,166.3000030517578,166.89999389648438,490000
2002-11-13,110.15989685058594,164.39999389648438,166.5,163.0,166.0,444000
2002-11-14,106.07245635986328,158.3000030517578,165.3000030517578,154.0,164.6999969482422,1174000
2002-11-15,99.17073059082033,148.0,158.3000030517578,146.0,155.3000030517578,1576000
2002-11-18,95.1502914428711,142.0,142.0,128.0,130.5,4083000
2002-11-19,95.1502914428711,142.0,144.0,139.89999389648438,140.5,2580000
2002-11-20,97.83057403564452,146.0,149.89999389648438,144.0,146.0,652000
2002-11-21,101.85099792480467,152.0,152.0,145.8000030517578,145.8000030517578,577000
2002-11-22,106.27347564697266,158.60000610351562,158.6999969482422,153.5,155.0,664000
2002-11-25,113.91229248046876,170.0,170.0,160.5,165.8000030517578,685000
2002-11-26,115.45348358154295,172.3000030517578,173.0,170.10000610351562,173.0,1173000
2002-11-27,116.5255889892578,173.89999389648438,176.5,172.0,172.0,380000
2002-11-28,118.46881103515624,176.8000030517578,178.0,175.0,176.89999389648438,474000
2002-11-29,123.96339416503906,185.0,185.0,176.8000030517578,178.0,659000
2002-12-02,123.96339416503906,185.0,185.0,185.0,185.0,0
2002-12-03,119.27288055419922,178.0,183.3000030517578,176.8000030517578,182.1000061035156,339000
2002-12-04,118.6697998046875,177.10000610351562,178.0,175.89999389648438,178.0,865000
2002-12-05,119.00486755371094,177.60000610351562,177.60000610351562,176.8000030517578,177.0,228000
2002-12-06,119.07185363769533,177.6999969482422,177.6999969482422,174.89999389648438,177.5,790000
2002-12-09,112.57213592529295,168.0,174.60000610351562,167.0,174.5,526000
2002-12-10,108.0826644897461,161.3000030517578,166.10000610351562,161.1999969482422,162.0,708000
2002-12-11,103.7942123413086,154.89999389648438,160.1999969482422,154.0,160.0,1139000
2002-12-12,104.53128051757812,156.0,157.0,155.10000610351562,155.10000610351562,518000
2002-12-13,100.84587860107422,150.5,155.0,149.6999969482422,150.0,1460000
2002-12-16,100.1758270263672,149.5,152.0,149.5,150.3000030517578,360000
2002-12-17,99.57276153564452,148.60000610351562,151.10000610351562,148.0,150.0,452000
2002-12-18,96.82547760009766,144.5,149.0,144.0,148.6999969482422,316000
2002-12-19,96.49041748046876,144.0,144.60000610351562,143.0,143.39999389648438,322000
2002-12-20,95.1502914428711,142.0,148.6999969482422,141.5,146.0,752000
2002-12-23,95.1502914428711,142.0,142.0,142.0,142.0,0
2002-12-24,96.82547760009766,144.5,146.5,142.10000610351562,142.10000610351562,301000
2002-12-25,100.44384765625,149.89999389648438,157.0,146.0,157.0,555000
2002-12-26,104.53128051757812,156.0,156.0,150.0,154.89999389648438,564000
2002-12-27,103.1911392211914,154.0,160.0,150.10000610351562,160.0,386000
2002-12-30,101.85099792480467,152.0,156.0,151.0,151.0,260000
2002-12-31,101.85099792480467,152.0,152.0,152.0,152.0,0
2003-01-01,101.85099792480467,152.0,152.0,152.0,152.0,0
2003-01-02,101.85099792480467,152.0,152.0,152.0,152.0,0
2003-01-03,101.85099792480467,152.0,152.0,152.0,152.0,0
2003-01-06,107.14456176757812,159.89999389648438,160.0,158.0,160.0,194000
2003-01-07,105.87145233154295,158.0,162.0,156.10000610351562,160.10000610351562,311000
2003-01-08,102.05204010009766,152.3000030517578,154.0,152.0,152.0,316000
2003-01-09,105.87145233154295,158.0,158.0,150.0,150.5,461000
2003-01-10,114.515380859375,170.89999389648438,171.3000030517578,160.0,160.0,3912000
2003-01-13,114.515380859375,170.89999389648438,170.89999389648438,170.89999389648438,170.89999389648438,0
2003-01-14,120.41204071044922,179.6999969482422,186.0,177.0,184.8999938964844,2013000
2003-01-15,125.9736328125,188.0,192.0,185.0,185.0,2213000
2003-01-16,124.49945831298828,185.8000030517578,190.0,183.0,188.0,401000
2003-01-17,129.3239288330078,193.0,194.8000030517578,185.8999938964844,185.8999938964844,1412000
2003-01-20,130.66415405273438,195.0,195.0,186.1000061035156,190.0,2069000
2003-01-21,128.65391540527344,192.0,195.0,190.0,194.8999938964844,745000
2003-01-22,129.12298583984375,192.6999969482422,194.0,190.5,190.5,508000
2003-01-23,133.9474639892578,199.8999938964844,199.8999938964844,193.0,193.0,711000
2003-01-24,137.36485290527344,205.0,207.0,200.0,200.0,2670000
2003-01-27,138.03494262695312,206.0,214.0,200.0,213.0,2249000
2003-01-28,138.7049560546875,207.0,208.5,202.5,206.0,1077000
2003-01-29,139.3750762939453,208.0,208.5,202.5,208.5,1509000
2003-01-30,141.38526916503906,211.0,213.0,210.0,210.0,2047000
2003-01-31,136.3597412109375,203.5,208.0,201.5,208.0,1697000
2003-02-03,134.0144805908203,200.0,200.0,195.0,200.0,1035000
2003-02-04,133.67942810058594,199.5,201.0,197.8999938964844,200.0,1115000
2003-02-05,133.14337158203125,198.6999969482422,203.0,192.8999938964844,193.0,1235000
2003-02-06,128.98892211914062,192.5,196.0,188.3999938964844,195.6999969482422,1161000
2003-02-07,127.38074493408205,190.1000061035156,190.6000061035156,187.5,189.5,944000
2003-02-10,143.06045532226562,213.5,214.0,192.1999969482422,192.1999969482422,2059000
2003-02-11,143.06045532226562,213.5,213.5,213.5,213.5,0
2003-02-12,137.0298614501953,204.5,213.0,203.0,213.0,2207000
2003-02-13,136.02468872070312,203.0,208.5,199.3000030517578,204.5,1415000
2003-02-14,133.3444366455078,199.0,204.0,199.0,199.0,851000
2003-02-17,141.38526916503906,211.0,213.0,205.0,206.0,1791000
2003-02-18,140.3802032470703,209.5,215.0,208.0,210.0,1474000
2003-02-19,147.41595458984375,220.0,220.0,212.0,215.0,1880000
2003-02-20,146.74588012695312,219.0,222.5,217.0,220.5,987000
2003-02-21,146.07579040527344,218.0,222.0,216.0,220.0,931000
2003-02-24,146.41079711914062,218.5,223.0,218.5,221.0,841000
2003-02-25,141.13113403320312,208.5,217.0,205.0,217.0,1019000
2003-02-26,142.1464385986328,210.0,214.0,207.0,209.0,1215000
2003-02-27,140.1157684326172,207.0,210.0,204.0,210.0,763000
2003-02-28,147.22303771972656,217.5,219.0,204.5,204.5,725000
2003-03-03,152.29974365234375,225.0,225.0,217.0,217.5,493000
2003-03-04,157.3763885498047,232.5,234.0,225.0,225.0,1497000
2003-03-05,164.48370361328125,243.0,248.0,230.5,232.5,2308000
2003-03-06,155.6841583251953,230.0,243.0,229.5,243.0,1471000
2003-03-07,153.6535186767578,227.0,232.5,219.0,223.5,879000
2003-03-10,149.25375366210938,220.5,223.0,217.0,220.0,799000
2003-03-11,137.40818786621094,203.0,214.0,192.0,193.3999938964844,2769000
2003-03-12,142.48484802246094,210.5,217.0,200.0,200.0,901000
2003-03-13,146.2077178955078,216.0,218.5,214.5,214.5,1150000
2003-03-14,146.8846435546875,217.0,218.5,213.0,216.5,841000
2003-03-17,137.40818786621094,203.0,218.0,203.0,218.0,501000
2003-03-18,140.1157684326172,207.0,212.5,207.0,208.0,701000
2003-03-19,134.70068359375,199.0,209.5,198.5,207.0,690000
2003-03-20,136.05442810058594,201.0,202.5,199.0,199.0,2549000
2003-03-21,136.05442810058594,201.0,201.0,201.0,201.0,0
2003-03-24,144.17713928222656,213.0,214.0,205.0,209.0,1124000
2003-03-25,141.46954345703125,209.0,209.0,205.0,207.5,322000
2003-03-26,143.16177368164062,211.5,212.5,206.0,209.5,434000
2003-03-27,157.71484375,233.0,234.0,212.0,212.0,2251000
2003-03-28,167.8681182861328,248.0,250.0,232.5,237.0,2375000
2003-03-31,160.08396911621094,236.5,245.5,235.0,244.0,897000
2003-04-01,156.0226287841797,230.5,236.0,227.5,228.5,731000
2003-04-02,159.7455291748047,236.0,237.5,229.0,236.0,1017000
2003-04-03,163.8068084716797,242.0,244.0,236.0,240.0,1533000
2003-04-04,165.83750915527344,245.0,247.5,236.0,236.0,1533000
2003-04-07,174.63710021972656,258.0,260.0,242.0,242.0,1791000
2003-04-08,168.54505920410156,249.0,251.0,248.0,250.0,848000
2003-04-09,161.776123046875,239.0,242.5,236.0,239.0,1157000
2003-04-10,157.03793334960938,232.0,235.0,228.0,233.0,1474000
2003-04-11,159.06863403320312,235.0,239.5,230.0,236.0,1305000
2003-04-14,159.7455291748047,236.0,236.0,228.0,231.0,1150000
2003-04-15,155.00733947753906,229.0,232.0,228.0,229.5,882000
2003-04-16,159.06863403320312,235.0,238.5,230.5,233.5,1505000
2003-04-17,156.6995086669922,231.5,233.5,228.0,230.5,610000
2003-04-18,155.00733947753906,229.0,231.5,226.0,230.5,854000
2003-04-21,156.361083984375,231.0,231.0,227.0,230.0,497000
2003-04-22,152.6382293701172,225.5,231.0,225.5,230.0,809000
2003-04-23,156.361083984375,231.0,235.5,226.0,226.0,590000
2003-04-24,152.9766387939453,226.0,230.0,224.0,227.0,713000
2003-04-25,146.8846435546875,217.0,222.0,216.0,222.0,559000
2003-04-28,143.83860778808594,212.5,217.5,211.0,217.5,559000
2003-04-29,143.83860778808594,212.5,212.5,212.5,212.5,0
2003-04-30,148.91529846191406,220.0,222.5,216.0,218.5,612000
2003-05-01,158.39175415039062,234.0,234.5,222.5,224.0,1096000
2003-05-02,153.6535186767578,227.0,233.0,226.0,233.0,593000
2003-05-05,153.6535186767578,227.0,227.0,227.0,227.0,0
2003-05-06,157.3763885498047,232.5,237.0,227.5,227.5,1213000
2003-05-07,159.40707397460938,235.5,236.5,229.0,236.5,522000
2003-05-08,169.89883422851562,251.0,256.5,239.0,239.5,4113000
2003-05-09,171.92947387695312,254.0,254.5,246.0,247.0,1166000
2003-05-12,174.9755096435547,258.5,268.5,254.0,257.5,2243000
2003-05-13,180.05213928222656,266.0,272.5,264.5,268.0,2099000
2003-05-14,180.3905639648437,266.5,274.0,261.0,266.5,2094000
2003-05-15,183.09811401367188,270.5,274.0,269.5,270.5,3296000
2003-05-16,185.12879943847656,273.5,274.5,266.0,270.0,846000
2003-05-19,189.5286102294922,280.0,280.0,260.0,272.5,1440000
2003-05-20,184.1134490966797,272.0,273.5,266.0,272.0,1466000
2003-05-21,183.09811401367188,270.5,278.0,267.0,267.0,577000
2003-05-22,180.72906494140625,267.0,268.5,265.0,268.0,416000
2003-05-23,180.72906494140625,267.0,270.0,265.0,267.0,1224000
2003-05-26,178.35989379882812,263.5,270.0,263.0,266.5,685000
2003-05-27,174.29859924316406,257.5,262.0,256.5,260.0,580000
2003-05-28,175.99082946777344,260.0,265.0,256.5,260.0,865000
2003-05-29,177.3446044921875,262.0,262.0,254.0,255.0,860000
2003-05-30,181.4058990478516,268.0,268.0,254.0,254.0,862000
2003-06-02,175.65231323242188,259.5,274.0,259.5,274.0,1002000
2003-06-03,179.71371459960938,265.5,272.0,261.5,263.0,693000
2003-06-04,183.7749938964844,271.5,272.5,266.5,266.5,678000
2003-06-05,189.1900634765625,279.5,280.0,268.0,278.0,950000
2003-06-06,194.6052398681641,287.5,287.5,280.0,281.0,2144000
2003-06-09,199.34344482421875,294.5,298.0,277.5,283.5,1981000
2003-06-10,192.236083984375,284.0,289.0,277.0,288.0,1125000
2003-06-11,192.9130096435547,285.0,287.5,282.0,287.0,763000
2003-06-12,190.54383850097656,281.5,284.0,279.5,283.0,647000
2003-06-13,186.4825897216797,275.5,283.0,275.0,283.0,833000
2003-06-16,186.4825897216797,275.5,283.0,270.5,271.5,404000
2003-06-17,187.83628845214844,277.5,283.0,277.0,283.0,376000
2003-06-18,187.83628845214844,277.5,281.5,277.5,281.5,448000
2003-06-19,185.8056488037109,274.5,278.0,272.5,275.0,546000
2003-06-20,192.5745544433593,284.5,286.0,279.0,279.5,1065000
2003-06-23,194.6052398681641,287.5,290.0,285.0,288.0,490000
2003-06-24,186.14407348632807,275.0,281.5,273.5,279.5,657000
2003-06-25,186.821044921875,276.0,283.5,275.0,276.0,309000
2003-06-26,187.83628845214844,277.5,287.5,273.5,276.0,311000
2003-06-27,205.096923828125,303.0,318.0,288.5,318.0,4507000
2003-06-30,208.48141479492188,308.0,314.0,304.0,306.0,1844000
2003-07-01,211.18896484375,312.0,313.0,307.0,308.0,885000
2003-07-02,215.9271850585937,319.0,320.0,310.0,315.0,1250000
2003-07-03,212.5428009033203,314.0,320.0,313.0,320.0,2211000
2003-07-04,207.80450439453125,307.0,314.0,303.0,305.0,690000
2003-07-07,203.06637573242188,300.0,305.0,299.0,302.0,828000
2003-07-08,212.5428009033203,314.0,315.0,302.0,304.0,1455000
2003-07-09,213.2196502685547,315.0,315.0,308.0,314.0,469000
2003-07-10,216.6040802001953,320.0,322.0,307.0,308.0,1155000
2003-07-11,210.51210021972656,311.0,315.0,300.0,315.0,1205000
2003-07-14,216.6040802001953,320.0,320.0,304.0,319.0,939000
2003-07-15,211.18896484375,312.0,320.0,310.0,320.0,641000
2003-07-16,207.1277313232422,306.0,320.0,304.0,320.0,380000
2003-07-17,199.34344482421875,294.5,301.0,284.0,300.0,1170000
2003-07-18,199.00494384765625,294.0,294.5,289.0,290.0,665000
2003-07-21,199.00494384765625,294.0,294.0,294.0,294.0,0
2003-07-22,213.2196502685547,315.0,315.0,296.0,296.5,3020000
2003-07-23,209.83523559570312,310.0,320.0,308.0,310.0,771000
2003-07-24,217.2809295654297,321.0,324.0,313.0,315.0,1334000
2003-07-25,215.9271850585937,319.0,323.0,319.0,323.0,593000
2003-07-28,218.6347045898437,323.0,325.0,318.0,319.0,550000
2003-07-29,213.8965759277344,316.0,320.0,313.0,313.0,828000
2003-07-30,207.1277313232422,306.0,316.0,306.0,311.0,480000
2003-07-31,211.8658599853516,313.0,318.0,306.0,306.0,405000
2003-08-01,218.6347045898437,323.0,325.0,314.0,314.0,1387000
2003-08-04,209.1582946777344,309.0,324.0,303.0,323.0,593000
2003-08-05,211.8658599853516,313.0,317.0,308.0,312.0,650000
2003-08-06,209.1582946777344,309.0,312.0,305.0,308.0,280000
2003-08-07,206.4507293701172,305.0,309.0,305.0,308.0,609000
2003-08-08,205.7738342285156,304.0,305.0,296.5,301.0,774000
2003-08-11,201.03565979003903,297.0,303.0,290.0,299.0,767000
2003-08-12,199.00494384765625,294.0,295.0,288.0,293.0,2225000
2003-08-13,200.3588256835937,296.0,297.5,295.0,295.5,1891000
2003-08-14,199.00494384765625,294.0,297.0,292.5,297.0,1632000
2003-08-15,191.5591583251953,283.0,283.0,283.0,283.0,1928000
2003-08-18,187.83628845214844,277.5,288.0,275.5,284.5,3164000
2003-08-19,184.1134490966797,272.0,280.0,269.0,279.0,4861000
2003-08-20,185.8056488037109,274.5,276.5,265.5,271.0,3212000
2003-08-21,195.95901489257807,289.5,293.0,281.0,281.5,4213000
2003-08-22,203.06637573242188,300.0,304.0,291.0,293.5,4673000
2003-08-25,203.06637573242188,300.0,306.0,300.0,305.0,1635000
2003-08-26,205.9302978515625,302.0,305.0,295.0,299.0,1270000
2003-08-27,212.0672607421875,311.0,316.0,305.0,307.0,2471000
2003-08-28,216.15855407714844,317.0,323.0,312.0,316.0,2218000
2003-08-29,220.2499237060547,323.0,324.0,318.0,320.0,774000
2003-09-01,220.2499237060547,323.0,324.0,312.0,319.0,1158000
2003-09-02,211.38536071777344,310.0,320.0,309.0,318.0,1417000
2003-09-03,214.7947235107422,315.0,319.0,314.0,315.0,1085000
2003-09-04,213.43101501464844,313.0,320.0,312.0,317.0,1149000
2003-09-05,220.2499237060547,323.0,325.0,318.0,320.0,1742000
2003-09-08,233.88771057128903,343.0,345.0,331.0,333.0,4268000
2003-09-09,238.6609344482422,350.0,350.0,337.0,340.0,2542000
2003-09-10,228.4326171875,335.0,344.0,329.0,341.0,2591000
2003-09-11,222.29559326171875,326.0,335.0,326.0,330.0,737000
2003-09-12,230.47830200195312,338.0,338.0,327.0,329.0,1264000
2003-09-15,230.47830200195312,338.0,338.0,338.0,338.0,0
2003-09-16,227.75076293945312,334.0,337.0,331.0,333.0,880000
2003-09-17,225.7050018310547,331.0,338.0,329.0,335.0,1012000
2003-09-18,226.38693237304688,332.0,335.0,329.0,333.0,1343000
2003-09-19,237.2971343994141,348.0,350.0,333.0,337.0,2172000
2003-09-22,239.3428192138672,351.0,352.0,345.0,350.0,2160000
2003-09-23,239.3428192138672,351.0,351.0,351.0,351.0,0
2003-09-24,227.0687561035156,333.0,350.0,330.0,350.0,1292000
2003-09-25,231.8419647216797,340.0,345.0,330.0,331.0,830000
2003-09-26,241.3884735107422,354.0,360.0,340.0,345.0,2919000
2003-09-29,243.4341735839844,357.0,359.0,349.0,354.0,1933000
2003-09-30,233.88771057128903,343.0,354.0,339.0,354.0,2815000
2003-10-01,233.88771057128903,343.0,349.0,340.0,340.0,1549000
2003-10-02,241.3884735107422,354.0,361.0,344.0,345.0,4081000
2003-10-03,242.752197265625,356.0,359.0,350.0,357.0,2087000
2003-10-06,249.5710601806641,366.0,372.0,357.0,361.0,2001000
2003-10-07,253.6624298095703,372.0,373.0,362.0,363.0,1254000
2003-10-08,262.52703857421875,385.0,392.0,372.0,372.0,2326000
2003-10-09,265.2545166015625,389.0,395.0,372.0,380.0,1737000
2003-10-10,259.11749267578125,380.0,386.0,378.0,379.0,939000
2003-10-13,259.11749267578125,380.0,380.0,380.0,380.0,0
2003-10-14,251.61669921875,369.0,376.0,366.0,372.0,2357000
2003-10-15,246.8435516357422,362.0,365.0,354.0,362.0,2299000
2003-10-16,252.2987365722656,370.0,374.0,362.0,367.0,1907000
2003-10-17,259.7994384765625,381.0,389.0,380.0,380.0,2138000
2003-10-20,256.3900146484375,376.0,382.0,367.0,380.0,2218000
2003-10-21,259.7994384765625,381.0,386.0,375.0,382.0,1794000
2003-10-22,263.8906555175781,387.0,387.0,376.0,381.0,2214000
2003-10-23,250.9348602294922,368.0,378.0,362.0,378.0,1827000
2003-10-24,252.9805603027344,371.0,374.0,370.0,371.0,1864000
2003-10-27,250.9348602294922,368.0,371.0,362.0,371.0,856000
2003-10-28,250.9348602294922,368.0,371.0,364.0,369.0,1051000
2003-10-29,250.2530212402344,367.0,375.0,366.0,369.0,1914000
2003-10-30,249.5710601806641,366.0,369.0,360.0,361.0,748000
2003-10-31,240.70654296875,353.0,362.0,352.0,361.0,711000
2003-11-03,240.70654296875,353.0,353.0,353.0,353.0,0
2003-11-04,234.56954956054688,344.0,355.0,338.0,354.0,2370000
2003-11-05,246.16172790527344,361.0,366.0,346.0,348.0,3984000
2003-11-06,235.25148010253903,345.0,369.0,345.0,369.0,1455000
2003-11-07,235.9333953857422,346.0,353.0,341.0,350.0,567000
2003-11-10,227.0687561035156,333.0,350.0,329.0,344.0,1517000
2003-11-11,221.6136779785156,325.0,335.0,320.0,330.0,1236000
2003-11-12,223.6593475341797,328.0,335.0,321.0,325.0,811000
2003-11-13,224.3412628173828,329.0,335.0,329.0,333.0,429000
2003-11-14,229.79640197753903,337.0,339.0,335.0,339.0,979000
2003-11-17,215.4766540527344,316.0,337.0,313.0,337.0,676000
2003-11-18,214.1129302978516,314.0,316.0,301.0,301.0,884000
2003-11-19,211.38536071777344,310.0,317.0,302.0,315.0,852000
2003-11-20,207.2940368652344,304.0,306.0,296.5,305.0,1491000
2003-11-21,212.74917602539065,312.0,323.0,304.0,304.0,1206000
2003-11-24,212.74917602539065,312.0,312.0,312.0,312.0,0
2003-11-25,221.6136779785156,325.0,333.0,325.0,327.0,1065000
2003-11-26,229.79640197753903,337.0,342.0,326.0,326.0,1151000
2003-11-27,230.47830200195312,338.0,341.0,330.0,337.0,756000
2003-11-28,222.9774932861328,327.0,334.0,327.0,328.0,561000
2003-12-01,229.79640197753903,337.0,338.0,325.0,327.0,461000
2003-12-02,234.56954956054688,344.0,347.0,340.0,340.0,1317000
2003-12-03,232.5238494873047,341.0,350.0,341.0,345.0,723000
2003-12-04,231.8419647216797,340.0,349.0,338.0,349.0,1244000
2003-12-05,234.56954956054688,344.0,347.0,343.0,344.0,1090000
2003-12-08,233.205810546875,342.0,347.0,335.0,344.0,1171000
2003-12-09,237.2971343994141,348.0,349.0,344.0,345.0,1041000
2003-12-10,237.2971343994141,348.0,354.0,344.0,354.0,918000
2003-12-11,235.25148010253903,345.0,348.0,343.0,348.0,879000
2003-12-12,231.8419647216797,340.0,348.0,331.0,340.0,1407000
2003-12-15,230.47830200195312,338.0,346.0,338.0,340.0,666000
2003-12-16,228.4326171875,335.0,340.0,334.0,338.0,821000
2003-12-17,220.93182373046875,324.0,331.0,322.0,326.0,831000
2003-12-18,227.0687561035156,333.0,333.0,321.0,321.0,575000
2003-12-19,222.9774932861328,327.0,330.0,321.0,329.0,1093000
2003-12-22,218.8861389160156,321.0,328.0,316.0,324.0,1307000
2003-12-23,218.8861389160156,321.0,321.0,321.0,321.0,0
2003-12-24,221.6136779785156,325.0,325.0,318.0,318.0,726000
2003-12-25,224.3412628173828,329.0,329.0,320.0,322.0,627000
2003-12-26,227.75076293945312,334.0,339.0,329.0,334.0,707000
2003-12-29,229.79640197753903,337.0,339.0,335.0,336.0,225000
2003-12-30,246.8435516357422,362.0,362.0,335.0,337.0,397000
2003-12-31,246.8435516357422,362.0,362.0,362.0,362.0,0
2004-01-01,246.8435516357422,362.0,362.0,362.0,362.0,0
2004-01-02,246.8435516357422,362.0,362.0,362.0,362.0,0
2004-01-05,237.2971343994141,348.0,362.0,343.0,362.0,507000
2004-01-06,238.6609344482422,350.0,353.0,348.0,353.0,911000
2004-01-07,242.0703887939453,355.0,357.0,350.0,355.0,706000
2004-01-08,249.5710601806641,366.0,368.0,359.0,360.0,1285000
2004-01-09,251.61669921875,369.0,377.0,367.0,376.0,2391000
2004-01-12,251.61669921875,369.0,369.0,369.0,369.0,0
2004-01-13,245.47979736328125,360.0,369.0,355.0,369.0,1190000
2004-01-14,236.6151885986328,347.0,365.0,345.0,362.0,2455000
2004-01-15,248.20724487304688,364.0,370.0,360.0,367.0,2991000
2004-01-16,245.47979736328125,360.0,367.0,356.0,364.0,1330000
2004-01-19,260.4812927246094,382.0,385.0,362.0,365.0,2580000
2004-01-20,258.4356689453125,379.0,381.0,378.0,380.0,1206000
2004-01-21,256.3900146484375,376.0,384.0,375.0,376.0,1236000
2004-01-22,249.5710601806641,366.0,370.0,365.0,368.0,1044000
2004-01-23,244.1160583496093,358.0,365.0,355.0,365.0,1846000
2004-01-26,248.88916015625,365.0,368.0,360.0,363.0,1365000
2004-01-27,246.8435516357422,362.0,367.0,360.0,365.0,1669000
2004-01-28,246.16172790527344,361.0,365.0,359.0,362.0,1264000
2004-01-29,243.4341735839844,357.0,363.0,353.0,355.0,892000
2004-01-30,241.3884735107422,354.0,363.0,352.0,352.0,822000
2004-02-02,244.1160583496093,358.0,366.0,354.0,354.0,746000
2004-02-03,244.7979431152344,359.0,365.0,354.0,360.0,553000
2004-02-04,244.1160583496093,358.0,361.0,345.0,360.0,2127000
2004-02-05,250.2530212402344,367.0,371.0,356.0,360.0,1332000
2004-02-06,252.2987365722656,370.0,375.0,366.0,373.0,1784000
2004-02-09,252.2987365722656,370.0,375.0,368.0,375.0,583000
2004-02-10,245.47979736328125,360.0,366.0,357.0,363.0,938000
2004-02-11,245.47979736328125,360.0,360.0,360.0,360.0,0
2004-02-12,243.4341735839844,357.0,366.0,355.0,360.0,1536000
2004-02-13,255.0261993408203,374.0,377.0,368.0,377.0,856000
2004-02-16,254.34423828125,373.0,380.0,364.0,380.0,1043000
2004-02-17,256.3900146484375,376.0,376.0,369.0,373.0,1607000
2004-02-18,253.6624298095703,372.0,377.0,371.0,375.0,1769000
2004-02-19,249.5710601806641,366.0,371.0,365.0,365.0,1404000
2004-02-20,247.5254821777344,363.0,366.0,361.0,365.0,1254000
2004-02-23,254.34423828125,373.0,375.0,365.0,373.0,1144000
2004-02-24,257.4335632324219,375.0,376.0,370.0,375.0,1705000
2004-02-25,257.4335632324219,375.0,376.0,370.0,370.0,1409000
2004-02-26,253.3145294189453,369.0,375.0,367.0,375.0,899000
2004-02-27,257.4335632324219,375.0,377.0,367.0,369.0,1354000
2004-03-01,257.4335632324219,375.0,378.0,373.0,375.0,2352000
2004-03-02,266.3578491210937,388.0,393.0,381.0,385.0,5116000
2004-03-03,279.4012145996094,407.0,420.0,396.0,400.0,6517000
2004-03-04,279.4012145996094,407.0,410.0,395.0,402.0,2402000
2004-03-05,280.774169921875,409.0,415.0,406.0,408.0,1431000
2004-03-08,279.4012145996094,407.0,425.0,405.0,418.0,1914000
2004-03-09,284.2065124511719,414.0,415.0,410.0,410.0,492000
2004-03-10,286.9526672363281,418.0,422.0,414.0,414.0,1867000
2004-03-11,286.9526672363281,418.0,420.0,410.0,410.0,581000
2004-03-12,282.14715576171875,411.0,420.0,409.0,416.0,950000
2004-03-15,291.07147216796875,424.0,427.0,418.0,424.0,925000
2004-03-16,295.87701416015625,431.0,439.0,425.0,425.0,1006000
2004-03-17,298.62286376953125,435.0,437.0,428.0,435.0,2058000
2004-03-18,305.4877624511719,445.0,450.0,436.0,440.0,1754000
2004-03-19,302.05523681640625,440.0,442.0,429.0,432.0,2165000
2004-03-22,292.44451904296875,426.0,439.0,424.0,435.0,819000
2004-03-23,289.6985168457031,422.0,426.0,412.0,416.0,846000
2004-03-24,294.5039978027344,429.0,432.0,426.0,432.0,422000
2004-03-25,306.8607788085937,447.0,449.0,435.0,448.0,1339000
2004-03-26,293.8174743652344,428.0,449.0,427.0,449.0,1284000
2004-03-29,302.05523681640625,440.0,441.0,432.0,433.0,1003000
2004-03-30,300.682373046875,438.0,450.0,437.0,450.0,1221000
2004-03-31,311.6661682128906,454.0,454.0,440.0,441.0,791000
2004-04-01,307.5472106933594,448.0,466.0,445.0,460.0,1577000
2004-04-02,303.4283752441406,442.0,450.0,442.0,448.0,2096000
2004-04-05,305.4877624511719,445.0,451.0,444.0,450.0,1580000
2004-04-06,304.1148681640625,443.0,451.0,442.0,450.0,958000
2004-04-07,299.30938720703125,436.0,444.0,435.0,444.0,1035000
2004-04-08,308.2336730957031,449.0,456.0,435.0,435.0,2008000
2004-04-09,318.53106689453125,464.0,464.0,454.0,454.0,4697000
2004-04-12,319.21759033203125,465.0,466.0,461.0,464.0,1485000
2004-04-13,321.2769775390625,468.0,469.0,464.0,465.0,1323000
2004-04-14,331.5743408203125,483.0,491.0,465.0,468.0,2142000
2004-04-15,326.7689514160156,476.0,488.0,453.0,483.0,1934000
2004-04-16,319.21759033203125,465.0,474.0,456.0,466.0,1019000
2004-04-19,323.3365783691406,471.0,485.0,466.0,485.0,1322000
2004-04-20,328.8284912109375,479.0,485.0,472.0,481.0,552000
2004-04-21,320.5906677246094,467.0,485.0,464.0,479.0,1540000
2004-04-22,319.21759033203125,465.0,471.0,465.0,465.0,2284000
2004-04-23,319.21759033203125,465.0,475.0,465.0,470.0,1977000
2004-04-26,309.6068115234375,451.0,458.0,449.0,452.0,2193000
2004-04-27,321.2769775390625,468.0,473.0,451.0,453.0,2837000
2004-04-28,321.9635009765625,469.0,471.0,465.0,470.0,1295000
2004-04-29,321.9635009765625,469.0,469.0,469.0,469.0,0
2004-04-30,322.6500244140625,470.0,470.0,456.0,469.0,1611000
2004-05-03,322.6500244140625,470.0,470.0,470.0,470.0,0
2004-05-04,322.6500244140625,470.0,470.0,470.0,470.0,0
2004-05-05,322.6500244140625,470.0,470.0,470.0,470.0,0
2004-05-06,315.7850952148437,460.0,478.0,457.0,478.0,888000
2004-05-07,314.412109375,458.0,467.0,451.0,465.0,1328000
2004-05-10,280.087646484375,408.0,463.0,408.0,463.0,2669000
2004-05-11,289.0120544433594,421.0,426.0,408.0,413.0,1182000
2004-05-12,306.1742858886719,446.0,447.0,432.0,446.0,1428000
2004-05-13,297.2498474121094,433.0,447.0,429.0,447.0,1364000
2004-05-14,284.2065124511719,414.0,435.0,411.0,433.0,1201000
2004-05-17,283.52008056640625,413.0,426.0,401.0,424.0,974000
2004-05-18,277.3417053222656,404.0,416.0,393.0,403.0,2091000
2004-05-19,297.9364318847656,434.0,443.0,426.0,429.0,1746000
2004-05-20,306.8607788085937,447.0,454.0,430.0,440.0,1949000
2004-05-21,309.6068115234375,451.0,453.0,445.0,451.0,470000
2004-05-24,314.412109375,458.0,459.0,449.0,450.0,1343000
2004-05-25,308.9202880859375,450.0,465.0,445.0,465.0,1097000
2004-05-26,319.21759033203125,465.0,467.0,452.0,460.0,1135000
2004-05-27,319.21759033203125,465.0,470.0,455.0,470.0,1082000
2004-05-28,310.29315185546875,452.0,474.0,452.0,460.0,5090000
2004-05-31,314.412109375,458.0,459.0,446.0,457.0,1115000
2004-06-01,323.3365783691406,471.0,472.0,460.0,463.0,892000
2004-06-02,333.6338195800781,486.0,508.0,472.0,475.0,4163000
2004-06-03,345.30419921875,503.0,532.0,495.0,500.0,4514000
2004-06-04,332.2608947753906,484.0,498.0,475.0,490.0,1261000
2004-06-07,349.423095703125,509.0,520.0,499.0,499.0,1950000
2004-06-08,343.24462890625,500.0,514.0,495.0,513.0,842000
2004-06-09,338.43927001953125,493.0,508.0,493.0,502.0,275000
2004-06-10,348.736572265625,508.0,510.0,489.0,489.0,966000
2004-06-11,346.67706298828125,505.0,508.0,499.0,508.0,820000
2004-06-14,356.9745483398437,520.0,523.0,501.0,501.0,974000
2004-06-15,357.660888671875,521.0,530.0,515.0,520.0,856000
2004-06-16,363.8394165039063,530.0,539.0,524.0,524.0,1016000
2004-06-17,376.1962585449219,548.0,548.0,531.0,540.0,1599000
2004-06-18,373.45025634765625,544.0,547.0,531.0,538.0,1075000
2004-06-21,362.4664916992188,528.0,540.0,525.0,539.0,1050000
2004-06-22,354.2285461425781,516.0,535.0,513.0,528.0,1283000
2004-06-23,354.2285461425781,516.0,525.0,509.0,520.0,759000
2004-06-24,358.3475341796875,522.0,530.0,520.0,520.0,737000
2004-06-25,363.8394165039063,530.0,544.0,517.0,540.0,2682000
2004-06-28,370.7043151855469,540.0,540.0,523.0,530.0,1218000
2004-06-29,377.5691223144531,550.0,550.0,541.0,542.0,947000
2004-06-30,386.4934692382813,563.0,563.0,550.0,550.0,1862000
2004-07-01,368.6448364257813,537.0,557.0,535.0,553.0,2641000
2004-07-02,357.660888671875,521.0,528.0,512.0,517.0,3911000
2004-07-05,362.4664916992188,528.0,533.0,513.0,521.0,1609000
2004-07-06,354.2285461425781,516.0,533.0,516.0,533.0,942000
2004-07-07,356.9745483398437,520.0,523.0,498.0,510.0,1529000
2004-07-08,356.9745483398437,520.0,527.0,516.0,520.0,1341000
2004-07-09,369.3313903808594,538.0,541.0,529.0,533.0,1362000
2004-07-12,382.37451171875,557.0,558.0,540.0,550.0,2398000
2004-07-13,381.0016174316406,555.0,558.0,550.0,558.0,735000
2004-07-14,372.0772399902344,542.0,557.0,530.0,555.0,1007000
2004-07-15,364.52587890625,531.0,540.0,525.0,534.0,1225000
2004-07-16,369.3313903808594,538.0,538.0,518.0,521.0,1039000
2004-07-19,369.3313903808594,538.0,538.0,538.0,538.0,0
2004-07-20,363.8394165039063,530.0,538.0,524.0,538.0,1028000
2004-07-21,367.9583740234375,536.0,538.0,532.0,536.0,387000
2004-07-22,372.7637939453125,543.0,548.0,530.0,537.0,1389000
2004-07-23,361.0934448242188,526.0,535.0,521.0,533.0,1328000
2004-07-26,361.0934448242188,526.0,526.0,508.0,520.0,2016000
2004-07-27,352.85552978515625,514.0,526.0,509.0,526.0,967000
2004-07-28,350.109619140625,510.0,520.0,509.0,520.0,1208000
2004-07-29,338.43927001953125,493.0,510.0,488.0,500.0,2780000
2004-07-30,345.30419921875,503.0,505.0,496.0,500.0,1061000
2004-08-02,348.736572265625,508.0,513.0,503.0,513.0,552000
2004-08-03,343.9311828613281,501.0,505.0,495.0,500.0,895000
2004-08-04,330.8879089355469,482.0,501.0,472.0,501.0,3027000
2004-08-05,336.3798217773437,490.0,493.0,477.0,487.0,989000
2004-08-06,331.5743408203125,483.0,489.0,477.0,479.0,477000
2004-08-09,323.3365783691406,471.0,480.0,465.0,468.0,1002000
2004-08-10,332.2608947753906,484.0,485.0,465.0,470.0,447000
2004-08-11,347.36358642578125,506.0,510.0,498.0,504.0,1530000
2004-08-12,340.4987487792969,496.0,503.0,496.0,500.0,596000
2004-08-13,334.32037353515625,487.0,491.0,483.0,485.0,571000
2004-08-16,330.8879089355469,482.0,487.0,463.0,487.0,901000
2004-08-17,326.7689514160156,476.0,486.0,476.0,486.0,449000
2004-08-18,326.7689514160156,476.0,489.0,475.0,477.0,557000
2004-08-19,341.1852111816406,497.0,498.0,486.0,486.0,1626000
2004-08-20,345.30419921875,503.0,505.0,496.0,499.0,591000
2004-08-23,348.736572265625,508.0,509.0,503.0,507.0,418000
2004-08-24,345.30419921875,503.0,507.0,503.0,507.0,339000
2004-08-25,348.0501403808594,507.0,509.0,504.0,507.0,492000
2004-08-26,353.2242736816406,512.0,516.0,507.0,510.0,780000
2004-08-27,355.2939758300781,515.0,518.0,506.0,512.0,909000
2004-08-30,353.91412353515625,513.0,518.0,511.0,515.0,440000
2004-08-31,347.70526123046875,504.0,509.0,494.0,509.0,1273000
2004-09-01,342.18603515625,496.0,502.0,493.0,499.0,1151000
2004-09-02,343.5657653808594,498.0,504.0,495.0,499.0,868000
2004-09-03,342.18603515625,496.0,506.0,496.0,501.0,528000
2004-09-06,353.2242736816406,512.0,518.0,497.0,500.0,1021000
2004-09-07,347.70526123046875,504.0,514.0,496.0,514.0,681000
2004-09-08,347.70526123046875,504.0,504.0,498.0,504.0,640000
2004-09-09,344.9455871582031,500.0,503.0,499.0,501.0,176000
2004-09-10,342.18603515625,496.0,504.0,493.0,504.0,1099000
2004-09-13,343.5657653808594,498.0,501.0,496.0,497.0,361000
2004-09-14,340.1163635253906,493.0,503.0,491.0,501.0,380000
2004-09-15,334.59722900390625,485.0,495.0,483.0,493.0,566000
2004-09-16,339.4263916015625,492.0,495.0,488.0,492.0,605000
2004-09-17,336.6669616699219,488.0,507.0,488.0,503.0,1722000
2004-09-20,336.6669616699219,488.0,488.0,488.0,488.0,0
2004-09-21,338.7366638183594,491.0,498.0,489.0,489.0,794000
2004-09-22,341.4961853027344,495.0,500.0,481.0,491.0,654000
2004-09-23,341.4961853027344,495.0,495.0,495.0,495.0,0
2004-09-24,329.0780944824219,477.0,485.0,475.0,485.0,1136000
2004-09-27,320.7994079589844,465.0,477.0,428.0,462.0,5045000
2004-09-28,324.9388732910156,471.0,475.0,454.0,466.0,1438000
2004-09-29,321.4893798828125,466.0,480.0,466.0,480.0,754000
2004-09-30,328.3882751464844,476.0,480.0,472.0,480.0,1274000
2004-10-01,333.9073791503906,484.0,492.0,476.0,476.0,1553000
2004-10-04,343.5657653808594,498.0,502.0,492.0,494.0,2373000
2004-10-05,347.70526123046875,504.0,508.0,502.0,502.0,1460000
2004-10-06,345.635498046875,501.0,502.0,498.0,502.0,1003000
2004-10-07,342.8759155273437,497.0,500.0,494.0,496.0,507000
2004-10-08,329.7680053710937,478.0,492.0,476.0,491.0,1942000
2004-10-11,329.7680053710937,478.0,478.0,478.0,478.0,0
2004-10-12,331.1477966308594,480.0,493.0,479.0,483.0,1446000
2004-10-13,331.8376159667969,481.0,487.0,478.0,485.0,668000
2004-10-14,328.3882751464844,476.0,481.0,472.0,481.0,726000
2004-10-15,323.5589294433594,469.0,469.0,460.0,466.0,1392000
2004-10-18,324.9388732910156,471.0,473.0,463.0,470.0,746000
2004-10-19,324.9388732910156,471.0,476.0,469.0,476.0,1514000
2004-10-20,327.0084228515625,474.0,477.0,471.0,476.0,1655000
2004-10-21,324.9388732910156,471.0,475.0,460.0,473.0,1046000
2004-10-22,316.6600646972656,459.0,466.0,455.0,462.0,1133000
2004-10-25,315.2802734375,457.0,466.0,452.0,459.0,1367000
2004-10-26,312.5206604003906,453.0,461.0,447.0,452.0,1298000
2004-10-27,311.1410217285156,451.0,461.0,445.0,458.0,1289000
2004-10-28,316.6600646972656,459.0,467.0,457.0,463.0,1403000
2004-10-29,327.0084228515625,474.0,474.0,463.0,464.0,1344000
2004-11-01,324.2489013671875,470.0,475.0,462.0,474.0,589000
2004-11-02,338.7366638183594,491.0,492.0,475.0,485.0,1837000
2004-11-03,338.7366638183594,491.0,491.0,491.0,491.0,0
2004-11-04,348.3950500488281,505.0,511.0,500.0,503.0,2271000
2004-11-05,345.635498046875,501.0,507.0,495.0,505.0,525000
2004-11-08,341.4961853027344,495.0,502.0,495.0,502.0,220000
2004-11-09,343.5657653808594,498.0,500.0,495.0,495.0,588000
2004-11-10,347.0152587890625,503.0,505.0,499.0,503.0,627000
2004-11-11,340.1163635253906,493.0,505.0,490.0,505.0,317000
2004-11-12,342.8759155273437,497.0,500.0,490.0,491.0,298000
2004-11-15,348.3950500488281,505.0,506.0,497.0,505.0,447000
2004-11-16,356.6737060546875,517.0,523.0,505.0,507.0,1128000
2004-11-17,357.3635559082031,518.0,521.0,513.0,517.0,1134000
2004-11-18,358.05352783203125,519.0,526.0,517.0,520.0,872000
2004-11-19,353.2242736816406,512.0,523.0,512.0,519.0,475000
2004-11-22,351.8445739746094,510.0,515.0,507.0,511.0,673000
2004-11-23,351.8445739746094,510.0,510.0,510.0,510.0,0
2004-11-24,355.2939758300781,515.0,522.0,508.0,520.0,1179000
2004-11-25,353.2242736816406,512.0,515.0,510.0,510.0,374000
2004-11-26,353.91412353515625,513.0,516.0,511.0,513.0,631000
2004-11-29,357.3635559082031,518.0,522.0,507.0,513.0,343000
2004-11-30,352.5344543457031,511.0,519.0,511.0,518.0,967000
2004-12-01,337.3568115234375,489.0,494.0,481.0,481.0,3914000
2004-12-02,351.15460205078125,509.0,512.0,501.0,504.0,1799000
2004-12-03,351.8445739746094,510.0,514.0,506.0,510.0,1627000
2004-12-06,348.3950500488281,505.0,508.0,501.0,508.0,313000
2004-12-07,349.0849609375,506.0,516.0,505.0,510.0,762000
2004-12-08,345.635498046875,501.0,504.0,496.0,497.0,474000
2004-12-09,342.18603515625,496.0,500.0,490.0,500.0,916000
2004-12-10,336.6669616699219,488.0,497.0,483.0,497.0,1914000
2004-12-13,322.8690795898437,468.0,483.0,466.0,478.0,1472000
2004-12-14,328.3882751464844,476.0,476.0,460.0,469.0,2060000
2004-12-15,325.6285400390625,472.0,480.0,468.0,477.0,1191000
2004-12-16,331.8376159667969,481.0,485.0,467.0,467.0,889000
2004-12-17,334.59722900390625,485.0,494.0,481.0,483.0,1308000
2004-12-20,338.0467224121094,490.0,494.0,490.0,491.0,746000
2004-12-21,343.5657653808594,498.0,501.0,495.0,495.0,1148000
2004-12-22,344.9455871582031,500.0,502.0,498.0,500.0,701000
2004-12-23,344.9455871582031,500.0,500.0,500.0,500.0,0
2004-12-24,347.0152587890625,503.0,505.0,500.0,500.0,464000
2004-12-27,347.70526123046875,504.0,506.0,503.0,505.0,318000
2004-12-28,345.635498046875,501.0,506.0,501.0,506.0,304000
2004-12-29,341.4961853027344,495.0,502.0,494.0,500.0,476000
2004-12-30,355.2939758300781,515.0,515.0,499.0,500.0,516000
2004-12-31,355.2939758300781,515.0,515.0,515.0,515.0,0
2005-01-03,355.2939758300781,515.0,515.0,515.0,515.0,0
2005-01-04,344.2557373046875,499.0,505.0,493.0,500.0,716000
2005-01-05,347.70526123046875,504.0,506.0,500.0,504.0,518000
2005-01-06,343.5657653808594,498.0,503.0,495.0,500.0,629000
2005-01-07,355.2939758300781,515.0,515.0,507.0,515.0,1693000
2005-01-10,355.2939758300781,515.0,515.0,515.0,515.0,0
2005-01-11,360.1232604980469,522.0,523.0,515.0,517.0,1110000
2005-01-12,349.7748718261719,507.0,520.0,505.0,512.0,1133000
2005-01-13,356.6737060546875,517.0,521.0,514.0,517.0,1473000
2005-01-14,356.6737060546875,517.0,522.0,512.0,519.0,1001000
2005-01-17,362.8828125,526.0,529.0,522.0,525.0,996000
2005-01-18,371.851318359375,539.0,539.0,529.0,530.0,1654000
2005-01-19,369.78167724609375,536.0,540.0,526.0,540.0,1066000
2005-01-20,361.5030517578125,524.0,531.0,522.0,526.0,1067000
2005-01-21,355.98388671875,516.0,527.0,510.0,526.0,1199000
2005-01-24,364.9524536132813,529.0,529.0,512.0,517.0,1286000
2005-01-25,362.19281005859375,525.0,525.0,516.0,520.0,605000
2005-01-26,359.4332580566406,521.0,527.0,518.0,524.0,980000
2005-01-27,358.743408203125,520.0,525.0,519.0,520.0,1110000
2005-01-28,364.9524536132813,529.0,529.0,523.0,524.0,1166000
2005-01-31,366.332275390625,531.0,531.0,521.0,522.0,1293000
2005-02-01,366.332275390625,531.0,534.0,531.0,532.0,1038000
2005-02-02,367.0221557617188,532.0,535.0,528.0,535.0,954000
2005-02-03,378.0604248046875,548.0,548.0,534.0,537.0,1769000
2005-02-04,373.9210510253906,542.0,542.0,532.0,538.0,1005000
2005-02-07,371.1615295410156,538.0,543.0,532.0,532.0,734000
2005-02-08,373.2311401367188,541.0,548.0,540.0,548.0,552000
2005-02-09,373.9210510253906,542.0,546.0,538.0,545.0,633000
2005-02-10,372.5413208007813,540.0,540.0,531.0,536.0,639000
2005-02-11,372.5413208007813,540.0,540.0,540.0,540.0,0
2005-02-14,375.9907531738281,545.0,546.0,539.0,544.0,1329000
2005-02-15,374.6109619140625,543.0,544.0,537.0,544.0,459000
2005-02-16,373.2311401367188,541.0,541.0,533.0,537.0,624000
2005-02-17,366.332275390625,531.0,537.0,531.0,535.0,648000
2005-02-18,367.0221557617188,532.0,536.0,531.0,532.0,507000
2005-02-21,371.1615295410156,538.0,539.0,534.0,538.0,314000
2005-02-22,369.0918273925781,535.0,539.0,534.0,538.0,421000
2005-02-23,373.9482727050781,539.0,539.0,529.0,538.0,646000
2005-02-24,373.2545471191406,538.0,543.0,535.0,540.0,612000
2005-02-25,376.7233581542969,543.0,545.0,540.0,545.0,902000
2005-02-28,377.4172668457031,544.0,544.0,533.0,533.0,981000
2005-03-01,371.1732177734375,535.0,541.0,533.0,534.0,1401000
2005-03-02,368.3980102539063,531.0,535.0,529.0,534.0,1113000
2005-03-03,360.7664184570313,520.0,530.0,520.0,530.0,1607000
2005-03-04,355.9099426269531,513.0,519.0,510.0,517.0,2120000
2005-03-07,363.5415649414063,524.0,524.0,516.0,517.0,1077000
2005-03-08,360.0726928710937,519.0,523.0,519.0,522.0,915000
2005-03-09,350.3596496582031,505.0,515.0,505.0,515.0,3791000
2005-03-10,352.4410400390625,508.0,511.0,506.0,507.0,1335000
2005-03-11,354.5224304199219,511.0,518.0,508.0,518.0,1399000
2005-03-14,353.8285827636719,510.0,513.0,507.0,510.0,874000
2005-03-15,356.6037902832031,514.0,515.0,511.0,514.0,994000
2005-03-16,357.297607421875,515.0,517.0,511.0,511.0,974000
2005-03-17,356.6037902832031,514.0,517.0,510.0,511.0,1109000
2005-03-18,353.8285827636719,510.0,514.0,507.0,514.0,1560000
2005-03-21,353.8285827636719,510.0,510.0,510.0,510.0,0
2005-03-22,350.3596496582031,505.0,509.0,501.0,508.0,2159000
2005-03-23,343.421875,495.0,505.0,493.0,505.0,1448000
2005-03-24,339.2591857910156,489.0,497.0,489.0,496.0,1395000
2005-03-25,348.2783203125,502.0,503.0,495.0,498.0,1337000
2005-03-28,348.9721374511719,503.0,505.0,499.0,503.0,296000
2005-03-29,359.3788757324219,518.0,526.0,515.0,522.0,4472000
2005-03-30,367.7042541503906,530.0,530.0,516.0,518.0,2754000
2005-03-31,367.7042541503906,530.0,530.0,524.0,530.0,1663000
2005-04-01,371.8669128417969,536.0,538.0,529.0,530.0,2449000
2005-04-04,369.78558349609375,533.0,537.0,530.0,532.0,2620000
2005-04-05,373.2545471191406,538.0,539.0,533.0,535.0,1265000
2005-04-06,405.16845703125,584.0,584.0,544.0,546.0,6326000
2005-04-07,385.74261474609375,556.0,566.0,534.0,554.0,6906000
2005-04-08,377.4172668457031,544.0,554.0,543.0,550.0,1340000
2005-04-11,372.5607604980469,537.0,546.0,530.0,543.0,2300000
2005-04-12,380.8860473632813,549.0,553.0,545.0,547.0,2094000
2005-04-13,380.8860473632813,549.0,553.0,545.0,548.0,2245000
2005-04-14,382.9673767089844,552.0,558.0,547.0,549.0,3380000
2005-04-15,372.5607604980469,537.0,546.0,536.0,542.0,782000
2005-04-18,360.7664184570313,520.0,526.0,512.0,520.0,2034000
2005-04-19,361.4602355957031,521.0,526.0,512.0,524.0,2139000
2005-04-20,369.0917663574219,532.0,534.0,523.0,531.0,843000
2005-04-21,364.9291076660156,526.0,535.0,520.0,535.0,1583000
2005-04-22,371.1732177734375,535.0,538.0,524.0,531.0,646000
2005-04-25,380.1922302246094,548.0,548.0,536.0,540.0,1431000
2005-04-26,371.1732177734375,535.0,542.0,531.0,539.0,843000
2005-04-27,369.78558349609375,533.0,535.0,530.0,532.0,363000
2005-04-28,367.7042541503906,530.0,532.0,519.0,529.0,1358000
2005-04-29,367.7042541503906,530.0,530.0,530.0,530.0,0
2005-05-02,365.6229553222656,527.0,535.0,518.0,518.0,833000
2005-05-03,365.6229553222656,527.0,527.0,527.0,527.0,0
2005-05-04,365.6229553222656,527.0,527.0,527.0,527.0,0
2005-05-05,365.6229553222656,527.0,527.0,527.0,527.0,0
2005-05-06,367.7042541503906,530.0,537.0,529.0,537.0,1127000
2005-05-09,367.7042541503906,530.0,533.0,520.0,520.0,580000
2005-05-10,364.2353515625,525.0,537.0,524.0,535.0,767000
2005-05-11,358.6851501464844,517.0,523.0,506.0,518.0,2521000
2005-05-12,352.4410400390625,508.0,516.0,504.0,514.0,1415000
2005-05-13,356.6037902832031,514.0,515.0,504.0,507.0,892000
2005-05-16,351.7473449707031,507.0,516.0,506.0,510.0,677000
2005-05-17,348.2783203125,502.0,511.0,496.0,511.0,896000
2005-05-18,341.34063720703125,492.0,506.0,491.0,497.0,1188000
2005-05-19,340.6467590332031,491.0,500.0,488.0,497.0,1650000
2005-05-20,340.6467590332031,491.0,496.0,490.0,496.0,1059000
2005-05-23,341.34063720703125,492.0,495.0,489.0,493.0,1265000
2005-05-24,346.197021484375,499.0,499.0,492.0,494.0,643000
2005-05-25,339.9529724121094,490.0,503.0,490.0,500.0,1275000
2005-05-26,330.24005126953125,476.0,495.0,471.0,493.0,2755000
2005-05-27,324.6898803710937,468.0,479.0,464.0,479.0,3270000
2005-05-30,341.34063720703125,492.0,492.0,478.0,481.0,2384000
2005-05-31,342.72808837890625,494.0,495.0,491.0,495.0,2342000
2005-06-01,342.0343322753906,493.0,493.0,486.0,493.0,1041000
2005-06-02,345.50323486328125,498.0,498.0,490.0,496.0,1170000
2005-06-03,354.5224304199219,511.0,511.0,500.0,501.0,2449000
2005-06-06,349.6659240722656,504.0,505.0,496.0,501.0,1436000
2005-06-07,345.50323486328125,498.0,501.0,493.0,500.0,1005000
2005-06-08,338.5653991699219,488.0,496.0,487.0,495.0,1618000
2005-06-09,338.5653991699219,488.0,493.0,487.0,493.0,1608000
2005-06-10,340.6467590332031,491.0,493.0,487.0,489.0,2569000
2005-06-13,346.197021484375,499.0,502.0,492.0,492.0,2912000
2005-06-14,342.0343322753906,493.0,501.0,493.0,499.0,689000
2005-06-15,346.197021484375,499.0,503.0,496.0,497.0,1139000
2005-06-16,351.7473449707031,507.0,507.0,500.0,500.0,1568000
2005-06-17,350.3596496582031,505.0,507.0,502.0,507.0,1147000
2005-06-20,349.6659240722656,504.0,506.0,501.0,505.0,1924000
2005-06-21,351.7473449707031,507.0,508.0,504.0,505.0,2064000
2005-06-22,355.9099426269531,513.0,515.0,502.0,509.0,2375000
2005-06-23,362.1540222167969,522.0,526.0,512.0,514.0,2691000
2005-06-24,362.8478393554688,523.0,527.0,517.0,520.0,1972000
2005-06-27,360.7664184570313,520.0,523.0,516.0,523.0,837000
2005-06-28,375.3357543945313,541.0,544.0,536.0,540.0,4172000
2005-06-29,375.3357543945313,541.0,541.0,531.0,540.0,1432000
2005-06-30,380.1922302246094,548.0,549.0,543.0,543.0,1623000
2005-07-01,375.3357543945313,541.0,548.0,540.0,540.0,1528000
2005-07-04,382.9673767089844,552.0,553.0,542.0,545.0,1482000
2005-07-05,379.4985046386719,547.0,551.0,542.0,545.0,1190000
2005-07-06,377.4172668457031,544.0,545.0,539.0,539.0,1301000
2005-07-07,373.9482727050781,539.0,542.0,537.0,538.0,1006000
2005-07-08,373.9482727050781,539.0,542.0,530.0,530.0,775000
2005-07-11,378.1109619140625,545.0,548.0,538.0,540.0,785000
2005-07-12,381.5797729492188,550.0,551.0,545.0,545.0,1689000
2005-07-13,381.5797729492188,550.0,552.0,548.0,551.0,928000
2005-07-14,386.4363708496094,557.0,557.0,548.0,548.0,1681000
2005-07-15,380.8860473632813,549.0,560.0,544.0,560.0,1551000
2005-07-18,380.8860473632813,549.0,549.0,549.0,549.0,0
2005-07-19,381.5797729492188,550.0,552.0,545.0,549.0,593000
2005-07-20,378.8047790527344,546.0,550.0,541.0,541.0,1279000
2005-07-21,380.1922302246094,548.0,548.0,542.0,543.0,667000
2005-07-22,376.0297546386719,542.0,545.0,537.0,542.0,1740000
2005-07-25,378.8047790527344,546.0,550.0,538.0,538.0,1809000
2005-07-26,373.9482727050781,539.0,545.0,539.0,541.0,554000
2005-07-27,377.4172668457031,544.0,545.0,540.0,540.0,489000
2005-07-28,376.0297546386719,542.0,543.0,540.0,540.0,664000
2005-07-29,376.0297546386719,542.0,545.0,540.0,542.0,875000
2005-08-01,375.3357543945313,541.0,543.0,535.0,538.0,854000
2005-08-02,373.2545471191406,538.0,540.0,538.0,540.0,529000
2005-08-03,376.0297546386719,542.0,542.0,538.0,539.0,1163000
2005-08-04,373.2545471191406,538.0,544.0,533.0,542.0,1167000
2005-08-05,366.3167419433594,528.0,537.0,527.0,537.0,746000
2005-08-08,371.1732177734375,535.0,536.0,523.0,528.0,854000
2005-08-09,376.7233581542969,543.0,548.0,540.0,540.0,772000
2005-08-10,378.8047790527344,546.0,556.0,543.0,548.0,913000
2005-08-11,387.130126953125,558.0,564.0,551.0,556.0,2362000
2005-08-12,393.374267578125,567.0,572.0,566.0,568.0,1741000
2005-08-15,404.47467041015625,583.0,583.0,570.0,572.0,1969000
2005-08-16,414.8814086914063,598.0,602.0,593.0,595.0,1516000
2005-08-17,422.5130004882813,609.0,615.0,604.0,605.0,2525000
2005-08-18,434.3071899414063,626.0,640.0,619.0,620.0,2616000
2005-08-19,423.206787109375,610.0,626.0,608.0,626.0,2298000
2005-08-22,430.1446533203125,620.0,622.0,610.0,610.0,1099000
2005-08-23,445.4077453613281,642.0,642.0,629.0,630.0,1777000
2005-08-24,425.98193359375,614.0,633.0,605.0,633.0,4575000
2005-08-25,453.0392761230469,653.0,660.0,621.0,622.0,5785000
2005-08-26,454.783203125,652.0,661.0,647.0,652.0,1569000
2005-08-29,445.0178833007813,638.0,650.0,634.0,650.0,993000
2005-08-30,455.4805908203125,653.0,667.0,644.0,650.0,1434000
2005-08-31,449.2030029296875,644.0,656.0,643.0,650.0,781000
2005-09-01,461.7583923339844,662.0,664.0,653.0,654.0,1683000
2005-09-02,459.6656494140625,659.0,670.0,656.0,670.0,1081000
2005-09-05,448.5054931640625,643.0,650.0,637.0,649.0,3055000
2005-09-06,439.4377136230469,630.0,637.0,626.0,635.0,2742000
2005-09-07,436.6475830078125,626.0,632.0,620.0,630.0,1650000
2005-09-08,431.06744384765625,618.0,625.0,613.0,625.0,1018000
2005-09-09,433.16009521484375,621.0,624.0,619.0,624.0,1656000
2005-09-12,440.1351623535156,631.0,634.0,628.0,631.0,2301000
2005-09-13,448.5054931640625,643.0,644.0,638.0,640.0,1148000
2005-09-14,444.3203430175781,637.0,648.0,634.0,643.0,1427000
2005-09-15,449.2030029296875,644.0,644.0,637.0,638.0,1104000
2005-09-16,447.8079528808594,642.0,644.0,636.0,636.0,1939000
2005-09-19,447.8079528808594,642.0,642.0,642.0,642.0,0
2005-09-20,442.9253234863281,635.0,641.0,632.0,638.0,1511000
2005-09-21,445.0178833007813,638.0,641.0,633.0,640.0,924000
2005-09-22,448.5054931640625,643.0,643.0,634.0,643.0,1522000
2005-09-23,448.5054931640625,643.0,643.0,643.0,643.0,0
2005-09-26,481.2890930175781,690.0,690.0,644.0,649.0,5118000
2005-09-27,505.0046997070313,724.0,738.0,706.0,710.0,5660000
2005-09-28,495.2393493652344,710.0,737.0,708.0,734.0,2649000
2005-09-29,499.424560546875,716.0,721.0,682.0,710.0,4179000
2005-09-30,509.8873596191406,731.0,737.0,713.0,723.0,2577000
2005-10-03,498.7269287109375,715.0,735.0,712.0,721.0,1570000
2005-10-04,525.2327270507812,753.0,778.0,752.0,760.0,3347000
2005-10-05,532.2081298828125,763.0,780.0,763.0,780.0,2300000
2005-10-06,507.7947692871094,728.0,759.0,728.0,758.0,1550000
2005-10-07,524.5352783203125,752.0,762.0,732.0,733.0,1786000
2005-10-10,524.5352783203125,752.0,752.0,752.0,752.0,0
2005-10-11,546.85595703125,784.0,786.0,759.0,762.0,1639000
2005-10-12,539.8805541992188,774.0,787.0,768.0,785.0,1631000
2005-10-13,537.0908203125,770.0,779.0,762.0,765.0,1011000
2005-10-14,537.0908203125,770.0,779.0,765.0,772.0,766000
2005-10-17,534.300537109375,766.0,783.0,761.0,780.0,1053000
2005-10-18,513.375,736.0,771.0,733.0,767.0,2825000
2005-10-19,523.1401977539062,750.0,750.0,736.0,736.0,1583000
2005-10-20,520.3500366210938,746.0,758.0,743.0,758.0,917000
2005-10-21,506.3996887207031,726.0,729.0,716.0,726.0,3416000
2005-10-24,508.49224853515625,729.0,730.0,721.0,729.0,1364000
2005-10-25,514.0724487304688,737.0,740.0,730.0,735.0,1195000
2005-10-26,523.837646484375,751.0,751.0,738.0,738.0,1100000
2005-10-27,528.022705078125,757.0,757.0,743.0,755.0,1348000
2005-10-28,529.4177856445312,759.0,760.0,746.0,750.0,1360000
2005-10-31,537.0908203125,770.0,770.0,756.0,763.0,1146000
2005-11-01,551.0409545898438,790.0,795.0,779.0,782.0,1278000
2005-11-02,539.8805541992188,774.0,808.0,769.0,791.0,2957000
2005-11-03,539.8805541992188,774.0,774.0,774.0,774.0,0
2005-11-04,555.923583984375,797.0,805.0,782.0,794.0,2707000
2005-11-07,555.923583984375,797.0,799.0,786.0,790.0,1660000
2005-11-08,546.1582641601562,783.0,793.0,780.0,790.0,1032000
2005-11-09,537.0908203125,770.0,780.0,766.0,780.0,2517000
2005-11-10,525.2327270507812,753.0,774.0,743.0,770.0,2039000
2005-11-11,534.9979248046875,767.0,770.0,739.0,745.0,2904000
2005-11-14,527.3253173828125,756.0,773.0,753.0,770.0,1068000
2005-11-15,526.6278686523438,755.0,766.0,755.0,766.0,619000
2005-11-16,528.022705078125,757.0,765.0,750.0,765.0,1102000
2005-11-17,529.4177856445312,759.0,762.0,750.0,755.0,1551000
2005-11-18,530.1152954101562,760.0,765.0,753.0,764.0,1983000
2005-11-21,526.6278686523438,755.0,768.0,753.0,764.0,1990000
2005-11-22,533.6029663085938,765.0,768.0,750.0,750.0,1689000
2005-11-23,533.6029663085938,765.0,765.0,765.0,765.0,0
2005-11-24,533.6029663085938,765.0,777.0,763.0,771.0,2519000
2005-11-25,528.720458984375,758.0,765.0,753.0,760.0,806000
2005-11-28,537.0908203125,770.0,772.0,759.0,759.0,1736000
2005-11-29,539.8805541992188,774.0,776.0,766.0,770.0,1371000
2005-11-30,549.6458740234375,788.0,796.0,779.0,779.0,2840000
2005-12-01,557.3187255859375,799.0,799.0,775.0,790.0,1672000
2005-12-02,611.7252197265625,877.0,893.0,810.0,810.0,5698000
2005-12-05,643.1136474609375,922.0,945.0,880.0,897.0,5748000
2005-12-06,633.3485107421875,908.0,937.0,907.0,920.0,2624000
2005-12-07,638.9285888671875,916.0,922.0,898.0,908.0,995000
2005-12-08,612.4227905273438,878.0,906.0,868.0,899.0,1583000
2005-12-09,608.9351806640625,873.0,874.0,848.0,848.0,3816000
2005-12-12,610.3302612304688,875.0,878.0,863.0,875.0,3046000
2005-12-13,613.1202392578125,879.0,885.0,873.0,885.0,2197000
2005-12-14,611.7252197265625,877.0,885.0,866.0,885.0,1729000
2005-12-15,597.7747802734375,857.0,879.0,855.0,878.0,1181000
2005-12-16,597.0772705078125,856.0,870.0,853.0,856.0,933000
2005-12-19,606.8425903320312,870.0,881.0,865.0,876.0,1787000
2005-12-20,624.2804565429688,895.0,903.0,859.0,862.0,2798000
2005-12-21,643.1136474609375,922.0,929.0,906.0,915.0,2556000
2005-12-22,636.8359985351562,913.0,926.0,902.0,924.0,1524000
2005-12-23,636.8359985351562,913.0,913.0,913.0,913.0,0
2005-12-26,643.811279296875,923.0,928.0,911.0,911.0,475000
2005-12-27,659.8541870117188,946.0,950.0,910.0,920.0,1650000
2005-12-28,648.6937866210938,930.0,941.0,927.0,941.0,1175000
2005-12-29,672.4095458984375,964.0,977.0,946.0,947.0,1441000
2005-12-30,717.7482299804688,1029.0,1029.0,947.0,977.0,1037000
2006-01-02,717.7482299804688,1029.0,1029.0,1029.0,1029.0,0
2006-01-03,717.7482299804688,1029.0,1029.0,1029.0,1029.0,0
2006-01-04,690.5449829101562,990.0,1015.0,986.0,1015.0,1769000
2006-01-05,716.3532104492188,1027.0,1027.0,992.0,1009.0,2541000
2006-01-06,712.1680908203125,1021.0,1074.0,1011.0,1030.0,5685000
2006-01-09,712.1680908203125,1021.0,1021.0,1021.0,1021.0,0
2006-01-10,701.0078125,1005.0,1030.0,996.0,1030.0,2452000
2006-01-11,671.0145263671875,962.0,998.0,950.0,998.0,4181000
2006-01-12,671.0145263671875,962.0,980.0,952.0,972.0,3200000
2006-01-13,680.7797241210938,976.0,980.0,962.0,963.0,3023000
2006-01-16,675.1995239257812,968.0,988.0,967.0,986.0,1244000
2006-01-17,647.2987060546875,928.0,961.0,891.0,960.0,2584000
2006-01-18,577.546630859375,828.0,888.0,828.0,888.0,6639000
2006-01-19,647.2987060546875,928.0,928.0,880.0,898.0,3304000
2006-01-20,628.4656982421875,901.0,959.0,889.0,958.0,3669000
2006-01-23,588.7069091796875,844.0,879.0,839.0,851.0,3103000
2006-01-24,615.2127685546875,882.0,888.0,861.0,864.0,1332000
2006-01-25,625.6755981445312,897.0,920.0,894.0,912.0,1959000
2006-01-26,625.6755981445312,897.0,917.0,895.0,917.0,1030000
2006-01-27,629.8607177734375,903.0,914.0,895.0,903.0,1158000
2006-01-30,661.9465942382812,949.0,954.0,917.0,927.0,1607000
2006-01-31,642.4161987304688,921.0,958.0,921.0,958.0,1541000
2006-02-01,631.9533081054688,906.0,930.0,903.0,916.0,1178000
2006-02-02,643.1136474609375,922.0,946.0,920.0,946.0,1291000
2006-02-03,648.6937866210938,930.0,931.0,907.0,920.0,972000
2006-02-06,641.7186279296875,920.0,931.0,909.0,930.0,1293000
2006-02-07,638.9285888671875,916.0,924.0,911.0,920.0,1114000
2006-02-08,620.0953979492188,889.0,916.0,878.0,916.0,2270000
2006-02-09,612.4227905273438,878.0,904.0,876.0,895.0,1119000
2006-02-10,618.0027465820312,886.0,903.0,873.0,898.0,1952000
2006-02-13,585.2193603515625,839.0,887.0,831.0,887.0,2083000
2006-02-14,596.3796997070312,855.0,859.0,789.0,831.0,1637000
2006-02-15,579.6393432617188,831.0,869.0,825.0,869.0,1368000
2006-02-16,564.9913940429688,810.0,821.0,803.0,821.0,1745000
2006-02-17,546.1582641601562,783.0,818.0,781.0,800.0,1939000
2006-02-20,551.7385864257812,791.0,810.0,773.0,773.0,3490000
2006-02-21,599.8673706054688,860.0,865.0,800.0,800.0,1960000
2006-02-22,578.244140625,829.0,847.0,827.0,831.0,2757000
2006-02-23,593.3229370117188,846.0,865.0,833.0,841.0,2492000
2006-02-24,595.4266967773438,849.0,854.0,831.0,838.0,1390000
2006-02-27,621.3757934570312,886.0,895.0,869.0,869.0,4514000
2006-02-28,616.4664306640625,879.0,904.0,874.0,896.0,3146000
2006-03-01,618.5706176757812,882.0,889.0,862.0,876.0,1795000
2006-03-02,591.2186889648438,843.0,892.0,836.0,892.0,2787000
2006-03-03,583.504150390625,832.0,840.0,823.0,835.0,2434000
2006-03-06,590.5173950195312,842.0,845.0,818.0,832.0,808000
2006-03-07,578.5950927734375,825.0,843.0,820.0,843.0,1021000
2006-03-08,568.7764282226562,811.0,817.0,794.0,815.0,1223000
2006-03-09,598.2321166992188,853.0,860.0,816.0,820.0,2022000
2006-03-10,620.6744995117188,885.0,892.0,855.0,863.0,2175000
2006-03-13,636.1036987304688,907.0,917.0,892.0,895.0,2994000
2006-03-14,624.8826293945312,891.0,906.0,883.0,906.0,887000
2006-03-15,619.2720336914062,883.0,899.0,878.0,899.0,1010000
2006-03-16,612.258544921875,873.0,884.0,870.0,878.0,1148000
2006-03-17,603.141357421875,860.0,882.0,854.0,872.0,1234000
2006-03-20,623.479736328125,889.0,894.0,860.0,862.0,977000
2006-03-21,623.479736328125,889.0,889.0,889.0,889.0,0
2006-03-22,656.4423217773438,936.0,942.0,905.0,909.0,4223000
2006-03-23,653.6370239257812,932.0,940.0,912.0,937.0,2095000
2006-03-24,650.83154296875,928.0,941.0,926.0,932.0,1541000
2006-03-27,666.2609252929688,950.0,955.0,939.0,940.0,2985000
2006-03-28,659.2474975585938,940.0,945.0,921.0,940.0,1100000
2006-03-29,671.8714599609375,958.0,968.0,932.0,941.0,1542000
2006-03-30,678.183349609375,967.0,974.0,960.0,965.0,1296000
2006-03-31,692.2099609375,987.0,987.0,972.0,987.0,3484000
2006-04-03,723.0684814453125,1031.0,1040.0,998.0,1000.0,5114000
2006-04-04,744.809326171875,1062.0,1071.0,1031.0,1035.0,5415000
2006-04-05,720.2628784179688,1027.0,1056.0,1013.0,1051.0,3848000
2006-04-06,723.0684814453125,1031.0,1046.0,1021.0,1025.0,1771000
2006-04-07,723.7696533203125,1032.0,1048.0,1017.0,1020.0,3164000
2006-04-10,733.5884399414062,1046.0,1049.0,1027.0,1027.0,2085000
2006-04-11,740.6015625,1056.0,1063.0,1038.0,1044.0,1746000
2006-04-12,733.5884399414062,1046.0,1065.0,1045.0,1057.0,1458000
2006-04-13,717.4578857421875,1023.0,1055.0,1017.0,1055.0,2216000
2006-04-14,715.3536987304688,1020.0,1024.0,1011.0,1022.0,701000
2006-04-17,691.5086669921875,986.0,1020.0,979.0,1020.0,1472000
2006-04-18,705.5350952148438,1006.0,1013.0,969.0,984.0,1300000
2006-04-19,705.5350952148438,1006.0,1019.0,1003.0,1012.0,978000
2006-04-20,703.4312133789062,1003.0,1013.0,991.0,1010.0,895000
2006-04-21,688.001953125,981.0,1005.0,971.0,995.0,1504000
2006-04-24,668.3648681640625,953.0,973.0,950.0,965.0,1953000
2006-04-25,702.729736328125,1002.0,1008.0,972.0,977.0,2477000
2006-04-26,698.5219116210938,996.0,1005.0,989.0,1005.0,1461000
2006-04-27,703.4312133789062,1003.0,1011.0,996.0,1004.0,883000
2006-04-28,716.7565307617188,1022.0,1022.0,988.0,998.0,1522000
2006-05-01,708.3404541015625,1010.0,1019.0,1002.0,1019.0,1138000
2006-05-02,707.6390380859375,1009.0,1021.0,1005.0,1011.0,930000
2006-05-03,707.6390380859375,1009.0,1009.0,1009.0,1009.0,0
2006-05-04,707.6390380859375,1009.0,1009.0,1009.0,1009.0,0
2006-05-05,707.6390380859375,1009.0,1009.0,1009.0,1009.0,0
2006-05-08,723.7696533203125,1032.0,1039.0,1019.0,1030.0,1639000
2006-05-09,718.1591186523438,1024.0,1041.0,1023.0,1041.0,1460000
2006-05-10,703.4312133789062,1003.0,1025.0,990.0,1010.0,1569000
2006-05-11,689.4046630859375,983.0,1012.0,981.0,997.0,1064000
2006-05-12,686.599365234375,979.0,981.0,961.0,961.0,1302000
2006-05-15,682.3914794921875,973.0,980.0,965.0,979.0,1624000
2006-05-16,681.6901245117188,972.0,1001.0,972.0,997.0,1229000
2006-05-17,684.4952392578125,976.0,990.0,951.0,986.0,2424000
2006-05-18,678.183349609375,967.0,970.0,950.0,970.0,2411000
2006-05-19,706.2366943359375,1007.0,1010.0,969.0,975.0,2344000
2006-05-22,686.599365234375,979.0,1022.0,977.0,1021.0,1774000
2006-05-23,657.8450317382812,938.0,965.0,938.0,959.0,2117000
2006-05-24,677.4821166992188,966.0,970.0,943.0,945.0,1162000
2006-05-25,659.2474975585938,940.0,945.0,919.0,936.0,2786000
2006-05-26,674.6769409179688,962.0,970.0,946.0,960.0,836000
2006-05-29,669.7675170898438,955.0,963.0,947.0,961.0,866000
2006-05-30,666.2609252929688,950.0,958.0,941.0,956.0,656000
2006-05-31,673.9754638671875,961.0,967.0,921.0,925.0,2682000
2006-06-01,654.33837890625,933.0,970.0,928.0,962.0,962000
2006-06-02,680.2874145507812,970.0,974.0,926.0,960.0,1621000
2006-06-05,673.2742309570312,960.0,967.0,936.0,942.0,1752000
2006-06-06,651.5331420898438,929.0,946.0,927.0,937.0,1024000
2006-06-07,643.8184814453125,918.0,935.0,916.0,929.0,1829000
2006-06-08,633.9999389648438,904.0,917.0,893.0,917.0,1494000
2006-06-09,639.6104736328125,912.0,922.0,892.0,900.0,1968000
2006-06-12,662.7543334960938,945.0,946.0,920.0,923.0,1655000
2006-06-13,631.8958129882812,901.0,940.0,901.0,939.0,1316000
2006-06-14,636.8051147460938,908.0,917.0,881.0,881.0,1093000
2006-06-15,656.4423217773438,936.0,945.0,930.0,938.0,1552000
2006-06-16,684.4952392578125,976.0,984.0,958.0,960.0,1638000
2006-06-19,673.9754638671875,961.0,975.0,956.0,975.0,871000
2006-06-20,659.2474975585938,940.0,959.0,935.0,954.0,673000
2006-06-21,652.234375,930.0,948.0,920.0,940.0,1180000
2006-06-22,678.8847045898438,968.0,968.0,947.0,950.0,1045000
2006-06-23,680.98876953125,971.0,975.0,942.0,958.0,991000
2006-06-26,689.4046630859375,983.0,992.0,971.0,979.0,2341000
2006-06-27,669.7675170898438,955.0,969.0,949.0,965.0,2400000
2006-06-28,660.650146484375,942.0,961.0,923.0,925.0,2230000
2006-06-29,648.0263061523438,924.0,954.0,921.0,941.0,2537000
2006-06-30,657.8450317382812,938.0,949.0,925.0,945.0,2459000
2006-07-03,662.7543334960938,945.0,950.0,934.0,938.0,1358000
2006-07-04,662.052978515625,944.0,953.0,934.0,950.0,1590000
2006-07-05,659.2474975585938,940.0,947.0,934.0,934.0,1106000
2006-07-06,657.1436157226562,937.0,951.0,936.0,949.0,1560000
2006-07-07,651.5331420898438,929.0,941.0,927.0,938.0,1015000
2006-07-10,646.6238403320312,922.0,923.0,910.0,922.0,1810000
2006-07-11,629.7918090820312,898.0,927.0,893.0,925.0,2232000
2006-07-12,628.3890991210938,896.0,909.0,895.0,895.0,1387000
2006-07-13,607.3493041992188,866.0,897.0,861.0,886.0,3202000
2006-07-14,605.245361328125,863.0,869.0,846.0,859.0,1349000
2006-07-17,605.245361328125,863.0,863.0,863.0,863.0,0
2006-07-18,575.0882568359375,820.0,853.0,803.0,850.0,2572000
2006-07-19,584.9067993164062,834.0,848.0,821.0,830.0,1996000
2006-07-20,601.7388305664062,858.0,865.0,853.0,860.0,1373000
2006-07-21,592.6214599609375,845.0,863.0,845.0,858.0,415000
2006-07-24,603.8427124023438,861.0,867.0,840.0,846.0,1247000
2006-07-25,598.2321166992188,853.0,886.0,850.0,886.0,1645000
2006-07-26,595.4266967773438,849.0,857.0,845.0,848.0,867000
2006-07-27,593.3229370117188,846.0,855.0,835.0,844.0,1174000
2006-07-28,600.3359985351562,856.0,867.0,843.0,846.0,1324000
2006-07-31,608.751953125,868.0,874.0,861.0,866.0,1098000
2006-08-01,619.9732666015625,884.0,893.0,873.0,873.0,1265000
2006-08-02,619.9732666015625,884.0,884.0,871.0,879.0,576000
2006-08-03,624.18115234375,890.0,894.0,878.0,882.0,819000
2006-08-04,627.6878051757812,895.0,900.0,890.0,896.0,534000
2006-08-07,612.9599609375,874.0,899.0,871.0,899.0,859000
2006-08-08,611.5573120117188,872.0,880.0,870.0,880.0,901000
2006-08-09,630.4931640625,899.0,900.0,872.0,882.0,876000
2006-08-10,632.5971069335938,902.0,905.0,887.0,889.0,465000
2006-08-11,626.9866333007812,894.0,899.0,884.0,892.0,1109000
2006-08-14,638.2078247070312,910.0,910.0,890.0,896.0,537000
2006-08-15,637.5067138671875,909.0,919.0,905.0,910.0,892000
2006-08-16,634.7010498046875,905.0,914.0,901.0,911.0,1226000
2006-08-17,639.6104736328125,912.0,936.0,912.0,924.0,2693000
2006-08-18,649.4290161132812,926.0,931.0,916.0,922.0,782000
2006-08-21,643.8184814453125,918.0,935.0,917.0,932.0,775000
2006-08-22,643.1171875,917.0,923.0,912.0,918.0,461000
2006-08-23,637.5067138671875,909.0,924.0,909.0,918.0,653000
2006-08-24,627.6878051757812,895.0,905.0,893.0,903.0,890000
2006-08-25,627.6878051757812,895.0,905.0,894.0,897.0,1083000
2006-08-28,619.5817260742188,879.0,894.0,871.0,889.0,1101000
2006-08-29,613.238037109375,870.0,881.0,866.0,879.0,1584000
2006-08-30,597.0258178710938,847.0,862.0,841.0,861.0,3344000
2006-08-31,602.6648559570312,855.0,860.0,847.0,847.0,1921000
2006-09-01,613.238037109375,870.0,874.0,853.0,860.0,3575000
2006-09-04,630.1550903320312,894.0,898.0,883.0,886.0,2284000
2006-09-05,634.3841552734375,900.0,903.0,893.0,897.0,1613000
2006-09-06,628.7451782226562,892.0,907.0,891.0,904.0,1022000
2006-09-07,623.8109741210938,885.0,893.0,881.0,882.0,1042000
2006-09-08,611.8281860351562,868.0,873.0,856.0,867.0,2680000
2006-09-11,599.1406860351562,850.0,866.0,849.0,860.0,1506000
2006-09-12,596.3209838867188,846.0,852.0,843.0,852.0,1251000
2006-09-13,590.68212890625,838.0,857.0,837.0,856.0,1163000
2006-09-14,598.4356079101562,849.0,856.0,833.0,835.0,1639000
2006-09-15,606.1891479492188,860.0,860.0,852.0,857.0,1054000
2006-09-18,606.1891479492188,860.0,860.0,860.0,860.0,0
2006-09-19,585.0430908203125,830.0,848.0,827.0,844.0,3201000
2006-09-20,603.36962890625,856.0,858.0,830.0,831.0,3444000
2006-09-21,593.5015869140625,842.0,844.0,812.0,842.0,3518000
2006-09-22,592.0919189453125,840.0,847.0,834.0,839.0,1273000
2006-09-25,588.5673828125,835.0,845.0,825.0,833.0,1633000
2006-09-26,579.4039306640625,822.0,835.0,818.0,833.0,1707000
2006-09-27,594.911376953125,844.0,844.0,826.0,826.0,1700000
2006-09-28,586.4528198242188,832.0,842.0,826.0,841.0,3070000
2006-09-29,588.5673828125,835.0,837.0,830.0,833.0,2845000
2006-10-02,589.9773559570312,837.0,839.0,833.0,837.0,2005000
2006-10-03,570.94580078125,810.0,835.0,810.0,832.0,5562000
2006-10-04,568.8312377929688,807.0,822.0,805.0,819.0,5175000
2006-10-05,566.0116577148438,803.0,812.0,790.0,810.0,4744000
2006-10-06,553.3240356445312,785.0,800.0,783.0,800.0,4290000
2006-10-09,553.3240356445312,785.0,785.0,785.0,785.0,0
2006-10-10,539.2265625,765.0,779.0,764.0,775.0,4880000
2006-10-11,523.0145874023438,742.0,772.0,740.0,766.0,3776000
2006-10-12,544.8656616210938,773.0,780.0,731.0,742.0,7495000
2006-10-13,570.2409057617188,809.0,813.0,793.0,803.0,10442000
2006-10-16,599.1406860351562,850.0,853.0,835.0,848.0,6952000
2006-10-17,607.598876953125,862.0,870.0,848.0,854.0,5445000
2006-10-18,599.8453369140625,851.0,868.0,837.0,863.0,5095000
2006-10-19,610.4187622070312,866.0,868.0,861.0,864.0,3420000
2006-10-20,619.5817260742188,879.0,889.0,863.0,867.0,4216000
2006-10-23,617.467041015625,876.0,901.0,871.0,896.0,3998000
2006-10-24,619.5817260742188,879.0,889.0,875.0,886.0,1708000
2006-10-25,616.7623291015625,875.0,888.0,871.0,885.0,1869000
2006-10-26,616.7623291015625,875.0,877.0,866.0,871.0,1185000
2006-10-27,620.9915161132812,881.0,887.0,875.0,882.0,1495000
2006-10-30,605.4843139648438,859.0,867.0,851.0,866.0,2389000
2006-10-31,606.1891479492188,860.0,867.0,857.0,860.0,1995000
2006-11-01,613.94287109375,871.0,882.0,854.0,860.0,1896000
2006-11-02,605.4843139648438,859.0,870.0,849.0,870.0,1910000
2006-11-03,605.4843139648438,859.0,859.0,859.0,859.0,0
2006-11-06,586.4528198242188,832.0,850.0,824.0,849.0,4080000
2006-11-07,579.4039306640625,822.0,828.0,821.0,827.0,1869000
2006-11-08,556.1434326171875,789.0,813.0,779.0,811.0,5234000
2006-11-09,554.733642578125,787.0,792.0,779.0,791.0,2646000
2006-11-10,551.2093505859375,782.0,789.0,778.0,780.0,2549000
2006-11-13,568.1262817382812,806.0,810.0,779.0,780.0,4136000
2006-11-14,572.3555297851562,812.0,820.0,811.0,815.0,2769000
2006-11-15,571.650634765625,811.0,831.0,804.0,826.0,1772000
2006-11-16,570.2409057617188,809.0,825.0,809.0,812.0,1410000
2006-11-17,580.8141479492188,824.0,846.0,814.0,846.0,3307000
2006-11-20,559.6678466796875,794.0,825.0,793.0,825.0,3498000
2006-11-21,556.1434326171875,789.0,810.0,786.0,804.0,2243000
2006-11-22,576.584716796875,818.0,820.0,789.0,790.0,1567000
2006-11-23,576.584716796875,818.0,818.0,818.0,818.0,0
2006-11-24,575.8797607421875,817.0,821.0,801.0,810.0,2144000
2006-11-27,613.94287109375,871.0,875.0,811.0,817.0,5008000
2006-11-28,615.3526000976562,873.0,877.0,845.0,861.0,4154000
2006-11-29,619.5817260742188,879.0,880.0,863.0,873.0,1912000
2006-11-30,631.5648193359375,896.0,900.0,877.0,880.0,2795000
2006-12-01,632.26953125,897.0,911.0,886.0,886.0,4020000
2006-12-04,642.8425903320312,912.0,919.0,890.0,900.0,2493000
2006-12-05,642.1376953125,911.0,928.0,905.0,920.0,2019000
2006-12-06,652.0059814453125,925.0,926.0,912.0,913.0,2097000
2006-12-07,652.7108154296875,926.0,939.0,919.0,930.0,3403000
2006-12-08,637.2036743164062,904.0,923.0,901.0,921.0,2270000
2006-12-11,637.9085693359375,905.0,907.0,888.0,899.0,2154000
2006-12-12,635.7939453125,902.0,915.0,894.0,904.0,1615000
2006-12-13,632.97412109375,898.0,900.0,888.0,895.0,1407000
2006-12-14,636.4987182617188,903.0,903.0,889.0,889.0,928000
2006-12-15,644.9571533203125,915.0,923.0,900.0,900.0,1578000
2006-12-18,649.8914184570312,922.0,940.0,917.0,925.0,2627000
2006-12-19,635.0889282226562,901.0,918.0,898.0,918.0,1491000
2006-12-20,633.6792602539062,899.0,906.0,891.0,895.0,1381000
2006-12-21,632.97412109375,898.0,901.0,892.0,900.0,1258000
2006-12-22,625.9255981445312,888.0,897.0,888.0,895.0,935000
2006-12-25,616.7623291015625,875.0,880.0,869.0,880.0,2232000
2006-12-26,633.6792602539062,899.0,900.0,872.0,875.0,946000
2006-12-27,635.7939453125,902.0,911.0,900.0,902.0,727000
2006-12-28,640.023193359375,908.0,913.0,902.0,911.0,906000
2006-12-29,642.1376953125,911.0,916.0,908.0,910.0,499000
2007-01-04,647.7766723632812,919.0,920.0,911.0,920.0,660000
2007-01-05,647.0720825195312,918.0,932.0,917.0,926.0,2355000
2007-01-09,619.5817260742188,879.0,901.0,877.0,900.0,4665000
2007-01-10,608.3038940429688,863.0,880.0,854.0,879.0,3633000
2007-01-11,597.0258178710938,847.0,862.0,843.0,862.0,2285000
2007-01-12,599.1406860351562,850.0,857.0,844.0,851.0,1972000
2007-01-15,607.598876953125,862.0,872.0,860.0,864.0,1761000
2007-01-16,608.3038940429688,863.0,872.0,863.0,863.0,1418000
2007-01-17,613.94287109375,871.0,874.0,858.0,863.0,2084000
2007-01-18,613.94287109375,871.0,877.0,865.0,873.0,1631000
2007-01-19,609.7135620117188,865.0,875.0,864.0,874.0,1674000
2007-01-22,607.598876953125,862.0,866.0,853.0,864.0,2537000
2007-01-23,609.0087890625,864.0,869.0,860.0,862.0,1485000
2007-01-24,611.1234130859375,867.0,870.0,861.0,870.0,1067000
2007-01-25,615.3526000976562,873.0,878.0,869.0,871.0,3011000
2007-01-26,609.7135620117188,865.0,873.0,862.0,870.0,2495000
2007-01-29,593.5015869140625,842.0,856.0,839.0,855.0,4929000
2007-01-30,585.7479248046875,831.0,842.0,828.0,842.0,3752000
2007-01-31,575.1749267578125,816.0,830.0,810.0,827.0,3502000
2007-02-01,577.2894897460938,819.0,830.0,816.0,821.0,2540000
2007-02-02,577.2894897460938,819.0,826.0,816.0,823.0,1885000
2007-02-05,575.1749267578125,816.0,821.0,813.0,818.0,2776000
2007-02-06,577.2894897460938,819.0,823.0,811.0,816.0,3785000
2007-02-07,566.0116577148438,803.0,825.0,800.0,825.0,4705000
2007-02-08,569.5359497070312,808.0,831.0,802.0,802.0,6202000
2007-02-09,577.2894897460938,819.0,823.0,806.0,818.0,2730000
2007-02-13,574.4700317382812,815.0,820.0,811.0,820.0,1706000
2007-02-14,578.6991577148438,821.0,823.0,816.0,821.0,1864000
2007-02-15,597.7308959960938,848.0,850.0,826.0,829.0,3797000
2007-02-16,592.7966918945312,841.0,850.0,835.0,850.0,1865000
2007-02-19,601.255126953125,853.0,857.0,845.0,846.0,2088000
2007-02-20,599.1406860351562,850.0,857.0,845.0,856.0,2391000
2007-02-21,591.386962890625,839.0,851.0,827.0,851.0,3284000
2007-02-22,580.1089477539062,823.0,844.0,818.0,839.0,7672000
2007-02-23,583.2985229492188,823.0,825.0,813.0,825.0,3031000
2007-02-26,575.5020751953125,812.0,831.0,811.0,831.0,3223000
2007-02-27,584.0072021484375,824.0,834.0,821.0,831.0,4856000
2007-02-28,574.0847778320312,810.0,815.0,792.0,800.0,4575000
2007-03-01,569.8322143554688,804.0,817.0,796.0,816.0,2370000
2007-03-02,571.9583740234375,807.0,817.0,803.0,805.0,1910000
2007-03-05,551.4048461914062,778.0,800.0,776.0,799.0,3319000
2007-03-06,568.4144897460938,802.0,802.0,776.0,776.0,2905000
2007-03-07,559.9097900390625,790.0,810.0,790.0,805.0,3296000
2007-03-08,567.705810546875,801.0,803.0,786.0,786.0,1768000
2007-03-09,565.5797119140625,798.0,801.0,791.0,793.0,3636000
2007-03-12,559.9097900390625,790.0,798.0,783.0,798.0,2273000
2007-03-13,556.3660278320312,785.0,788.0,780.0,785.0,2829000
2007-03-14,542.1910400390625,765.0,783.0,763.0,781.0,3084000
2007-03-15,537.2299194335938,758.0,769.0,753.0,766.0,3102000
2007-03-16,536.5213012695312,757.0,764.0,749.0,752.0,2697000
2007-03-19,535.103515625,755.0,755.0,750.0,752.0,1692000
2007-03-20,547.861083984375,773.0,774.0,761.0,762.0,1927000
2007-03-22,556.3660278320312,785.0,788.0,783.0,788.0,1321000
2007-03-23,559.2008666992188,789.0,793.0,782.0,785.0,1783000
2007-03-26,551.4048461914062,778.0,787.0,773.0,785.0,1841000
2007-03-27,537.9385375976562,759.0,777.0,755.0,777.0,3979000
2007-03-28,520.219970703125,734.0,754.0,731.0,750.0,6973000
2007-03-29,522.3463134765625,737.0,738.0,714.0,731.0,3789000
2007-03-30,528.0162353515625,745.0,747.0,732.0,737.0,2138000
2007-04-02,508.8800048828125,718.0,741.0,717.0,738.0,3196000
2007-04-03,515.9674682617188,728.0,732.0,719.0,723.0,3616000
2007-04-04,500.3749694824219,706.0,735.0,702.0,720.0,12565000
2007-04-05,500.3749694824219,706.0,710.0,692.0,709.0,8932000
2007-04-06,481.9475402832031,680.0,701.0,678.0,700.0,10282000
2007-04-09,483.3651428222656,682.0,687.0,681.0,681.0,4960000
2007-04-10,486.9088745117188,687.0,691.0,673.0,681.0,3762000
2007-04-11,486.9088745117188,687.0,690.0,679.0,688.0,3734000
2007-04-12,481.9475402832031,680.0,684.0,677.0,683.0,3447000
2007-04-13,488.3264465332031,689.0,705.0,686.0,698.0,8495000
2007-04-16,500.3749694824219,706.0,707.0,691.0,692.0,5350000
2007-04-17,499.6663818359375,705.0,711.0,700.0,709.0,6668000
2007-04-18,498.9575805664063,704.0,705.0,692.0,702.0,3769000
2007-04-19,489.7437133789063,691.0,703.0,689.0,698.0,3587000
2007-04-20,474.860107421875,670.0,687.0,669.0,687.0,4690000
2007-04-23,467.7725524902344,660.0,672.0,652.0,670.0,6568000
2007-04-24,469.89892578125,663.0,669.0,643.0,651.0,6205000
2007-04-25,469.89892578125,663.0,672.0,657.0,662.0,4441000
2007-04-26,477.6952209472656,674.0,675.0,665.0,669.0,3885000
2007-04-27,474.1513977050781,669.0,676.0,660.0,675.0,3237000
2007-05-01,467.7725524902344,660.0,674.0,658.0,674.0,1788000
2007-05-02,472.0252380371094,666.0,667.0,654.0,661.0,2078000
2007-05-07,473.4427795410156,668.0,671.0,665.0,669.0,3169000
2007-05-08,489.0353088378906,690.0,692.0,682.0,683.0,4606000
2007-05-09,491.87005615234375,694.0,694.0,686.0,688.0,5240000
2007-05-10,481.2389221191406,679.0,686.0,679.0,686.0,3042000
2007-05-11,486.9088745117188,687.0,690.0,680.0,680.0,2310000
2007-05-14,473.4427795410156,668.0,674.0,666.0,674.0,2986000
2007-05-15,471.3164978027344,665.0,672.0,663.0,672.0,1682000
2007-05-16,470.607666015625,664.0,665.0,657.0,658.0,2318000
2007-05-17,471.3164978027344,665.0,675.0,661.0,675.0,2324000
2007-05-18,469.89892578125,663.0,672.0,660.0,668.0,2650000
2007-05-21,477.6952209472656,674.0,677.0,669.0,670.0,1722000
2007-05-22,494.70513916015625,698.0,700.0,678.0,678.0,3299000
2007-05-23,504.6275939941406,712.0,712.0,701.0,703.0,3581000
2007-05-24,499.6663818359375,705.0,705.0,700.0,700.0,2598000
2007-05-25,507.4625854492188,716.0,716.0,705.0,711.0,4385000
2007-05-28,496.1227111816406,700.0,711.0,698.0,711.0,2937000
2007-05-29,489.7437133789063,691.0,697.0,684.0,697.0,3261000
2007-05-30,489.0353088378906,690.0,696.0,689.0,695.0,2327000
2007-05-31,493.9964904785156,697.0,702.0,694.0,696.0,1455000
2007-06-01,493.28753662109375,696.0,699.0,693.0,699.0,2344000
2007-06-04,490.4525146484375,692.0,694.0,690.0,692.0,2332000
2007-06-05,484.7825622558594,684.0,685.0,681.0,681.0,2339000
2007-06-06,482.6565246582031,681.0,682.0,679.0,680.0,2180000
2007-06-07,486.9088745117188,687.0,687.0,678.0,681.0,1069000
2007-06-08,481.9475402832031,680.0,681.0,676.0,676.0,2738000
2007-06-11,476.98638916015625,673.0,678.0,673.0,678.0,1411000
2007-06-12,474.1513977050781,669.0,671.0,664.0,668.0,3766000
2007-06-13,471.3164978027344,665.0,666.0,662.0,663.0,2085000
2007-06-14,484.0739135742188,683.0,685.0,677.0,682.0,2268000
2007-06-15,496.8312683105469,701.0,701.0,693.0,695.0,2598000
2007-06-18,502.5013427734375,709.0,710.0,703.0,706.0,1948000
2007-06-19,504.6275939941406,712.0,714.0,711.0,713.0,2250000
2007-06-20,501.79248046875,708.0,710.0,706.0,708.0,1006000
2007-06-21,504.6275939941406,712.0,712.0,708.0,710.0,1064000
2007-06-22,506.044921875,714.0,715.0,712.0,712.0,1292000
2007-06-25,502.5013427734375,709.0,715.0,709.0,711.0,879000
2007-06-26,498.2488708496094,703.0,706.0,701.0,702.0,1223000
2007-06-27,521.6375732421875,736.0,747.0,733.0,741.0,6563000
2007-06-28,542.1910400390625,765.0,772.0,762.0,768.0,8466000
2007-06-29,540.7737426757812,763.0,770.0,753.0,770.0,2971000
2007-07-02,529.4336547851562,747.0,762.0,745.0,762.0,3361000
2007-07-03,531.5599975585938,750.0,753.0,745.0,748.0,1214000
2007-07-04,545.0262451171875,769.0,771.0,754.0,756.0,2475000
2007-07-05,559.2008666992188,789.0,793.0,766.0,767.0,4382000
2007-07-06,553.5310668945312,781.0,790.0,778.0,789.0,2308000
2007-07-09,558.4922485351562,788.0,798.0,787.0,791.0,3013000
2007-07-10,545.0262451171875,769.0,785.0,760.0,785.0,3145000
2007-07-11,540.0648803710938,762.0,764.0,756.0,759.0,3019000
2007-07-12,528.0162353515625,745.0,768.0,740.0,764.0,3789000
2007-07-13,520.9287109375,735.0,754.0,728.0,751.0,3825000
2007-07-17,529.4336547851562,747.0,750.0,744.0,744.0,3036000
2007-07-18,520.9287109375,735.0,750.0,730.0,748.0,2199000
2007-07-19,540.7737426757812,763.0,764.0,758.0,763.0,4315000
2007-07-20,522.3463134765625,737.0,750.0,734.0,747.0,4234000
2007-07-23,515.9674682617188,728.0,736.0,725.0,736.0,2491000
2007-07-24,533.6860961914062,753.0,754.0,735.0,736.0,2745000
2007-07-25,516.6761474609375,729.0,740.0,723.0,737.0,3108000
2007-07-26,502.5013427734375,709.0,723.0,709.0,722.0,3009000
2007-07-27,498.2488708496094,703.0,720.0,700.0,718.0,4295000
2007-07-30,502.5013427734375,709.0,711.0,690.0,700.0,1924000
2007-07-31,506.044921875,714.0,719.0,705.0,705.0,1259000
2007-08-01,486.9088745117188,687.0,711.0,682.0,711.0,4230000
2007-08-02,491.1614074707031,693.0,698.0,683.0,694.0,2413000
2007-08-03,485.4913635253906,685.0,698.0,682.0,691.0,2409000
2007-08-06,487.6175842285156,688.0,693.0,681.0,681.0,2591000
2007-08-07,481.9475402832031,680.0,685.0,679.0,684.0,1944000
2007-08-08,497.5401611328125,702.0,705.0,682.0,684.0,2790000
2007-08-09,509.5888671875,719.0,720.0,712.0,718.0,4731000
2007-08-10,533.6860961914062,753.0,772.0,728.0,729.0,6777000
2007-08-13,516.6761474609375,729.0,730.0,721.0,727.0,2959000
2007-08-14,508.8800048828125,718.0,720.0,702.0,715.0,2756000
2007-08-15,511.7150268554688,722.0,728.0,717.0,718.0,2035000
2007-08-16,513.1324462890625,724.0,727.0,702.0,722.0,3025000
2007-08-17,506.7538757324219,715.0,738.0,704.0,704.0,3669000
2007-08-20,517.385009765625,730.0,736.0,712.0,716.0,2379000
2007-08-21,527.3074951171875,744.0,752.0,723.0,731.0,1831000
2007-08-22,536.5213012695312,757.0,763.0,756.0,760.0,2193000
2007-08-23,545.7350463867188,770.0,785.0,768.0,785.0,3776000
2007-08-24,541.482421875,764.0,766.0,746.0,762.0,2368000
2007-08-27,547.1524658203125,772.0,774.0,766.0,774.0,1265000
2007-08-28,549.0777587890625,770.0,771.0,749.0,757.0,1583000
2007-08-29,541.2337036132812,759.0,759.0,755.0,758.0,1820000
2007-08-30,537.66845703125,754.0,763.0,749.0,763.0,1523000
2007-08-31,534.1029052734375,749.0,752.0,741.0,742.0,1824000
2007-09-03,543.3729858398438,762.0,768.0,751.0,754.0,1884000
2007-09-04,529.8243408203125,743.0,762.0,732.0,762.0,4038000
2007-09-05,531.2505493164062,745.0,754.0,737.0,753.0,2174000
2007-09-06,528.398193359375,741.0,743.0,721.0,725.0,1305000
2007-09-07,531.2505493164062,745.0,749.0,728.0,731.0,1364000
2007-09-10,515.5624389648438,723.0,745.0,706.0,744.0,4154000
2007-09-11,511.2839660644531,717.0,723.0,705.0,723.0,2736000
2007-09-12,499.8746948242188,701.0,716.0,691.0,715.0,4141000
2007-09-13,494.169921875,693.0,696.0,689.0,694.0,2089000
2007-09-14,494.8829345703125,694.0,694.0,687.0,693.0,2606000
2007-09-18,493.456787109375,692.0,702.0,684.0,695.0,2126000
2007-09-19,497.0223083496094,697.0,698.0,694.0,695.0,1553000
2007-09-20,474.2035217285156,665.0,667.0,659.0,667.0,4079000
2007-09-21,459.228515625,644.0,659.0,637.0,655.0,5290000
2007-09-25,454.2369689941406,637.0,643.0,605.0,630.0,4633000
2007-09-26,466.3594055175781,654.0,659.0,640.0,644.0,2227000
2007-09-27,477.7688598632813,670.0,678.0,660.0,664.0,4130000
2007-09-28,471.35107421875,661.0,683.0,655.0,683.0,2916000
2007-10-01,474.9166259765625,666.0,674.0,662.0,664.0,2403000
2007-10-02,493.456787109375,692.0,695.0,677.0,680.0,3636000
2007-10-03,492.0306396484375,690.0,698.0,676.0,695.0,2782000
2007-10-04,487.752197265625,684.0,697.0,677.0,681.0,2262000
2007-10-05,496.3092041015625,696.0,702.0,694.0,699.0,2149000
2007-10-09,497.0223083496094,697.0,704.0,689.0,691.0,1508000
2007-10-10,498.4483947753906,699.0,706.0,695.0,703.0,2047000
2007-10-11,506.292236328125,710.0,715.0,694.0,707.0,2029000
2007-10-12,519.8411865234375,729.0,729.0,710.0,710.0,2029000
2007-10-15,509.1448364257813,714.0,726.0,705.0,725.0,1585000
2007-10-16,488.4651794433594,685.0,692.2000122070312,685.0,692.2000122070312,1585000
2007-10-17,507.718505859375,712.0,712.0,686.6783447265625,686.6783447265625,1585000
2007-10-18,505.5791931152344,709.0,722.0,706.0,710.0,2703000
2007-10-19,498.4483947753906,699.0,699.0,698.5,698.5,2703000
2007-10-22,501.3008117675781,703.0,707.0,674.0,677.0,2152000
2007-10-23,524.8327026367188,736.0,736.0,732.5999755859375,732.5999755859375,2152000
2007-10-24,526.2588500976562,738.0,752.0,730.0,738.0,2999000
2007-10-25,503.4401550292969,706.0,711.0,706.0,711.0,2999000
2007-10-26,509.1448364257813,714.0,714.0,711.7999877929688,711.7999877929688,2999000
2007-10-29,506.292236328125,710.0,724.0,705.0,709.0,2630000
2007-10-30,508.4316101074219,713.0,723.7999877929688,713.0,723.7999877929688,2630000
2007-10-31,516.275634765625,724.0,727.0,716.0,719.0,2241000
2007-11-01,519.8411865234375,729.0,729.0,724.0,724.0,2241000
2007-11-02,504.15325927734375,707.0,707.0,707.0,707.0,2241000
2007-11-05,504.15325927734375,707.0,713.0,704.0,708.0,1804000
2007-11-06,514.1363525390625,721.0,722.0,721.0,722.0,1804000
2007-11-07,507.718505859375,712.0,715.9000244140625,712.0,715.9000244140625,1804000
2007-11-08,485.6128234863281,681.0,712.0,681.0,712.0,1804000
2007-11-09,480.621337890625,674.0,682.7999877929688,674.0,682.7999877929688,1804000
2007-11-12,467.0726318359375,655.0,670.5,655.0,670.5,1804000
2007-11-13,472.77728271484375,663.0,665.2999877929688,663.0,665.2999877929688,1804000
2007-11-14,489.8913269042969,687.0,687.0,665.1547241210938,665.1547241210938,1804000
2007-11-15,476.3424682617188,668.0,680.0,668.0,674.0,2202000
2007-11-16,481.3343811035156,675.0,675.0,670.1710205078125,670.1710205078125,2202000
2007-11-19,473.4903564453125,664.0,665.5,664.0,665.5,2202000
2007-11-20,467.7855224609375,656.0,663.0,656.0,663.0,2202000
2007-11-21,458.5155334472656,643.0,658.0999755859375,643.0,658.0999755859375,2202000
2007-11-22,464.9333801269531,652.0,652.0,644.9000244140625,644.9000244140625,2202000
2007-11-26,489.8913269042969,687.0,692.0,655.0,657.0,3827000
2007-11-27,497.7351684570313,698.0,698.0,687.0,687.0,2202000
2007-11-28,487.03900146484375,683.0,695.9000244140625,683.0,695.9000244140625,2202000
2007-11-29,497.0223083496094,697.0,697.0,689.0,689.0,2202000
2007-11-30,489.1782836914063,686.0,699.0,686.0,699.0,2202000
2007-12-03,485.6128234863281,681.0,685.9000244140625,681.0,685.9000244140625,2202000
2007-12-04,484.186767578125,679.0,685.2000122070312,679.0,685.2000122070312,2202000
2007-12-05,504.15325927734375,707.0,707.0,679.0,679.0,2202000
2007-12-06,530.5374145507812,744.0,744.0,704.631591796875,704.631591796875,2202000
2007-12-07,521.2672729492188,731.0,744.0,731.0,741.0,2202000
2007-12-10,514.8494262695312,722.0,727.0806884765625,722.0,727.0806884765625,2202000
2007-12-11,521.2672729492188,731.0,733.0,729.3912353515625,730.0,2202000
2007-12-12,515.5624389648438,723.0,725.0,721.0,724.0,2202000
2007-12-13,502.7270812988281,705.0,724.3013916015625,705.0,724.3013916015625,2202000
2007-12-14,505.5791931152344,709.0,709.0,705.7999877929688,705.7999877929688,2202000
2007-12-17,472.77728271484375,663.0,677.0,663.0,677.0,2202000
2007-12-18,481.3343811035156,675.0,689.0,671.0,673.0,4352000
2007-12-19,473.4903564453125,664.0,667.5,664.0,667.5,2202000
2007-12-20,469.92486572265625,659.0,660.9000244140625,659.0,660.9000244140625,2202000
2007-12-21,477.7688598632813,670.0,670.0,659.0999755859375,659.0999755859375,2202000
2007-12-25,484.186767578125,679.0,679.0,674.1900024414062,674.1900024414062,2202000
2007-12-26,491.3176879882813,689.0,689.0,679.0,679.0,2202000
2007-12-27,492.7437133789063,691.0,691.0,687.7999877929688,687.7999877929688,2202000
2007-12-28,481.3343811035156,675.0,683.0,673.0,677.0,435000
2008-01-04,472.064208984375,662.0,685.0,654.0,685.0,1294000
2008-01-07,454.9499206542969,638.0,643.0,635.0,635.0,2202000
2008-01-08,449.9584655761719,631.0,638.0,631.0,638.0,2202000
2008-01-09,471.35107421875,661.0,661.0,654.0,654.0,2202000
2008-01-10,449.9584655761719,631.0,658.6534423828125,631.0,658.6534423828125,2202000
2008-01-11,428.56585693359375,601.0,628.9000244140625,601.0,628.9000244140625,2202000
2008-01-15,408.5992431640625,573.0,575.1961669921875,573.0,575.1961669921875,2202000
2008-01-16,412.8778991699219,579.0,589.0,555.0,562.0,6334000
2008-01-17,407.8862609863281,572.0,572.0,560.0,560.0,6334000
2008-01-18,435.69677734375,611.0,611.0,581.0,581.0,6334000
2008-01-21,427.8526306152344,600.0,609.0,598.0,605.0,3722000
2008-01-22,400.7552490234375,562.0,580.0,562.0,579.0,3722000
2008-01-23,409.3124694824219,574.0,580.0,571.482421875,573.0,3722000
2008-01-24,431.4181518554688,605.0,605.0,580.0,580.0,3722000
2008-01-25,446.39300537109375,626.0,626.0,616.0,616.0,3722000
2008-01-28,439.9751892089844,617.0,619.5999755859375,617.0,619.5999755859375,3722000
2008-01-29,459.9416198730469,645.0,645.0,613.328857421875,613.328857421875,3722000
2008-01-30,455.6630859375,639.0,640.2800903320312,634.0,638.0,3722000
2008-01-31,464.9333801269531,652.0,661.0,650.0,657.0,2602000
2008-02-01,470.637939453125,660.0,660.0,654.0,659.0,2602000
2008-02-04,478.4819946289063,671.0,672.0,661.0,662.0,2374000
2008-02-05,483.47357177734375,678.0,678.0,668.7999877929688,668.7999877929688,2374000
2008-02-06,469.92486572265625,659.0,673.0,657.0,664.0,3603000
2008-02-07,477.0557861328125,669.0,673.0,664.0,672.0,3288000
2008-02-08,473.4903564453125,664.0,668.5999755859375,664.0,668.5999755859375,3288000
2008-02-12,477.7688598632813,670.0,670.0,664.4000244140625,664.4000244140625,3288000
2008-02-13,454.9499206542969,638.0,661.0,632.0,660.0,4934000
2008-02-14,464.9333801269531,652.0,652.0,647.0,647.0,3409000
2008-02-15,458.5155334472656,643.0,645.0,641.5557250976562,644.0,3409000
2008-02-18,461.3678894042969,647.0,647.0,640.2000122070312,640.2000122070312,3409000
2008-02-19,454.2369689941406,637.0,637.0,633.0,633.0,3409000
2008-02-20,420.7218322753906,590.0,608.0,590.0,608.0,3409000
2008-02-21,405.7471008300781,569.0,592.2000122070312,569.0,592.2000122070312,3409000
2008-02-22,399.3292236328125,560.0,560.0,551.0,554.0,3409000
2008-02-25,399.3292236328125,560.0,563.0,555.0,556.0,5718000
2008-02-26,408.682861328125,568.0,568.0,558.0,564.4000244140625,5718000
2008-02-27,410.1218566894531,570.0,575.0,570.0,574.0,5718000
2008-02-28,407.243896484375,566.0,566.0,562.0,562.0,5718000
2008-02-29,400.7682495117188,557.0,559.0,556.0,559.0,5718000
2008-03-03,382.7804260253906,532.0,537.0,526.0,530.0,4481000
2008-03-04,371.2682495117188,516.0,534.1014404296875,516.0,534.1014404296875,4481000
2008-03-05,382.7804260253906,532.0,532.0,518.0382080078125,518.0382080078125,4481000
2008-03-06,386.3780212402344,537.0,540.2999877929688,526.0,529.0,4481000
2008-03-07,374.1463317871094,520.0,537.0999755859375,520.0,537.0999755859375,4481000
2008-03-10,361.1949462890625,502.0,502.0,500.6000061035156,500.6000061035156,4481000
2008-03-11,364.7926940917969,507.0,508.0,494.0,504.0,3149000
2008-03-12,354.719482421875,493.0,512.9000244140625,493.0,512.9000244140625,3149000
2008-03-13,343.9267578125,478.0,495.0,478.0,495.0,3149000
2008-03-14,340.32916259765625,473.0,492.0,473.0,492.0,3149000
2008-03-17,330.9755554199219,460.0,460.0,447.0,447.0,3149000
2008-03-18,348.9633483886719,485.0,486.0,480.0,486.0,3149000
2008-03-19,375.5853576660156,522.0,522.4000244140625,517.0,519.0,3149000
2008-03-21,391.4146118164063,544.0,544.0,533.0,534.0,4496000
2008-03-24,407.243896484375,566.0,573.0,566.0,572.0,4496000
2008-03-25,401.48773193359375,558.0,568.0,555.0,559.0,3390000
2008-03-26,415.158447265625,577.0,577.0,569.0,572.0,2301000
2008-03-27,421.6340942382813,586.0,586.0,574.7999877929688,574.7999877929688,2301000
2008-03-28,418.0364074707031,581.0,586.0,578.0,586.0,2301000
2008-03-31,415.8780822753906,578.0,578.0,572.0,572.0,2301000
2008-04-01,420.9145812988281,585.0,585.0,579.4000244140625,579.4000244140625,2301000
2008-04-02,441.0609436035156,613.0,613.0,585.0,585.0,2301000
2008-04-03,440.3413696289063,612.0,614.2999877929688,612.0,614.2999877929688,2301000
2008-04-04,449.6950378417969,625.0,644.0,625.0,644.0,2301000
2008-04-07,473.43896484375,658.0,658.0,655.2999877929688,655.2999877929688,2301000
2008-04-08,428.8291931152344,596.0,657.2000122070312,596.0,657.2000122070312,2301000
2008-04-09,438.90234375,610.0,610.0,597.5,597.5,2301000
2008-04-10,431.7071533203125,600.0,605.0,600.0,605.0,2301000
2008-04-11,466.2438049316406,648.0,648.0,629.0,629.0,2301000
2008-04-14,468.40234375,651.0,651.0,646.2000122070312,646.2000122070312,2301000
2008-04-15,459.7681884765625,639.0,651.9000244140625,639.0,651.9000244140625,2301000
2008-04-16,486.3902587890625,676.0,676.0,639.2999877929688,639.2999877929688,2301000
2008-04-17,486.3902587890625,676.0,679.0,676.0,679.0,2301000
2008-04-18,491.4267272949219,683.0,683.0,678.0,678.0,2301000
2008-04-21,485.6707458496094,675.0,691.5,675.0,691.5,2301000
2008-04-22,502.9389343261719,699.0,699.0,675.4000244140625,675.4000244140625,2301000
2008-04-23,499.3413391113281,694.0,707.0,694.0,707.0,2301000
2008-04-24,495.0244445800781,688.0,694.7000122070312,688.0,694.7000122070312,2301000
2008-04-25,491.4267272949219,683.0,683.0,678.0,678.0,2301000
2008-04-28,485.6707458496094,675.0,677.7000122070312,675.0,677.7000122070312,2301000
2008-04-30,495.7439575195313,689.0,689.0,676.0,676.0,2301000
2008-05-01,474.8778991699219,660.0,660.0999755859375,660.0,660.0999755859375,2301000
2008-05-02,473.43896484375,658.0,662.24853515625,658.0,662.24853515625,2301000
2008-05-07,471.9998168945313,656.0,656.0,646.3099975585938,646.3099975585938,2301000
2008-05-08,474.8778991699219,660.0,660.2000122070312,660.0,660.2000122070312,2301000
2008-05-09,466.9634399414063,649.0,658.7000122070312,649.0,658.7000122070312,2301000
2008-05-12,464.8047790527344,646.0,646.0,641.0,641.0,2301000
2008-05-13,477.0365295410156,663.0,663.0,658.5,658.5,2301000
2008-05-14,472.7193908691406,657.0,664.7000122070312,657.0,664.7000122070312,2301000
2008-05-15,479.1951599121094,666.0,666.0,655.5,655.5,2301000
2008-05-16,474.8778991699219,660.0,667.9000244140625,660.0,667.9000244140625,2301000
2008-05-19,475.5975036621094,661.0,661.0,658.9000244140625,658.9000244140625,2301000
2008-05-20,459.0486450195313,638.0,646.5999755859375,638.0,646.5999755859375,2301000
2008-05-21,446.8170471191406,621.0,621.0,621.0,621.0,2301000
2008-05-22,456.1706848144531,634.0,634.0,622.2000122070312,622.2000122070312,2301000
2008-05-23,464.0852355957031,645.0,646.2999877929688,645.0,646.2999877929688,2301000
2008-05-26,448.9754333496094,624.0,639.2999877929688,624.0,639.2999877929688,2301000
2008-05-27,451.1341552734375,627.0,627.0,624.5,624.5,2301000
2008-05-28,446.8170471191406,621.0,621.0,615.2999877929688,615.2999877929688,2301000
2008-05-29,453.2925415039063,630.0,630.0,624.7999877929688,624.7999877929688,2301000
2008-05-30,448.2560424804688,623.0,625.0999755859375,623.0,625.0999755859375,2301000
2008-06-02,456.1706848144531,634.0,635.0,634.0,635.0,2301000
2008-06-03,449.6950378417969,625.0,632.2000122070312,625.0,632.2000122070312,2301000
2008-06-04,451.8534851074219,628.0,628.0,625.6226806640625,625.6226806640625,2301000
2008-06-05,463.36572265625,644.0,648.0,631.0,635.0,2674000
2008-06-06,475.5975036621094,661.0,661.0,657.4000244140625,657.4000244140625,2674000
2008-06-09,465.5243835449219,647.0,657.0,647.0,657.0,2674000
2008-06-10,456.8902587890625,635.0,647.0,635.0,647.0,2674000
2008-06-11,456.1706848144531,634.0,635.0,634.0,635.0,2674000
2008-06-12,451.1341552734375,627.0,627.0,622.0,622.0,2674000
2008-06-13,448.9754333496094,624.0,624.0,618.4000244140625,618.4000244140625,2674000
2008-06-16,451.8534851074219,628.0,628.0,623.0999755859375,623.0999755859375,2674000
2008-06-17,442.4999694824219,615.0,627.7000122070312,615.0,627.7000122070312,2674000
2008-06-18,438.1828918457031,609.0,609.0,608.9000244140625,608.9000244140625,2674000
2008-06-19,430.2683410644531,598.0,598.0,597.0,597.0,2674000
2008-06-20,423.7926025390625,589.0,589.2999877929688,589.0,589.2999877929688,2674000
2008-06-23,420.195068359375,584.0,584.0,581.7999877929688,581.7999877929688,2674000
2008-06-24,420.195068359375,584.0,585.9000244140625,584.0,585.9000244140625,2674000
2008-06-25,407.9633483886719,567.0,581.9000244140625,567.0,581.9000244140625,2674000
2008-06-26,415.8780822753906,578.0,582.5999755859375,578.0,582.5999755859375,2674000
2008-06-27,404.36566162109375,562.0,578.5,562.0,578.5,2674000
2008-06-30,408.682861328125,568.0,568.0,560.2000122070312,560.2000122070312,2674000
2008-07-01,409.4024963378906,569.0,569.0,568.0999755859375,568.0999755859375,2674000
2008-07-02,400.0487365722656,556.0,569.0999755859375,556.0,569.0999755859375,2674000
2008-07-03,399.3291320800781,555.0,556.0999755859375,555.0,556.0999755859375,2674000
2008-07-04,392.8535461425781,546.0,555.5999755859375,546.0,555.5999755859375,2674000
2008-07-07,399.3291320800781,555.0,555.0,543.2999877929688,543.2999877929688,2674000
2008-07-08,388.5364990234375,540.0,544.7999877929688,540.0,544.7999877929688,2674000
2008-07-09,381.3414306640625,530.0,538.0,530.0,538.0,2674000
2008-07-10,400.7682495117188,557.0,557.0,530.0,530.0,2674000
2008-07-11,395.7316284179688,550.0,551.7000122070312,550.0,551.7000122070312,2674000
2008-07-14,395.7316284179688,550.0,558.0,550.0,558.0,2674000
2008-07-15,392.1340026855469,545.0,547.0,545.0,547.0,2674000
2008-07-16,412.2803649902344,573.0,573.0,543.7999877929688,543.7999877929688,2674000
2008-07-17,410.8413696289063,571.0,571.0,570.0,570.0,2674000
2008-07-18,403.6461791992188,561.0,571.0,561.0,571.0,2674000
2008-07-22,406.5243225097656,565.0,575.0,556.0,575.0,2901000
2008-07-23,420.195068359375,584.0,584.0,576.0,576.0,2901000
2008-07-24,445.37799072265625,619.0,619.0,611.0,611.0,2901000
2008-07-25,437.4634094238281,608.0,621.0,608.0,621.0,2901000
2008-07-28,459.7681884765625,639.0,639.0,632.0,632.0,2901000
2008-07-29,456.8902587890625,635.0,643.2000122070312,635.0,643.2000122070312,2901000
2008-07-30,458.32916259765625,637.0,637.0,634.1663818359375,634.1663818359375,2901000
2008-07-31,455.45123291015625,633.0,633.0,624.9000244140625,624.9000244140625,2901000
2008-08-01,437.4634094238281,608.0,633.5999755859375,608.0,633.5999755859375,2901000
2008-08-04,442.4999694824219,615.0,615.0,606.7000122070312,606.7000122070312,2901000
2008-08-05,425.2315368652344,591.0,615.0,591.0,615.0,2901000
2008-08-06,441.0609436035156,613.0,613.0,590.7000122070312,590.7000122070312,2901000
2008-08-07,429.5487060546875,597.0,597.0,596.4000244140625,596.4000244140625,2901000
2008-08-08,433.1462097167969,602.0,602.0,595.0,595.0,2901000
2008-08-11,441.0609436035156,613.0,613.0,605.0,605.0,2901000
2008-08-12,429.5487060546875,597.0,601.9616088867188,597.0,601.9616088867188,2901000
2008-08-13,422.3536376953125,587.0,596.5999755859375,587.0,596.5999755859375,2901000
2008-08-14,412.2803649902344,573.0,585.9000244140625,573.0,585.9000244140625,2901000
2008-08-15,418.7560119628906,582.0,582.0,575.4000244140625,575.4000244140625,2901000
2008-08-18,420.195068359375,584.0,584.0,580.7999877929688,580.7999877929688,2901000
2008-08-19,410.1218566894531,570.0,571.5,570.0,571.5,2901000
2008-08-20,423.7926025390625,589.0,589.0,569.7999877929688,569.7999877929688,2901000
2008-08-21,415.8780822753906,578.0,584.1077270507812,578.0,584.1077270507812,2901000
2008-08-22,411.5608825683594,572.0,578.2999877929688,572.0,578.2999877929688,2901000
2008-08-25,418.7560119628906,582.0,582.0,572.4000244140625,572.4000244140625,2901000
2008-08-26,416.940185546875,574.0,574.0,567.2999877929688,567.2999877929688,2901000
2008-08-27,411.8554992675781,567.0,573.2000122070312,567.0,573.2000122070312,2901000
2008-08-28,408.2234497070313,562.0,565.5999755859375,562.0,565.5999755859375,2901000
2008-08-29,427.8358154296875,589.0,589.0,562.2999877929688,562.2999877929688,2901000
2008-09-01,410.4027404785156,565.0,589.0,565.0,589.0,2901000
2008-09-02,403.86529541015625,556.0,567.8343505859375,556.0,567.8343505859375,2901000
2008-09-03,412.5818786621094,568.0,568.0,561.1851806640625,561.1851806640625,2901000
2008-09-04,402.4126586914063,554.0,567.7999877929688,554.0,567.7999877929688,2901000
2008-09-05,408.9500122070313,563.0,563.0,558.0,558.0,2901000
2008-09-08,409.67626953125,564.0,564.0,564.0,564.0,2901000
2008-09-09,401.6861877441406,553.0,564.0999755859375,553.0,564.0999755859375,2901000
2008-09-10,412.5818786621094,568.0,568.0,559.0,561.0,2901000
2008-09-11,419.8456115722656,578.0,578.0,568.0,568.0,2901000
2008-09-12,413.3082885742188,569.0,578.2000122070312,569.0,578.2000122070312,2901000
2008-09-16,405.3180541992188,558.0,569.2000122070312,558.0,569.2000122070312,2901000
2008-09-17,393.6960754394531,542.0,557.0,542.0,557.0,2901000
2008-09-18,396.6015319824219,546.0,546.0,542.0,542.0,2901000
2008-09-19,402.4126586914063,554.0,554.0,540.9000244140625,540.9000244140625,2901000
2008-09-22,384.253173828125,529.0,553.2999877929688,529.0,553.2999877929688,2901000
2008-09-24,380.621337890625,524.0,524.0,523.2999877929688,523.2999877929688,2901000
2008-09-25,387.8850708007813,534.0,534.0,522.7999877929688,522.7999877929688,2901000
2008-09-26,392.96966552734375,541.0,545.0,529.0,531.0,2039000
2008-09-29,384.253173828125,529.0,541.2999877929688,529.0,541.2999877929688,2039000
2008-09-30,373.3575439453125,514.0,529.4000244140625,514.0,529.4000244140625,2039000
2008-10-01,375.53662109375,517.0,517.0,514.0,514.0,2039000
2008-10-02,376.9894104003906,519.0,519.0,517.5,517.5,2039000
2008-10-03,384.253173828125,529.0,529.0,517.5,517.5,2039000
2008-10-06,392.2432861328125,540.0,540.0,526.4000244140625,526.4000244140625,2039000
2008-10-07,407.49713134765625,561.0,561.0,557.7999877929688,557.7999877929688,2039000
2008-10-08,392.96966552734375,541.0,561.2000122070312,541.0,561.2000122070312,2039000
2008-10-09,369.7255859375,509.0,522.302490234375,509.0,522.302490234375,2039000
2008-10-10,336.31231689453125,463.0,509.1000061035156,463.0,509.1000061035156,2039000
2008-10-14,372.6310729980469,513.0,513.0,512.7000122070312,512.7000122070312,2039000
2008-10-15,393.6960754394531,542.0,542.0,521.0,521.0,2039000
2008-10-16,384.9795837402344,530.0,542.0,530.0,542.0,2039000
2008-10-17,398.05419921875,548.0,548.0,542.0,542.0,2039000
2008-10-20,408.2234497070313,562.0,562.0,551.0999755859375,551.0999755859375,2039000
2008-10-21,392.96966552734375,541.0,548.9315795898438,541.0,548.9315795898438,2039000
2008-10-22,369.7255859375,509.0,523.017822265625,509.0,523.017822265625,2039000
2008-10-23,358.1036376953125,493.0,493.0,487.0,487.0,2039000
2008-10-24,323.96392822265625,446.0,491.0,446.0,491.0,2039000
2008-10-27,310.8890686035156,428.0,446.0,428.0,446.0,2039000
2008-10-28,323.2375793457031,445.0,445.0,409.1000061035156,409.1000061035156,2039000
2008-10-29,331.9540100097656,457.0,457.0,443.5,443.5,2039000
2008-10-30,340.6706237792969,469.0,469.0,460.7000122070313,460.7000122070313,2039000
2008-10-31,336.31231689453125,463.0,469.8999938964844,463.0,469.8999938964844,2039000
2008-11-04,347.9342956542969,479.0,479.0,463.5,463.5,2534000
2008-11-05,344.30255126953125,474.0,478.7999877929688,474.0,478.7999877929688,2534000
2008-11-06,358.1036376953125,493.0,493.0,474.8999938964844,474.8999938964844,2534000
2008-11-07,354.47174072265625,488.0,493.0,488.0,493.0,2534000
2008-11-10,363.188232421875,500.0,502.7000122070313,500.0,502.7000122070313,2534000
2008-11-11,374.810302734375,516.0,516.0,514.0,514.0,2534000
2008-11-12,377.71575927734375,520.0,520.0,517.0,517.0,2534000
2008-11-13,381.3476257324219,525.0,525.0,516.2999877929688,516.2999877929688,2534000
2008-11-14,373.3575439453125,514.0,525.4000244140625,514.0,525.4000244140625,2534000
2008-11-17,370.4520263671875,510.0,514.7999877929688,510.0,514.7999877929688,2534000
2008-11-18,371.1784057617188,511.0,511.0,510.6000061035156,510.6000061035156,2534000
2008-11-19,374.08392333984375,515.0,515.0,507.2000122070313,507.2000122070313,2534000
2008-11-20,359.5564270019531,495.0,515.0,495.0,515.0,2534000
2008-11-21,339.9441833496094,468.0,495.3999938964844,468.0,495.3999938964844,2534000
2008-11-25,347.9342956542969,479.0,479.0,468.7999877929688,468.7999877929688,226000
2008-11-26,315.97369384765625,435.0,482.7000122070313,435.0,482.7000122070313,226000
2008-11-27,305.0780944824219,420.0,420.0,409.6543884277344,409.6543884277344,226000
2008-11-28,289.0979309082031,398.0,420.2999877929688,398.0,420.2999877929688,226000
2008-12-01,280.3813781738281,386.0,399.3999938964844,386.0,399.3999938964844,226000
2008-12-02,280.3813781738281,386.0,386.1000061035156,386.0,386.1000061035156,226000
2008-12-03,307.2572326660156,423.0,423.0,389.3999938964844,389.3999938964844,226000
2008-12-04,307.983642578125,424.0,424.0,423.5,423.5,226000
2008-12-05,305.0780944824219,420.0,424.2999877929688,420.0,424.2999877929688,226000
2008-12-08,305.8045654296875,421.0,421.0,420.7000122070313,420.7000122070313,226000
2008-12-09,302.89898681640625,417.0,422.6329956054688,417.0,422.6329956054688,226000
2008-12-10,315.2474060058594,434.0,434.0,417.2999877929688,417.2999877929688,226000
2008-12-11,311.6155090332031,429.0,432.1000061035156,429.0,432.1000061035156,226000
2008-12-12,296.36163330078125,408.0,429.3999938964844,408.0,429.3999938964844,226000
2008-12-15,305.0780944824219,420.0,420.0,401.2999877929688,401.2999877929688,226000
2008-12-16,320.33209228515625,441.0,441.0,419.7000122070313,419.7000122070313,5485000
2008-12-17,322.5111083984375,444.0,444.0,441.3999938964844,441.3999938964844,2703000
2008-12-18,330.5013427734375,455.0,455.0,448.7999877929688,448.7999877929688,3386000
2008-12-19,326.869384765625,450.0,455.3999938964844,450.0,455.3999938964844,1923000
2008-12-22,326.1430358886719,449.0,451.0,449.0,451.0,1036000
2008-12-24,315.97369384765625,435.0,449.3999938964844,435.0,449.3999938964844,965000
2008-12-25,307.983642578125,424.0,424.25439453125,424.0,424.25439453125,1326000
2008-12-26,310.8890686035156,428.0,428.0,424.0,424.0,706000
2008-12-29,313.794677734375,432.0,432.0,427.7999877929688,427.7999877929688,618000
2008-12-30,307.983642578125,424.0,430.0,422.0,427.0,495000
2009-01-05,298.5407409667969,411.0,428.0,405.0,424.0,1509000
2009-01-06,290.5506286621094,400.0,406.0,400.0,406.0,2668000
2009-01-07,275.2967529296875,379.0,400.0,379.0,400.0,8339000
2009-01-08,275.2967529296875,379.0,379.0,379.0,379.0,3886000
2009-01-09,290.5506286621094,400.0,400.0,379.3999938964844,379.3999938964844,6331000
2009-01-13,297.0880432128906,409.0,409.0,401.7000122070313,401.7000122070313,9142000
2009-01-14,289.8242492675781,399.0,409.0,399.0,409.0,3118000
2009-01-15,292.00341796875,402.0,402.0,399.0,399.0,7415000
2009-01-16,294.1824035644531,405.0,405.0,402.0,402.0,3067000
2009-01-19,283.2868347167969,390.0,390.0,390.0,390.0,2472000
2009-01-20,276.7494506835937,381.0,383.2000122070313,381.0,383.2000122070313,2635000
2009-01-21,268.7592468261719,370.0,378.0,370.0,378.0,5530000
2009-01-22,278.9285888671875,384.0,384.0,370.2000122070313,370.2000122070313,2440000
2009-01-23,273.843994140625,377.0,384.0,377.0,384.0,1089000
2009-01-26,276.0230712890625,380.0,380.0,377.2000122070313,377.2000122070313,1166000
2009-01-27,279.6549987792969,385.0,385.0,376.2999877929688,376.2999877929688,2328000
2009-01-28,270.9385070800781,373.0,385.0,373.0,385.0,1988000
2009-01-29,270.2120056152344,372.0,373.2000122070313,372.0,373.2000122070313,2067000
2009-01-30,272.3912353515625,375.0,375.0,372.2000122070313,372.2000122070313,1531000
2009-02-02,270.2120056152344,372.0,375.0,372.0,375.0,1462000
2009-02-03,265.85382080078125,366.0,372.0,366.0,372.0,1477000
2009-02-04,266.58013916015625,367.0,367.0,366.0,366.0,1963000
2009-02-05,263.6746826171875,363.0,367.0,363.0,367.0,1681000
2009-02-06,259.31646728515625,357.0,364.3999938964844,357.0,364.3999938964844,1571000
2009-02-09,248.42079162597656,342.0,357.0,342.0,357.0,1875000
2009-02-10,245.5152740478516,338.0,344.0,330.0,334.0,2879000
2009-02-12,245.5152740478516,338.0,338.0,338.0,338.0,3045000
2009-02-13,257.1372375488281,354.0,354.0,349.0,349.0,2281000
2009-02-16,255.6845245361328,352.0,352.0,351.3999938964844,351.3999938964844,1347000
2009-02-17,257.8636474609375,355.0,355.0,348.20001220703125,348.20001220703125,1268000
2009-02-18,257.8636474609375,355.0,355.0,349.79998779296875,349.79998779296875,1053000
2009-02-19,257.8636474609375,355.0,357.4997863769531,355.0,357.4997863769531,1326000
2009-02-20,250.59988403320312,345.0,347.0,345.0,347.0,1567000
2009-02-23,247.6943817138672,341.0,345.8999938964844,341.0,345.8999938964844,1617000
2009-02-24,253.9698486328125,344.0,344.0,338.0,338.0,1828000
2009-02-25,251.01670837402344,340.0,343.29998779296875,340.0,343.29998779296875,1653000
2009-02-26,251.75498962402344,341.0,341.0,340.0,340.0,820000
2009-02-27,256.1846618652344,347.0,347.0,341.0,341.0,1102000
2009-03-02,252.49322509765625,342.0,347.0,342.0,347.0,890000
2009-03-03,240.68069458007807,326.0,326.0,323.0,323.0,2574000
2009-03-04,242.89552307128903,329.0,329.0,322.0,322.0,2048000
2009-03-05,261.3526306152344,354.0,356.1000061035156,354.0,356.1000061035156,3102000
2009-03-06,257.66119384765625,349.0,356.29998779296875,349.0,356.29998779296875,2021000
2009-03-09,259.13787841796875,351.0,351.0,350.20001220703125,350.20001220703125,1601000
2009-03-10,245.1103973388672,332.0,338.1000061035156,332.0,338.1000061035156,1361000
2009-03-11,244.37203979492188,331.0,332.3999938964844,331.0,332.3999938964844,1305000
2009-03-12,248.80186462402344,337.0,337.0,331.6000061035156,331.6000061035156,1250000
2009-03-13,253.9698486328125,344.0,344.0,339.0,339.0,2629000
2009-03-16,257.66119384765625,349.0,349.0,347.0,347.0,1209000
2009-03-17,256.9228820800781,348.0,351.80731201171875,348.0,351.80731201171875,1446000
2009-03-18,253.9698486328125,344.0,348.1000061035156,344.0,348.1000061035156,1688000
2009-03-19,254.70811462402344,345.0,345.0,344.0,344.0,701000
2009-03-23,273.1651611328125,370.0,370.0,357.3999938964844,357.3999938964844,1552000
2009-03-24,281.28631591796875,381.0,381.0,376.0,376.0,2292000
2009-03-25,282.762939453125,383.0,383.0,381.0,381.0,1271000
2009-03-26,292.360595703125,396.0,396.0,387.7000122070313,387.7000122070313,1774000
2009-03-27,293.8372497558594,398.0,398.0,396.7000122070313,396.7000122070313,1164000
2009-03-30,285.7159423828125,387.0,388.3999938964844,387.0,388.3999938964844,1535000
2009-03-31,284.239501953125,385.0,386.2000122070313,385.0,386.2000122070313,1817000
2009-04-01,293.0988464355469,397.0,397.0,384.1000061035156,384.1000061035156,1442000
2009-04-02,303.4347839355469,411.0,411.0,397.2999877929688,397.2999877929688,2113000
2009-04-03,276.11834716796875,374.0,410.1000061035156,374.0,410.1000061035156,4759000
2009-04-06,275.380126953125,373.0,376.2999877929688,373.0,376.2999877929688,1627000
2009-04-07,274.64178466796875,372.0,374.0,372.0,373.0,1544000
2009-04-08,276.11834716796875,374.0,374.0,373.0,373.0,2336000
2009-04-09,280.54815673828125,380.0,380.0,380.0,380.0,1894000
2009-04-10,276.8566589355469,375.0,379.0,375.0,379.0,1222000
2009-04-13,276.8566589355469,375.0,375.0,372.8999938964844,372.8999938964844,1301000
2009-04-14,276.11834716796875,374.0,376.0,370.0,370.0,937000
2009-04-15,296.79034423828125,402.0,402.0,387.2999877929688,387.2999877929688,3221000
2009-04-16,278.3331604003906,377.0,402.1000061035156,377.0,402.1000061035156,4293000
2009-04-17,270.9503479003906,367.0,377.3999938964844,367.0,377.3999938964844,2744000
2009-04-20,263.5675354003906,357.0,367.7999877929688,357.0,367.7999877929688,4843000
2009-04-21,268.7355041503906,364.0,364.0,358.0,358.0,2585000
2009-04-22,265.7823181152344,360.0,361.0,360.0,361.0,2356000
2009-04-23,273.1651611328125,370.0,370.0,361.0,361.0,2124000
2009-04-24,269.4737854003906,365.0,368.8999938964844,365.0,368.8999938964844,1556000
2009-04-27,264.3058166503906,358.0,365.2999877929688,358.0,365.2999877929688,1414000
2009-04-28,265.0440673828125,359.0,365.7999877929688,359.0,365.7999877929688,1562000
2009-04-30,277.594970703125,376.0,376.0,367.7000122070313,367.7000122070313,2505000
2009-05-01,280.54815673828125,380.0,380.0,375.0,375.0,1822000
2009-05-07,276.11834716796875,374.0,378.8030090332031,374.0,378.8030090332031,2431000
2009-05-08,276.8566589355469,375.0,375.0,371.6000061035156,371.6000061035156,1659000
2009-05-11,268.7355041503906,364.0,375.2000122070313,364.0,375.2000122070313,2888000
2009-05-12,267.9972229003906,363.0,365.1466064453125,363.0,365.1466064453125,2726000
2009-05-13,270.9503479003906,367.0,367.0,363.3999938964844,363.3999938964844,2154000
2009-05-14,267.2590026855469,362.0,364.0,362.0,364.0,2341000
2009-05-15,277.594970703125,376.0,376.0,363.2000122070313,363.2000122070313,3025000
2009-05-18,268.7355041503906,364.0,369.5,364.0,369.5,1815000
2009-05-19,273.9034729003906,371.0,374.0,371.0,374.0,1432000
2009-05-20,273.1651611328125,370.0,371.2000122070313,370.0,371.2000122070313,995000
2009-05-21,269.4737854003906,365.0,371.1000061035156,365.0,371.1000061035156,1223000
2009-05-22,269.4737854003906,365.0,365.0,365.0,365.0,911000
2009-05-25,270.2120056152344,366.0,366.0,365.0,365.0,1316000
2009-05-26,279.8097839355469,379.0,379.0,371.0,371.0,2663000
2009-05-27,278.3331604003906,377.0,379.0,377.0,379.0,1382000
2009-05-28,279.0715026855469,378.0,378.0,377.2000122070313,377.2000122070313,1029000
2009-05-29,270.9503479003906,367.0,378.2000122070313,367.0,378.2000122070313,1432000
2009-06-01,269.4737854003906,365.0,371.0,365.0,371.0,2007000
2009-06-02,273.9034729003906,371.0,371.0,365.9855041503906,365.9855041503906,2471000
2009-06-03,276.8566589355469,375.0,381.7000122070313,375.0,381.7000122070313,2537000
2009-06-04,282.02459716796875,382.0,382.0,380.0,380.0,1992000
2009-06-05,300.4817810058594,407.0,407.0,380.8310852050781,380.8310852050781,6276000
2009-06-08,304.9114074707031,413.0,415.2000122070313,413.0,415.2000122070313,2887000
2009-06-09,300.4817810058594,407.0,414.2000122070313,407.0,414.2000122070313,1845000
2009-06-10,301.22003173828125,408.0,408.0,405.2000122070313,405.2000122070313,2720000
2009-06-11,290.8840026855469,394.0,397.0,393.0,395.0,2598000
2009-06-12,297.528564453125,403.0,406.0,400.0,405.0,2431000
2009-06-15,297.528564453125,403.0,410.0,403.0,404.0,2189000
2009-06-16,294.5754089355469,399.0,405.0,399.0,405.0,1771000
2009-06-17,307.86456298828125,417.0,418.0,411.0,413.0,1874000
2009-06-18,307.86456298828125,417.0,419.0,414.0,416.0,1726000
2009-06-19,302.696533203125,410.0,410.0,406.0,406.0,1675000
2009-06-22,310.8177185058594,421.0,426.0,420.0,425.0,2471000
2009-06-23,304.9114074707031,413.0,417.0,411.0,417.0,961000
2009-06-24,295.313720703125,400.0,404.0,400.0,403.0,1403000
2009-06-25,291.6223449707031,395.0,404.0,394.0,402.0,1892000
2009-06-26,293.8372497558594,398.0,402.0,396.0,402.0,1679000
2009-06-29,300.4817810058594,407.0,413.0,403.0,403.0,2010000
2009-06-30,300.4817810058594,407.0,412.0,406.0,412.0,679000
2009-07-01,299.0051574707031,405.0,412.0,403.0,403.0,1004000
2009-07-02,299.0051574707031,405.0,407.0,400.0,402.0,1610000
2009-07-03,294.5754089355469,399.0,404.0,399.0,402.0,1366000
2009-07-06,293.8372497558594,398.0,403.0,394.0,397.0,1008000
2009-07-07,297.528564453125,403.0,410.0,398.0,398.0,1620000
2009-07-08,299.0051574707031,405.0,408.0,403.0,405.0,1199000
2009-07-09,292.360595703125,396.0,407.0,394.0,407.0,1155000
2009-07-10,289.407470703125,392.0,397.0,388.0,397.0,984000
2009-07-13,276.8566589355469,375.0,388.0,375.0,384.0,1234000
2009-07-14,284.239501953125,385.0,387.0,375.0,376.0,2243000
2009-07-15,280.54815673828125,380.0,393.0,379.0,383.0,2088000
2009-07-16,273.1651611328125,370.0,382.0,365.0,378.0,2497000
2009-07-17,278.3331604003906,377.0,384.0,367.0,367.0,2735000
2009-07-21,279.8097839355469,379.0,382.0,376.0,382.0,1172000
2009-07-22,282.762939453125,383.0,387.0,380.0,381.0,958000
2009-07-23,281.28631591796875,381.0,391.0,381.0,382.0,968000
2009-07-24,284.239501953125,385.0,387.0,380.0,383.0,1177000
2009-07-27,286.454345703125,388.0,389.0,384.0,385.0,1385000
2009-07-28,287.192626953125,389.0,396.0,385.0,390.0,1103000
2009-07-29,283.501220703125,384.0,389.0,384.0,388.0,706000
2009-07-30,286.454345703125,388.0,391.0,385.0,389.0,1060000
2009-07-31,290.1457214355469,393.0,395.0,388.0,388.0,959000
2009-08-03,293.8372497558594,398.0,400.0,396.0,398.0,812000
2009-08-04,299.0051574707031,405.0,409.0,400.0,400.0,1727000
2009-08-05,296.0520324707031,401.0,406.0,399.0,405.0,1489000
2009-08-06,293.0988464355469,397.0,403.0,396.0,400.0,1552000
2009-08-07,284.9778137207031,386.0,400.0,385.0,398.0,2621000
2009-08-10,299.7434387207031,406.0,407.0,389.0,389.0,3203000
2009-08-11,313.77081298828125,425.0,427.0,408.0,408.0,2687000
2009-08-12,308.6029052734375,418.0,425.0,416.0,423.0,1462000
2009-08-13,312.2942199707031,423.0,423.0,414.0,418.0,1314000
2009-08-14,310.07940673828125,420.0,422.0,418.0,421.0,582000
2009-08-17,307.86456298828125,417.0,421.0,412.0,421.0,929000
2009-08-18,305.649658203125,414.0,422.0,413.0,417.0,497000
2009-08-19,304.173095703125,412.0,415.0,410.0,412.0,623000
2009-08-20,307.86456298828125,417.0,420.0,410.0,410.0,675000
2009-08-21,312.2942199707031,423.0,428.0,413.0,416.0,1639000
2009-08-24,322.6301574707031,437.0,438.0,428.0,430.0,1083000
2009-08-25,313.0325622558594,424.0,432.0,423.0,431.0,1374000
2009-08-26,322.3823547363281,431.0,431.0,422.0,424.0,1147000
2009-08-27,320.1383972167969,428.0,431.0,425.0,430.0,715000
2009-08-28,317.8944702148437,425.0,431.0,425.0,429.0,433000
2009-08-31,317.8944702148437,425.0,430.0,422.0,425.0,732000
2009-09-02,314.9024963378906,421.0,430.0,419.0,424.0,1374000
2009-09-03,313.40643310546875,419.0,424.0,416.0,420.0,699000
2009-09-04,306.6746826171875,410.0,417.0,407.0,415.0,1046000
2009-09-07,302.9347229003906,405.0,412.0,403.0,411.0,853000
2009-09-08,302.9347229003906,405.0,407.0,403.0,406.0,846000
2009-09-09,300.69073486328125,402.0,405.0,394.0,400.0,2144000
2009-09-10,301.4387512207031,403.0,407.0,401.0,402.0,780000
2009-09-11,303.68267822265625,406.0,409.0,402.0,402.0,1517000
2009-09-14,299.9427490234375,401.0,408.0,401.0,405.0,1792000
2009-09-15,310.4145812988281,415.0,417.0,402.0,404.0,1353000
2009-09-16,309.6665344238281,414.0,422.0,413.0,414.0,1314000
2009-09-17,327.6182556152344,438.0,441.0,411.0,413.0,4864000
2009-09-18,326.8703308105469,437.0,438.0,428.0,435.0,2104000
2009-09-21,326.8703308105469,437.0,437.0,437.0,437.0,0
2009-09-24,326.1222229003906,436.0,440.0,429.0,431.0,1769000
2009-09-25,319.3904113769531,427.0,433.0,422.0,431.0,1180000
2009-09-28,332.106201171875,444.0,453.0,441.0,442.0,4126000
2009-09-29,329.8622436523437,441.0,447.0,438.0,441.0,2443000
2009-09-30,347.8139953613281,465.0,467.0,439.0,443.0,3061000
2009-10-01,330.6102600097656,442.0,458.0,441.0,455.0,2737000
2009-10-02,327.6182556152344,438.0,446.0,428.0,438.0,1860000
2009-10-05,328.3663635253906,439.0,442.0,425.0,439.0,2125000
2009-10-06,324.6263732910156,434.0,443.0,430.0,440.0,2334000
2009-10-07,309.6665344238281,414.0,429.0,413.0,429.0,4386000
2009-10-08,307.42254638671875,411.0,417.0,409.0,415.0,2141000
2009-10-09,310.4145812988281,415.0,420.0,409.0,413.0,1449000
2009-10-13,310.4145812988281,415.0,424.0,414.0,424.0,845000
2009-10-14,317.146484375,424.0,426.0,414.0,416.0,1909000
2009-10-15,325.37432861328125,435.0,443.0,432.0,435.0,3221000
2009-10-16,328.3663635253906,439.0,443.0,430.0,431.0,1785000
2009-10-19,323.8782958984375,433.0,439.0,427.0,437.0,2504000
2009-10-20,327.6182556152344,438.0,443.0,435.0,443.0,1435000
2009-10-21,320.88641357421875,429.0,440.0,427.0,439.0,1486000
2009-10-22,322.3823547363281,431.0,432.0,424.0,431.0,1748000
2009-10-23,316.3984680175781,423.0,434.0,421.0,427.0,1438000
2009-10-26,320.88641357421875,429.0,433.0,427.0,428.0,617000
2009-10-27,316.3984680175781,423.0,432.0,422.0,430.0,925000
2009-10-28,308.91864013671875,413.0,418.0,403.0,411.0,4188000
2009-10-29,307.42254638671875,411.0,419.0,405.0,414.0,1658000
2009-10-30,305.9266662597656,409.0,416.0,406.0,416.0,1335000
2009-11-02,303.68267822265625,406.0,408.0,403.0,407.0,1657000
2009-11-04,308.170654296875,412.0,412.0,401.0,410.0,1130000
2009-11-05,307.42254638671875,411.0,416.0,409.0,415.0,718000
2009-11-06,302.9347229003906,405.0,412.0,402.0,412.0,642000
2009-11-09,292.4629821777344,391.0,403.0,390.0,402.0,2798000
2009-11-10,291.71502685546875,390.0,396.0,390.0,395.0,1547000
2009-11-11,287.2270202636719,384.0,391.0,383.0,389.0,1032000
2009-11-12,275.2592163085937,368.0,383.0,368.0,381.0,2432000
2009-11-13,286.47900390625,383.0,388.0,370.0,370.0,3928000
2009-11-16,280.4952087402344,375.0,381.0,374.0,381.0,820000
2009-11-17,280.4952087402344,375.0,380.0,374.0,377.0,640000
2009-11-18,282.7391357421875,378.0,380.0,372.0,376.0,1223000
2009-11-19,278.25115966796875,372.0,377.0,370.0,377.0,836000
2009-11-20,276.0072326660156,369.0,372.0,364.0,371.0,1217000
2009-11-24,261.7954406738281,350.0,373.0,348.0,371.0,2978000
2009-11-25,260.2994689941406,348.0,357.0,339.0,351.0,3308000
2009-11-26,259.5514221191406,347.0,364.0,343.0,350.0,4101000
2009-11-27,261.7954406738281,350.0,355.0,343.0,350.0,5714000
2009-11-30,264.787353515625,354.0,356.0,351.0,353.0,1448000
2009-12-01,269.2752990722656,360.0,364.0,355.0,355.0,3086000
2009-12-02,270.7713623046875,362.0,363.0,359.0,360.0,1331000
2009-12-03,273.7632141113281,366.0,368.0,364.0,367.0,1478000
2009-12-04,273.7632141113281,366.0,371.0,363.0,368.0,1515000
2009-12-07,274.5111999511719,367.0,373.0,366.0,370.0,1592000
2009-12-08,285.7311096191406,382.0,383.0,371.0,371.0,3475000
2009-12-09,281.2431945800781,376.0,381.0,374.0,377.0,1901000
2009-12-10,276.0072326660156,369.0,378.0,368.0,377.0,1999000
2009-12-11,267.0314025878906,357.0,370.0,351.0,369.0,3937000
2009-12-14,264.0393981933594,353.0,354.0,344.0,353.0,3537000
2009-12-15,257.3075256347656,344.0,349.0,343.0,348.0,3156000
2009-12-16,260.2994689941406,348.0,351.0,344.0,345.0,2279000
2009-12-17,261.04742431640625,349.0,351.0,345.0,348.0,1608000
2009-12-18,255.8115234375,342.0,345.0,341.0,344.0,3957000
2009-12-21,252.8196563720703,338.0,343.0,336.0,343.0,2324000
2009-12-22,250.5756378173828,335.0,338.0,335.0,336.0,1922000
2009-12-24,249.0796813964844,333.0,337.0,330.0,335.0,2989000
2009-12-25,245.33970642089844,328.0,333.0,327.0,331.0,2398000
2009-12-28,254.3155670166016,340.0,342.0,330.0,330.0,1893000
2009-12-29,257.3075256347656,344.0,345.0,341.0,344.0,1409000
2009-12-30,252.8196563720703,338.0,345.0,335.0,342.0,2112000
2010-01-04,254.3155670166016,340.0,341.5,338.0,340.0,896000
2010-01-05,255.8115234375,342.0,344.0,340.0,344.0,2129000
2010-01-06,259.92547607421875,347.5,348.0,339.5,342.5,2319000
2010-01-07,259.5514221191406,347.0,349.5,344.5,349.0,2288000
2010-01-08,259.5514221191406,347.0,348.0,344.0,346.5,2078000
2010-01-12,260.2994689941406,348.0,349.0,347.5,347.5,2055000
2010-01-13,277.50323486328125,371.0,371.5,354.0,354.0,6852000
2010-01-14,290.2190246582031,388.0,388.0,370.0,373.0,6510000
2010-01-15,293.2109069824219,392.0,394.0,382.5,388.0,4039000
2010-01-18,300.69073486328125,402.0,403.0,390.5,392.0,3527000
2010-01-19,298.44683837890625,399.0,402.0,396.0,402.0,2631000
2010-01-20,293.9588928222656,393.0,399.5,392.5,398.0,2100000
2010-01-21,293.5849304199219,392.5,394.0,387.0,391.0,1597000
2010-01-22,286.47900390625,383.0,391.5,377.0,391.5,2503000
2010-01-25,285.35699462890625,381.5,383.0,375.5,378.5,1375000
2010-01-26,281.2431945800781,376.0,387.0,375.0,387.0,1761000
2010-01-27,280.12115478515625,374.5,379.0,371.0,371.0,1190000
2010-01-28,282.7391357421875,378.0,379.5,375.5,377.0,1397000
2010-01-29,287.6010437011719,384.5,386.5,378.5,379.0,1578000
2010-02-01,283.4870300292969,379.0,382.5,376.0,382.5,1361000
2010-02-02,284.235107421875,380.0,382.0,374.0,379.5,1629000
2010-02-03,285.7311096191406,382.0,385.5,379.0,384.0,2265000
2010-02-04,299.5687866210937,400.5,402.0,382.0,384.5,5742000
2010-02-05,296.5768737792969,396.5,397.5,392.5,397.5,2734000
2010-02-08,294.3328857421875,393.5,395.5,391.5,395.5,1652000
2010-02-09,288.7229919433594,386.0,394.0,384.0,394.0,1047000
2010-02-10,287.2270202636719,384.0,387.5,382.0,387.0,1532000
2010-02-12,290.9669494628906,389.0,390.0,382.5,387.5,1636000
2010-02-15,295.8288269042969,395.5,396.0,388.5,389.0,1699000
2010-02-16,296.9508056640625,397.0,406.0,395.5,399.5,3942000
2010-02-17,291.71502685546875,390.0,399.5,388.0,397.0,2602000
2010-02-18,295.45489501953125,395.0,396.5,387.5,388.0,1706000
2010-02-19,291.34088134765625,389.5,399.5,389.0,394.0,1698000
2010-02-22,294.3328857421875,393.5,398.5,392.5,395.5,1329000
2010-02-23,289.0970458984375,386.5,387.5,382.0,385.0,2233000
2010-02-24,288.717529296875,380.5,384.5,378.5,382.5,1781000
2010-02-25,286.06182861328125,377.0,378.5,372.0,378.0,2057000
2010-02-26,282.2679443359375,372.0,374.5,364.0,370.0,2853000
2010-03-01,287.9588317871094,379.5,381.5,371.5,372.0,1557000
2010-03-02,288.717529296875,380.5,382.5,377.5,382.0,918000
2010-03-03,292.132080078125,385.0,386.5,381.5,382.5,1414000
2010-03-04,293.2702941894531,386.5,396.5,383.0,392.5,3193000
2010-03-05,297.06414794921875,391.5,393.5,388.5,390.5,1524000
2010-03-08,301.9963073730469,398.0,399.5,394.0,395.0,2001000
2010-03-09,298.58184814453125,393.5,397.5,391.5,396.0,1451000
2010-03-10,297.06414794921875,391.5,395.5,390.5,395.0,763000
2010-03-11,295.1672058105469,389.0,391.0,385.5,390.0,1423000
2010-03-12,292.890869140625,386.0,389.0,385.0,386.0,2346000
2010-03-15,289.8557434082031,382.0,387.0,380.0,386.0,2867000
2010-03-16,293.6496887207031,387.0,388.0,383.0,383.5,1436000
2010-03-17,294.029052734375,387.5,390.0,385.0,387.5,1036000
2010-03-18,292.890869140625,386.0,389.5,384.5,388.5,823000
2010-03-19,292.5115051269531,385.5,386.5,384.0,386.5,742000
2010-03-23,290.61456298828125,383.0,385.5,383.0,383.5,851000
2010-03-24,285.68243408203125,376.5,381.5,375.5,381.0,2756000
2010-03-25,281.88848876953125,371.5,378.0,371.5,377.0,2377000
2010-03-26,287.1999816894531,378.5,380.5,372.0,373.0,2908000
2010-03-29,289.0970458984375,381.0,382.5,378.0,379.0,1114000
2010-03-30,295.9259948730469,390.0,390.0,385.0,385.0,1859000
2010-03-31,299.3405456542969,394.5,400.0,392.0,392.5,2163000
2010-04-01,312.6192932128906,412.0,414.0,398.5,399.0,3057000
2010-04-02,316.41326904296875,417.0,419.0,412.5,414.0,3080000
2010-04-05,320.9659729003906,423.0,424.5,416.5,417.0,2492000
2010-04-06,320.9659729003906,423.0,426.5,419.0,423.5,1852000
2010-04-07,321.72467041015625,424.0,426.5,420.5,420.5,2776000
2010-04-08,322.10406494140625,424.5,427.0,420.5,422.0,904000
2010-04-09,324.3804626464844,427.5,429.5,420.5,422.0,1844000
2010-04-12,330.4507751464844,435.5,438.0,430.0,431.0,1490000
2010-04-13,327.7950439453125,432.0,438.0,428.0,435.5,1903000
2010-04-14,327.7950439453125,432.0,432.5,428.0,430.5,988000
2010-04-15,322.4835510253906,425.0,431.0,416.0,431.0,7390000
2010-04-16,324.759765625,428.0,436.5,421.5,423.5,3531000
2010-04-19,320.2070617675781,422.0,431.5,421.0,427.0,1379000
2010-04-20,322.10406494140625,424.5,428.5,421.0,423.0,1370000
2010-04-21,326.65679931640625,430.5,430.5,424.0,426.0,956000
2010-04-22,325.5186767578125,429.0,431.5,426.0,426.5,1205000
2010-04-23,335.00341796875,441.5,444.0,428.5,430.0,1817000
2010-04-26,331.2095031738281,436.5,441.5,435.5,441.5,1313000
2010-04-27,329.3125915527344,434.0,435.5,429.5,434.5,852000
2010-04-28,319.82769775390625,421.5,429.0,420.0,425.0,1884000
2010-04-30,324.0010070800781,427.0,429.5,425.5,427.5,839000
2010-05-06,319.82769775390625,421.5,422.5,417.5,420.0,1359000
2010-05-07,314.1368408203125,414.0,415.5,407.0,415.0,1510000
2010-05-10,317.1719970703125,418.0,423.0,408.5,411.5,1408000
2010-05-11,315.6544494628906,416.0,425.0,411.0,419.0,1822000
2010-05-12,317.1719970703125,418.0,421.5,414.0,417.5,737000
2010-05-13,317.93072509765625,419.0,422.0,415.0,418.5,741000
2010-05-14,314.1368408203125,414.0,417.0,413.0,415.0,566000
2010-05-17,309.58416748046875,408.0,411.5,406.0,408.0,1698000
2010-05-18,309.58416748046875,408.0,411.0,405.0,408.0,1974000
2010-05-19,309.2047119140625,407.5,408.0,398.0,402.0,1343000
2010-05-20,308.0665588378906,406.0,411.5,400.0,403.0,1026000
2010-05-21,295.54656982421875,389.5,403.0,388.5,403.0,1680000
2010-05-24,290.9939270019531,383.5,388.5,378.5,380.5,1740000
2010-05-25,275.0594177246094,362.5,382.0,355.0,369.5,6803000
2010-05-26,278.8533935546875,367.5,381.0,358.0,375.0,5591000
2010-05-27,275.4388122558594,363.0,367.5,354.0,362.0,4298000
2010-05-28,282.2679443359375,372.0,377.0,365.0,370.0,2262000
2010-05-31,279.9916076660156,369.0,374.5,367.5,373.0,2440000
2010-06-01,280.7502746582031,370.0,375.5,368.0,370.5,1448000
2010-06-02,276.19757080078125,364.0,371.0,363.0,369.0,1019000
2010-06-03,278.8533935546875,367.5,370.5,366.0,370.0,1163000
2010-06-04,276.5769958496094,364.5,368.0,364.0,368.0,1714000
2010-06-07,267.09228515625,352.0,358.0,350.0,357.5,3321000
2010-06-08,265.5746459960937,350.0,354.0,347.0,350.0,2126000
2010-06-09,263.2983093261719,347.0,350.5,347.0,350.5,1260000
2010-06-10,265.1952209472656,349.5,351.0,347.0,347.0,1731000
2010-06-11,265.9540405273437,350.5,351.0,348.0,350.0,2969000
2010-06-14,265.1952209472656,349.5,355.0,349.0,354.0,1348000
2010-06-15,259.1250305175781,341.5,350.0,341.0,350.0,3442000
2010-06-16,259.8837585449219,342.5,344.5,341.5,343.0,2310000
2010-06-17,262.1601257324219,345.5,346.0,342.5,344.5,2205000
2010-06-18,260.2630920410156,343.0,344.5,342.0,344.5,1387000
2010-06-21,262.9189147949219,346.5,347.5,343.0,344.0,1211000
2010-06-22,265.1952209472656,349.5,351.0,345.5,346.5,1641000
2010-06-23,263.2983093261719,347.0,352.0,347.0,347.5,2523000
2010-06-24,261.02197265625,344.0,349.5,343.5,349.0,2343000
2010-06-25,268.2303771972656,353.5,354.5,344.0,344.0,3651000
2010-06-28,270.1272888183594,356.0,364.5,353.5,358.0,2770000
2010-06-29,270.1272888183594,356.0,359.5,354.0,359.0,2488000
2010-06-30,268.6097412109375,354.0,357.5,350.5,353.0,1820000
2010-07-01,264.8158264160156,349.0,352.0,349.0,351.5,1121000
2010-07-02,263.2983093261719,347.0,350.0,345.5,348.5,1007000
2010-07-05,264.4365234375,348.5,350.0,347.0,347.5,924000
2010-07-06,265.1952209472656,349.5,349.5,346.5,349.0,770000
2010-07-07,263.2983093261719,347.0,351.0,344.0,351.0,922000
2010-07-08,268.2303771972656,353.5,357.5,351.0,356.0,1037000
2010-07-09,260.6425476074219,343.5,353.0,340.0,353.0,2581000
2010-07-12,249.26080322265625,328.5,340.5,328.0,340.0,3689000
2010-07-13,248.1226348876953,327.0,330.5,325.5,328.0,2729000
2010-07-14,250.7783660888672,330.5,333.5,328.0,329.5,1257000
2010-07-15,248.50196838378903,327.5,331.5,327.0,329.5,916000
2010-07-16,246.22564697265625,324.5,329.0,324.0,327.0,912000
2010-07-21,245.84622192382807,324.0,326.0,320.0,322.5,1301000
2010-07-22,243.19044494628903,320.5,322.0,318.5,320.5,1036000
2010-07-23,239.7760162353516,316.0,322.5,316.0,322.0,1691000
2010-07-26,243.56985473632807,321.0,322.0,316.5,318.5,1174000
2010-07-27,245.4667816162109,323.5,326.0,318.5,321.0,2216000
2010-07-28,246.98440551757807,325.5,326.0,321.0,325.0,1264000
2010-07-29,245.4667816162109,323.5,326.5,322.0,323.5,1214000
2010-07-30,242.0522918701172,319.0,325.5,318.0,324.0,2463000
2010-08-02,242.81105041503903,320.0,324.5,318.5,319.5,2249000
2010-08-03,248.1226348876953,327.0,329.5,323.5,324.0,2342000
2010-08-04,245.84622192382807,324.0,328.5,322.5,327.5,1761000
2010-08-05,247.3638153076172,326.0,327.0,322.5,323.5,1815000
2010-08-06,245.0875244140625,323.0,325.0,319.0,325.0,2766000
2010-08-09,243.94924926757807,321.5,323.5,319.5,322.5,1378000
2010-08-10,243.56985473632807,321.0,325.5,319.5,323.0,1514000
2010-08-11,240.1553649902344,316.5,320.0,314.5,319.0,1157000
2010-08-12,237.12022399902344,312.5,313.0,308.0,310.0,1511000
2010-08-13,239.01712036132807,315.0,315.0,310.0,311.0,564000
2010-08-16,239.01712036132807,315.0,318.0,314.0,315.0,1312000
2010-08-17,241.67291259765625,318.5,319.0,313.5,314.5,1026000
2010-08-18,239.01712036132807,315.0,319.5,313.5,319.5,2278000
2010-08-19,240.1553649902344,316.5,318.5,314.5,315.0,1014000
2010-08-20,233.7056121826172,308.0,314.5,307.5,314.0,1712000
2010-08-23,232.1880798339844,306.0,308.5,305.5,307.5,881000
2010-08-24,232.1880798339844,306.0,306.5,304.0,306.0,951000
2010-08-25,229.91180419921875,303.0,304.5,301.5,304.5,1400000
2010-08-26,227.5595703125,299.8999938964844,303.0,299.0,302.5,2645000
2010-08-27,236.9122772216797,306.5,307.5,295.3999938964844,296.0,2186000
2010-08-30,238.84474182128903,309.0,311.5,306.5,308.5,1005000
2010-08-31,227.0957489013672,293.79998779296875,306.0,293.79998779296875,306.0,1612000
2010-09-01,229.49185180664065,296.8999938964844,298.5,289.1000061035156,293.79998779296875,1902000
2010-09-02,229.259994506836,296.6000061035156,301.0,294.20001220703125,300.0,1390000
2010-09-03,227.94598388671875,294.8999938964844,297.1000061035156,293.79998779296875,296.70001220703125,1069000
2010-09-06,234.20700073242188,303.0,304.5,295.3999938964844,295.3999938964844,1647000
2010-09-07,234.593505859375,303.5,304.0,300.0,300.5,1560000
2010-09-08,233.0474853515625,301.5,302.0,297.3999938964844,302.0,825000
2010-09-09,228.0232849121093,295.0,296.6000061035156,291.79998779296875,296.3999938964844,3628000
2010-09-10,230.41946411132807,298.1000061035156,302.0,295.5,299.8999938964844,1775000
2010-09-13,227.32766723632807,294.1000061035156,299.70001220703125,293.79998779296875,297.79998779296875,2070000
2010-09-14,228.487045288086,295.6000061035156,297.79998779296875,292.5,294.3999938964844,1602000
2010-09-16,231.19248962402344,299.1000061035156,299.8999938964844,294.1000061035156,299.0,2078000
2010-09-17,231.26974487304688,299.20001220703125,301.0,297.29998779296875,299.5,1225000
2010-09-21,230.18756103515625,297.79998779296875,299.6000061035156,296.5,299.3999938964844,1035000
2010-09-22,227.40493774414065,294.20001220703125,299.0,294.20001220703125,298.8999938964844,1077000
2010-09-24,226.0136566162109,292.3999938964844,294.8999938964844,290.20001220703125,291.20001220703125,1557000
2010-09-27,225.9363555908203,292.29998779296875,294.8999938964844,290.0,294.8999938964844,1276000
2010-09-28,224.85415649414065,290.8999938964844,291.8999938964844,289.1000061035156,290.70001220703125,1285000
2010-09-29,221.453125,286.5,289.79998779296875,285.8999938964844,289.3999938964844,1668000
2010-09-30,216.4288787841797,280.0,287.5,279.3999938964844,285.79998779296875,2948000
2010-10-01,216.1969757080078,279.70001220703125,282.5,276.0,282.3999938964844,1633000
2010-10-04,212.33218383789065,274.70001220703125,280.1000061035156,274.5,280.1000061035156,1290000
2010-10-05,215.57862854003903,278.8999938964844,279.3999938964844,272.6000061035156,273.1000061035156,1624000
2010-10-06,216.6607666015625,280.29998779296875,281.6000061035156,276.29998779296875,278.20001220703125,1820000
2010-10-07,220.44830322265625,285.20001220703125,286.6000061035156,280.3999938964844,280.3999938964844,1734000
2010-10-08,221.3758087158203,286.3999938964844,288.0,283.5,286.0,1303000
2010-10-12,234.20700073242188,303.0,314.5,302.0,308.5,7024000
2010-10-13,224.6995849609375,290.70001220703125,301.5,289.79998779296875,300.0,5811000
2010-10-14,225.9363555908203,292.29998779296875,293.79998779296875,289.29998779296875,290.0,3003000
2010-10-15,218.7478179931641,283.0,292.29998779296875,282.0,292.29998779296875,3536000
2010-10-18,216.5061950683593,280.1000061035156,283.29998779296875,278.70001220703125,283.29998779296875,3321000
2010-10-19,212.0230407714844,274.29998779296875,280.20001220703125,273.6000061035156,280.0,4738000
2010-10-20,216.89268493652344,280.6000061035156,281.29998779296875,269.20001220703125,274.3999938964844,4138000
2010-10-21,220.0618133544922,284.70001220703125,285.8999938964844,277.29998779296875,277.6000061035156,3706000
2010-10-22,227.4822540283203,294.29998779296875,294.79998779296875,283.29998779296875,284.5,3862000
2010-10-25,225.31797790527344,291.5,293.70001220703125,289.5,291.70001220703125,1802000
2010-10-26,220.293701171875,285.0,291.5,284.29998779296875,286.79998779296875,2436000
2010-10-27,223.385482788086,289.0,292.79998779296875,285.1000061035156,285.29998779296875,2287000
2010-10-28,219.67535400390625,284.20001220703125,287.0,283.0,286.8999938964844,2312000
2010-10-29,220.7574920654297,285.6000061035156,287.3999938964844,283.0,286.8999938964844,1644000
2010-11-01,215.65594482421875,279.0,285.70001220703125,278.3999938964844,285.6000061035156,3146000
2010-11-02,219.52078247070312,284.0,285.5,279.70001220703125,279.79998779296875,2373000
2010-11-04,225.7044372558593,292.0,298.0,285.1000061035156,288.0,3957000
2010-11-05,224.00392150878903,289.79998779296875,294.0,288.0,292.79998779296875,2043000
2010-11-08,223.46286010742188,289.1000061035156,291.29998779296875,287.6000061035156,289.8999938964844,1652000
2010-11-09,218.7478179931641,283.0,291.29998779296875,280.0,289.8999938964844,3471000
2010-11-10,223.84930419921875,289.6000061035156,290.29998779296875,282.20001220703125,284.79998779296875,2178000
2010-11-11,241.93655395507807,313.0,322.5,302.5,305.0,8212000
2010-11-12,245.4148712158203,317.5,326.0,312.0,313.0,5883000
2010-11-15,247.7337951660156,320.5,327.0,316.0,320.5,4123000
2010-11-16,249.27967834472656,322.5,324.5,318.0,323.0,4654000
2010-11-17,246.5743103027344,319.0,320.0,314.0,318.0,3381000
2010-11-18,255.46337890625,330.5,330.5,314.0,318.0,3632000
2010-11-19,257.3958435058594,333.0,336.0,330.5,332.5,3014000
2010-11-22,263.1929931640625,340.5,341.5,333.0,335.5,2329000
2010-11-24,258.16876220703125,334.0,337.0,330.0,334.0,2170000
2010-11-25,256.2363586425781,331.5,336.5,330.0,335.5,1466000
2010-11-26,252.3714904785156,326.5,328.0,321.5,327.0,3473000
2010-11-29,256.6229248046875,332.0,333.0,323.0,326.5,3447000
2010-11-30,253.1445159912109,327.5,332.5,322.5,332.0,2724000
2010-12-01,247.7337951660156,320.5,328.0,318.5,326.5,3059000
2010-12-02,256.2363586425781,331.5,331.5,323.5,327.5,2826000
2010-12-03,255.0768585205078,330.0,332.0,325.0,332.0,2491000
2010-12-06,256.6229248046875,332.0,334.5,328.0,329.5,2027000
2010-12-07,254.3039093017578,329.0,331.0,325.0,331.0,1618000
2010-12-08,252.3714904785156,326.5,326.5,320.5,325.0,2688000
2010-12-09,256.6229248046875,332.0,332.0,326.0,327.0,1519000
2010-12-10,254.6903381347656,329.5,333.0,329.0,332.5,2206000
2010-12-13,260.1011657714844,336.5,337.0,328.0,328.5,2124000
2010-12-14,259.3282165527344,335.5,336.5,331.5,336.0,2088000
2010-12-15,260.8741149902344,337.5,341.5,336.5,337.5,3094000
2010-12-16,263.1929931640625,340.5,341.0,335.5,341.0,2748000
2010-12-17,268.9901733398437,348.0,350.0,336.5,338.5,5032000
2010-12-20,264.7388916015625,342.5,346.5,338.0,346.5,3639000
2010-12-21,263.9659118652344,341.5,343.0,338.0,342.5,2709000
2010-12-22,262.4200134277344,339.5,342.5,338.5,338.5,1649000
2010-12-24,260.4876708984375,337.0,343.5,336.5,340.5,1395000
2010-12-27,265.5118713378906,343.5,344.5,338.0,339.0,1294000
2010-12-28,260.1011657714844,336.5,342.0,335.5,341.5,1392000
2010-12-29,262.8065185546875,340.0,341.0,337.5,338.0,1950000
2010-12-30,260.1011657714844,336.5,341.0,336.5,341.0,1291000
2011-01-04,263.9659118652344,341.5,345.0,338.5,339.0,1779000
2011-01-05,267.4442443847656,346.0,347.5,341.5,341.5,1281000
2011-01-06,268.2172241210937,347.0,350.0,346.0,350.0,1693000
2011-01-07,274.4009094238281,355.0,356.5,347.5,348.0,2913000
2011-01-11,292.9519958496094,379.0,384.0,372.0,376.0,8918000
2011-01-12,292.1790466308594,378.0,382.5,376.5,380.0,4007000
2011-01-13,294.1114807128906,380.5,383.5,378.0,380.0,3395000
2011-01-14,294.1114807128906,380.5,383.0,376.0,380.5,3200000
2011-01-17,294.1114807128906,380.5,389.5,379.0,380.0,3188000
2011-01-18,287.1548156738281,371.5,379.5,370.5,378.0,3084000
2011-01-19,290.24658203125,375.5,376.5,371.5,374.0,1727000
2011-01-20,291.0195617675781,376.5,377.5,372.5,374.5,1309000
2011-01-21,282.1304931640625,365.0,374.5,363.0,374.0,2695000
2011-01-24,287.5411682128906,372.0,374.0,367.5,368.0,2260000
2011-01-25,286.768310546875,371.0,376.0,369.0,372.0,1765000
2011-01-26,287.5411682128906,372.0,373.0,368.0,371.0,1606000
2011-01-27,288.7007141113281,373.5,375.5,370.5,370.5,761000
2011-01-28,280.1981506347656,362.5,371.0,360.5,370.0,2216000
2011-01-31,272.8549499511719,353.0,362.0,352.5,362.0,3307000
2011-02-01,272.4684753417969,352.5,357.0,348.5,357.0,2550000
2011-02-02,281.7440185546875,364.5,364.5,357.5,359.0,1683000
2011-02-03,287.5411682128906,372.0,373.5,361.0,365.5,2556000
2011-02-04,288.314208984375,373.0,373.5,364.5,371.0,1847000
2011-02-07,292.1790466308594,378.0,378.0,372.0,373.0,1405000
2011-02-08,291.0195617675781,376.5,379.5,375.0,379.5,588000
2011-02-09,296.8167724609375,384.0,384.5,376.0,377.0,3391000
2011-02-10,293.72491455078125,380.0,385.5,379.5,385.5,1244000
2011-02-14,296.4302673339844,383.5,383.5,372.0,376.0,2646000
2011-02-15,306.09234619140625,396.0,409.0,382.5,383.0,6949000
2011-02-16,299.1356811523437,387.0,391.5,377.5,390.0,5593000
2011-02-17,305.7057800292969,395.5,397.5,383.5,385.0,5883000
2011-02-18,309.57061767578125,400.5,402.0,393.0,395.5,4169000
2011-02-21,314.5948486328125,407.0,410.5,401.5,402.0,3961000
2011-02-22,318.0732116699219,411.5,416.0,407.0,407.5,6336000
2011-02-23,311.1165771484375,402.5,408.5,400.0,408.0,5106000
2011-02-24,301.7125549316406,385.0,396.5,383.5,395.0,4581000
2011-02-25,307.1981811523437,392.0,395.5,385.0,385.0,2469000
2011-02-28,304.8471374511719,389.0,391.5,383.5,388.0,2066000
2011-03-01,301.3206787109375,384.5,390.5,383.5,389.5,3884000
2011-03-02,304.06353759765625,388.0,397.5,385.0,385.0,4570000
2011-03-03,313.85943603515625,400.5,407.5,394.0,404.0,7421000
2011-03-04,311.1165771484375,397.0,403.0,394.0,400.0,3123000
2011-03-07,306.02264404296875,390.5,397.5,389.0,397.5,1461000
2011-03-08,305.6308288574219,390.0,393.0,387.5,389.5,2149000
2011-03-09,301.7125549316406,385.0,393.5,383.5,389.0,2603000
2011-03-10,302.4961853027344,386.0,394.0,384.5,392.0,2845000
2011-03-11,298.9696655273437,381.5,389.5,381.0,384.5,4065000
2011-03-14,272.32501220703125,347.5,360.5,343.5,353.5,2999000
2011-03-15,227.0288848876953,289.70001220703125,332.5,277.5,332.0,5432000
2011-03-16,258.2189025878906,329.5,333.0,303.0,305.0,6222000
2011-03-17,261.745361328125,334.0,339.5,309.0,312.0,4629000
2011-03-18,259.0025329589844,330.5,334.5,324.5,327.0,2323000
2011-03-22,267.23114013671875,341.0,341.5,336.0,340.0,2984000
2011-03-23,263.31268310546875,336.0,348.0,334.0,347.0,2702000
2011-03-24,254.300537109375,324.5,335.0,320.5,333.0,4624000
2011-03-25,253.12503051757807,323.0,331.5,321.0,328.5,2587000
2011-03-28,248.4230194091797,317.0,322.0,315.5,316.0,5388000
2011-03-29,246.0719757080078,314.0,323.0,307.5,318.0,6265000
2011-03-30,255.47604370117188,326.0,326.5,318.5,321.0,3364000
2011-03-31,267.6229248046875,341.5,343.0,332.0,339.5,4714000
2011-04-01,263.70458984375,336.5,343.0,336.0,341.5,2714000
2011-04-04,263.70458984375,336.5,341.5,333.5,340.0,1289000
2011-04-05,255.47604370117188,326.0,331.5,323.5,331.0,2079000
2011-04-06,255.8678436279297,326.5,331.0,323.5,327.5,2203000
2011-04-07,260.56988525390625,332.5,336.5,330.0,331.0,1652000
2011-04-08,269.5821228027344,344.0,346.0,330.0,333.0,2030000
2011-04-11,269.1902160644531,343.5,348.5,342.0,346.5,1160000
2011-04-12,262.5290832519531,335.0,340.0,333.5,338.5,1158000
2011-04-13,259.0025329589844,330.5,336.0,328.5,331.5,1769000
2011-04-14,278.20245361328125,355.0,356.5,346.0,351.0,7021000
2011-04-15,273.1086120605469,348.5,359.5,348.5,350.0,3408000
2011-04-18,275.8514099121094,352.0,354.0,348.0,350.5,1260000
2011-04-19,275.8514099121094,352.0,353.5,346.5,346.5,1570000
2011-04-20,277.0269470214844,353.5,357.0,351.0,352.0,1862000
2011-04-21,275.0677490234375,351.0,355.0,350.5,354.0,1513000
2011-04-22,275.8514099121094,352.0,355.0,352.0,353.5,1276000
2011-04-25,278.59429931640625,355.5,359.5,355.0,355.5,1234000
2011-04-26,274.2841491699219,350.0,354.0,348.0,352.5,2161000
2011-04-27,280.9452819824219,358.5,359.0,352.0,354.0,2003000
2011-04-28,292.3084716796875,373.0,373.5,358.5,360.0,3770000
2011-05-02,293.0921325683594,374.0,379.5,371.0,379.5,1816000
2011-05-06,290.3493347167969,370.5,371.0,366.5,367.0,2051000
2011-05-09,287.21466064453125,366.5,372.0,365.0,368.5,4024000
2011-05-10,289.565673828125,369.5,371.5,367.5,369.0,2299000
2011-05-11,288.39013671875,368.0,369.5,365.0,369.0,3051000
2011-05-12,287.9983215332031,367.5,371.0,365.0,365.0,1640000
2011-05-13,289.565673828125,369.5,373.0,365.0,369.5,2730000
2011-05-16,285.6473083496094,364.5,369.5,364.0,369.5,1933000
2011-05-17,287.9983215332031,367.5,368.0,362.0,362.0,1255000
2011-05-18,292.7002868652344,373.5,375.5,364.0,365.0,1859000
2011-05-19,287.21466064453125,366.5,374.0,365.5,372.0,1972000
2011-05-20,289.565673828125,369.5,373.5,367.0,369.5,788000
2011-05-23,288.39013671875,368.0,372.5,367.0,372.0,718000
2011-05-24,288.39013671875,368.0,369.0,365.5,366.0,466000
2011-05-25,282.5126953125,360.5,366.5,359.0,365.5,2099000
2011-05-26,285.6473083496094,364.5,367.5,362.0,363.0,1074000
2011-05-27,282.90447998046875,361.0,365.0,357.5,360.5,1127000
2011-05-30,286.4309997558594,365.5,367.5,358.0,361.0,1430000
2011-05-31,287.9983215332031,367.5,369.0,363.0,364.0,1274000
2011-06-01,289.565673828125,369.5,370.5,367.0,370.0,1213000
2011-06-02,286.0391540527344,365.0,368.0,362.5,365.0,1458000
2011-06-03,281.33709716796875,359.0,366.0,358.0,363.0,1688000
2011-06-06,282.90447998046875,361.0,362.0,357.5,360.5,886000
2011-06-07,286.4309997558594,365.5,367.5,360.0,362.0,2151000
2011-06-08,291.1330871582031,371.5,374.0,365.5,367.0,1844000
2011-06-09,297.4023742675781,379.5,381.5,374.5,375.0,2596000
2011-06-10,294.6595153808594,376.0,380.0,374.5,380.0,1581000
2011-06-13,293.87579345703125,375.0,376.0,372.0,375.0,709000
2011-06-14,294.267578125,375.5,376.5,374.0,376.0,1496000
2011-06-15,296.6187438964844,378.5,379.0,372.5,376.0,810000
2011-06-16,295.0513610839844,376.5,381.5,372.5,374.5,2455000
2011-06-17,293.4840087890625,374.5,379.5,373.0,375.0,2404000
2011-06-20,294.267578125,375.5,378.0,375.0,377.5,1781000
2011-06-21,296.6187438964844,378.5,379.0,372.5,376.0,1065000
2011-06-22,295.83502197265625,377.5,379.5,373.0,373.0,2035000
2011-06-23,294.6595153808594,376.0,378.5,374.5,377.5,1212000
2011-06-24,291.5248107910156,372.0,377.0,372.0,375.0,1547000
2011-06-27,288.7820129394531,368.5,374.5,368.0,373.5,923000
2011-06-28,292.3084716796875,373.0,374.5,366.5,366.5,911000
2011-06-29,297.7941589355469,380.0,381.0,374.0,374.0,1851000
2011-06-30,301.3206787109375,384.5,385.0,379.5,381.5,1294000
2011-07-01,298.18603515625,380.5,387.0,379.0,385.0,1297000
2011-07-04,298.5779113769531,381.0,383.5,379.0,383.5,1147000
2011-07-05,306.02264404296875,390.5,391.0,381.5,381.5,3923000
2011-07-06,304.06353759765625,388.0,391.0,387.5,390.5,2421000
2011-07-07,307.5900573730469,392.5,393.0,386.5,388.0,1505000
2011-07-08,306.80633544921875,391.5,393.0,390.0,393.0,999000
2011-07-11,327.9654846191406,418.5,419.0,408.0,412.0,9189000
2011-07-12,324.0470886230469,413.5,417.0,412.5,412.5,3894000
2011-07-13,324.4389343261719,414.0,415.5,406.0,407.5,3374000
2011-07-14,326.7899475097656,417.0,419.0,412.5,414.0,1841000
2011-07-15,327.9654846191406,418.5,419.0,414.0,414.0,1519000
2011-07-19,321.696044921875,410.5,418.0,410.0,416.5,1794000
2011-07-20,319.7369079589844,408.0,413.5,406.0,413.0,1563000
2011-07-21,318.5613708496094,406.5,407.0,401.5,407.0,2209000
2011-07-22,320.52056884765625,409.0,410.0,406.5,408.5,2341000
2011-07-25,324.0470886230469,413.5,413.5,407.5,409.0,1397000
2011-07-26,319.34503173828125,407.5,412.5,407.0,412.5,1944000
2011-07-27,315.8185119628906,403.0,407.5,402.0,407.5,1476000
2011-07-28,313.07568359375,399.5,402.5,398.5,402.5,1611000
2011-07-29,313.85943603515625,400.5,404.5,399.0,401.0,1807000
2011-08-01,320.9124450683594,409.5,412.0,405.5,406.0,1824000
2011-08-02,317.7777709960937,405.5,410.0,401.5,409.5,1125000
2011-08-03,314.64306640625,401.5,402.5,397.5,400.0,1659000
2011-08-04,311.9002380371094,398.0,401.0,392.5,398.5,2367000
2011-08-05,302.4961853027344,386.0,393.0,384.5,387.0,4376000
2011-08-08,300.145263671875,383.0,388.5,380.5,386.0,2653000
2011-08-09,295.0513610839844,376.5,378.0,361.5,372.5,2316000
2011-08-10,304.455322265625,388.5,390.0,383.0,385.0,1543000
2011-08-11,313.07568359375,399.5,400.0,381.5,382.0,2288000
2011-08-12,317.3858947753906,405.0,408.5,402.0,406.0,3131000
2011-08-15,318.5613708496094,406.5,406.5,399.5,406.0,1320000
2011-08-16,321.696044921875,410.5,413.0,408.5,411.5,2055000
2011-08-17,316.2103881835937,403.5,408.5,401.5,408.5,1946000
2011-08-18,320.52056884765625,409.0,410.0,404.5,407.5,1592000
2011-08-19,315.8185119628906,403.0,406.0,399.5,402.0,1539000
2011-08-22,305.6308288574219,390.0,402.5,388.5,399.5,3405000
2011-08-23,322.087890625,411.0,412.0,396.0,397.0,3385000
2011-08-24,313.85943603515625,400.5,410.0,398.0,409.5,2213000
2011-08-25,314.64306640625,401.5,408.0,401.0,406.5,2263000
2011-08-26,313.07568359375,399.5,404.0,397.5,401.0,1509000
2011-08-29,329.9214172363281,415.2000122070313,418.0,405.5,407.5,3524000
2011-08-30,328.7294921875,413.7000122070313,425.0,411.0,419.0,3004000
2011-08-31,324.0868835449219,407.85736083984375,412.0,405.5,411.0,2953000
2011-09-01,324.677001953125,408.6000061035156,412.0,406.5,410.0,2656000
2011-09-02,324.2796325683594,408.1000061035156,409.0,401.0,405.5,1650000
2011-09-05,331.43121337890625,417.1000061035156,422.0,415.0,415.0,2766000
2011-09-06,331.43121337890625,417.1000061035156,421.0,413.5,417.5,2069000
2011-09-07,329.9214172363281,415.2000122070313,418.5,411.5,417.5,1397000
2011-09-08,332.62310791015625,418.6000061035156,420.0,416.5,418.0,1162000
2011-09-09,333.6702575683594,419.9178771972656,423.0,417.0,419.5,1575000
2011-09-12,332.7820129394531,418.7999877929688,423.5,415.5,421.0,1105000
2011-09-13,338.66217041015625,426.2000122070313,428.5,420.5,421.5,1944000
2011-09-14,334.4506225585937,420.8999938964844,427.5,417.5,425.5,1487000
2011-09-15,338.9799499511719,426.6000061035156,427.0,418.5,422.0,1147000
2011-09-16,334.29180908203125,420.7000122070313,424.5,419.0,421.0,913000
2011-09-20,336.1193542480469,423.0,424.0,414.5,419.0,1485000
2011-09-21,330.5570983886719,416.0,423.0,414.0,423.0,1430000
2011-09-22,329.3651733398437,414.5,420.0,411.5,415.5,1207000
2011-09-26,319.829833984375,402.5,416.5,400.0,415.5,2131000
2011-09-27,327.378662109375,412.0,412.5,403.0,403.0,1571000
2011-09-28,331.3516540527344,417.0,419.5,409.5,410.0,1569000
2011-09-29,341.2843017578125,429.5,429.5,412.5,416.0,1882000
2011-09-30,340.8870544433594,429.0,429.5,421.0,429.5,2006000
2011-10-03,347.64111328125,437.5,439.5,426.0,428.5,2203000
2011-10-04,341.6816711425781,430.0,442.0,428.5,436.5,2308000
2011-10-05,330.9544372558594,416.5,433.5,414.0,430.0,2891000
2011-10-06,340.48974609375,428.5,430.0,416.0,417.0,2268000
2011-10-07,305.5269470214844,384.5,413.5,382.0,407.5,11001000
2011-10-11,312.2810974121094,393.0,396.5,388.5,391.5,5106000
2011-10-12,319.03521728515625,401.5,403.0,396.0,397.0,4291000
2011-10-13,312.67840576171875,393.5,404.0,390.5,404.0,2670000
2011-10-14,305.12957763671875,384.0,393.0,383.5,391.0,2073000
2011-10-17,305.9241943359375,385.0,387.0,380.0,384.5,2425000
2011-10-18,300.3619079589844,378.0,383.0,376.0,381.5,2248000
2011-10-19,304.7322998046875,383.5,386.0,378.0,379.0,2052000
2011-10-20,301.9512023925781,380.0,382.0,374.5,381.0,2934000
2011-10-21,301.1565856933594,379.0,385.5,375.5,380.5,2020000
2011-10-24,300.3619079589844,378.0,385.0,376.0,376.0,1904000
2011-10-25,294.7996520996094,371.0,377.5,368.0,376.5,3198000
2011-10-26,295.5943298339844,372.0,372.5,364.0,368.0,2418000
2011-10-27,298.7727355957031,376.0,377.0,368.0,368.0,2123000
2011-10-28,298.3755187988281,375.5,384.5,373.5,383.5,2360000
2011-10-31,296.7862854003906,373.5,380.5,373.5,375.0,1281000
2011-11-01,297.5807800292969,374.5,378.0,371.0,374.0,1385000
2011-11-02,295.5943298339844,372.0,372.5,365.5,369.5,1549000
2011-11-04,282.4832763671875,355.5,371.0,347.0,370.5,5380000
2011-11-07,283.2778625488281,356.5,356.5,352.5,355.0,1963000
2011-11-08,290.82666015625,366.0,372.0,356.0,357.0,3752000
2011-11-09,295.5943298339844,372.0,373.0,364.0,367.0,2627000
2011-11-10,290.82666015625,366.0,369.5,361.5,365.0,1402000
2011-11-11,290.82666015625,366.0,367.0,362.0,363.0,1040000
2011-11-14,292.8132019042969,368.5,371.5,365.0,366.0,1041000
2011-11-15,290.0321044921875,365.0,369.5,363.5,366.0,1282000
2011-11-16,285.6617736816406,359.5,366.5,359.0,365.0,822000
2011-11-17,278.9075012207031,351.0,355.0,349.0,355.0,1923000
2011-11-18,277.71563720703125,349.5,352.5,347.5,350.0,1553000
2011-11-21,278.5101928710937,350.5,352.5,349.5,349.5,781000
2011-11-22,278.5101928710937,350.5,352.5,346.0,350.0,2067000
2011-11-24,267.3856811523437,336.5,342.0,336.0,341.5,1940000
2011-11-25,265.7965393066406,334.5,339.5,331.0,337.0,2910000
2011-11-28,274.5371398925781,345.5,345.5,334.5,336.0,2766000
2011-11-29,279.3048400878906,351.5,361.5,346.5,352.5,3365000
2011-11-30,277.71563720703125,349.5,351.5,344.5,351.5,1564000
2011-12-01,274.1399230957031,345.0,357.5,343.5,356.5,2188000
2011-12-02,279.70220947265625,352.0,354.5,347.0,347.0,2497000
2011-12-05,288.0455322265625,362.5,366.5,356.0,358.0,3051000
2011-12-06,281.6886291503906,354.5,365.0,352.0,364.0,2856000
2011-12-07,285.26446533203125,359.0,360.0,354.0,359.0,1820000
2011-12-08,284.4698181152344,358.0,361.0,355.0,358.0,972000
2011-12-09,287.2509155273437,361.5,364.5,359.0,362.5,2466000
2011-12-12,284.07257080078125,357.5,366.5,355.0,366.5,2837000
2011-12-13,283.2778625488281,356.5,359.5,352.0,355.0,2014000
2011-12-14,279.70220947265625,352.0,355.0,351.0,353.0,1944000
2011-12-15,278.5101928710937,350.5,353.5,347.5,350.0,1719000
2011-12-16,281.2914123535156,354.0,356.0,350.0,351.0,2347000
2011-12-19,286.0589904785156,360.0,361.5,348.0,351.0,2372000
2011-12-20,291.6212463378906,367.0,370.5,357.0,362.0,3263000
2011-12-21,288.4428100585937,363.0,368.5,361.5,366.5,2508000
2011-12-22,286.8536071777344,361.0,369.5,361.0,365.5,1202000
2011-12-26,288.0455322265625,362.5,367.5,361.0,367.5,845000
2011-12-27,289.634765625,364.5,365.5,360.5,360.5,696000
2011-12-28,291.6212463378906,367.0,369.5,361.5,361.5,1416000
2011-12-29,292.01861572265625,367.5,368.5,363.5,365.0,1009000
2011-12-30,298.3755187988281,375.5,377.5,365.5,365.5,2102000
2012-01-04,293.6077575683594,369.5,379.5,368.0,378.0,2611000
2012-01-05,289.634765625,364.5,370.0,364.0,368.5,2389000
2012-01-06,288.84002685546875,363.5,366.0,362.0,364.5,2169000
2012-01-10,289.634765625,364.5,368.0,362.5,364.0,1320000
2012-01-11,295.9916381835937,372.5,372.5,362.0,369.0,2756000
2012-01-12,298.7727355957031,376.0,376.0,370.5,372.5,2180000
2012-01-13,295.5943298339844,372.0,375.0,370.0,375.0,2274000
2012-01-16,297.5807800292969,374.5,374.5,367.5,370.5,1470000
2012-01-17,293.6077575683594,369.5,374.0,368.5,374.0,1399000
2012-01-18,289.634765625,364.5,371.0,363.0,369.5,2129000
2012-01-19,286.456298828125,360.5,367.5,360.5,363.5,1466000
2012-01-20,286.456298828125,360.5,364.5,359.0,364.0,1675000
2012-01-23,284.8671569824219,358.5,361.5,355.5,360.5,1837000
2012-01-24,288.4428100585937,363.0,363.5,355.5,362.0,2184000
2012-01-25,284.8671569824219,358.5,364.5,358.0,364.5,1486000
2012-01-26,288.0455322265625,362.5,364.5,358.0,359.5,1537000
2012-01-27,294.00506591796875,370.0,373.0,364.5,365.0,2339000
2012-01-30,298.3755187988281,375.5,377.5,371.5,372.0,2683000
2012-01-31,301.5538330078125,379.5,380.0,374.5,376.5,2368000
2012-02-01,304.7322998046875,383.5,384.5,379.5,381.0,2570000
2012-02-02,305.5269470214844,384.5,385.5,382.5,383.5,2686000
2012-02-03,300.7593078613281,378.5,382.5,378.0,382.0,1368000
2012-02-06,304.3349609375,383.0,383.5,380.5,382.0,939000
2012-02-07,300.3619079589844,378.0,383.0,378.0,383.0,1242000
2012-02-08,299.96466064453125,377.5,379.0,376.5,378.0,1274000
2012-02-09,302.7458190917969,381.0,382.5,375.0,375.0,2007000
2012-02-10,306.7187805175781,386.0,388.0,383.0,384.5,1848000
2012-02-13,305.12957763671875,384.0,387.5,382.5,387.5,1173000
2012-02-14,305.9241943359375,385.0,386.0,382.0,382.0,670000
2012-02-15,307.91070556640625,387.5,387.5,383.5,385.5,1903000
2012-02-16,307.513427734375,387.0,390.0,385.5,387.0,1651000
2012-02-17,308.3081359863281,388.0,389.5,386.0,388.5,1664000
2012-02-20,304.7322998046875,383.5,387.5,383.0,387.5,1717000
2012-02-21,305.12957763671875,384.0,384.0,379.0,383.0,3083000
2012-02-22,308.3081359863281,388.0,389.0,383.5,384.0,2246000
2012-02-23,305.5269470214844,384.5,388.0,382.5,388.0,2809000
2012-02-24,305.9241943359375,385.0,386.0,382.0,385.0,5706000
2012-02-27,307.53643798828125,381.5,382.5,379.5,381.5,3729000
2012-02-28,311.5671081542969,386.5,386.5,381.5,382.0,3951000
2012-02-29,311.9701843261719,387.0,393.5,386.5,388.5,4992000
2012-03-01,309.1487121582031,383.5,387.5,381.5,387.5,2520000
2012-03-02,306.32733154296875,380.0,385.0,378.5,384.5,2255000
2012-03-05,308.74560546875,383.0,384.0,376.0,378.5,3046000
2012-03-06,309.5517883300781,384.0,385.5,382.0,382.5,2453000
2012-03-07,314.3886413574219,390.0,390.5,384.0,385.0,2569000
2012-03-08,319.6283264160156,396.5,396.5,390.0,392.0,2382000
2012-03-09,319.6283264160156,396.5,397.0,392.0,397.0,2274000
2012-03-12,323.2559509277344,401.0,408.0,398.0,399.5,3233000
2012-03-13,322.44976806640625,400.0,402.5,394.5,400.0,2210000
2012-03-14,326.4803466796875,405.0,413.5,405.0,407.0,1771000
2012-03-15,325.2712097167969,403.5,405.0,400.0,405.0,1816000
2012-03-16,327.2865295410156,406.0,407.0,402.5,406.0,1347000
2012-03-19,330.1080017089844,409.5,410.5,407.0,408.0,1934000
2012-03-21,334.54168701171875,415.0,419.5,412.5,413.5,2989000
2012-03-22,334.9446716308594,415.5,417.5,414.5,416.0,1739000
2012-03-23,333.3324584960937,413.5,416.0,410.5,414.5,1572000
2012-03-26,330.5110168457031,410.0,417.5,409.5,414.0,1479000
2012-03-27,335.7508544921875,416.5,418.0,410.5,413.0,1654000
2012-03-28,336.9600830078125,418.0,418.5,415.5,417.0,988000
2012-03-29,345.4243469238281,428.5,429.5,417.5,418.5,2129000
2012-03-30,345.02130126953125,428.0,428.5,423.5,426.0,2451000
2012-04-02,346.6335754394531,430.0,434.0,425.5,426.5,2840000
2012-04-03,349.4549560546875,433.5,435.0,427.0,429.5,2034000
2012-04-04,349.4549560546875,433.5,434.0,427.0,429.5,3408000
2012-04-05,343.4090270996094,426.0,431.5,425.0,426.5,2266000
2012-04-06,342.6029052734375,425.0,427.0,423.0,426.0,1831000
2012-04-09,343.00592041015625,425.5,428.5,423.0,425.0,1966000
2012-04-10,341.79669189453125,424.0,425.5,421.0,425.5,1914000
2012-04-11,340.9906616210937,423.0,429.5,421.0,421.5,1659000
2012-04-12,337.7661437988281,419.0,425.0,416.0,423.5,3469000
2012-04-13,346.6335754394531,430.0,437.0,420.0,428.0,4341000
2012-04-16,351.06719970703125,435.5,437.0,429.0,433.0,1655000
2012-04-17,354.2917175292969,439.5,439.5,431.5,436.0,2316000
2012-04-18,355.5008850097656,441.0,444.5,437.5,440.0,4296000
2012-04-19,353.0824890136719,438.0,442.5,436.0,441.5,2401000
2012-04-20,350.6641540527344,435.0,439.0,433.5,438.5,2892000
2012-04-23,350.6641540527344,435.0,443.0,433.5,434.0,3117000
2012-04-24,345.8274230957031,429.0,434.0,426.5,429.5,3037000
2012-04-25,347.439697265625,431.0,436.5,430.0,432.5,2010000
2012-04-26,350.26104736328125,434.5,438.5,433.0,433.5,1394000
2012-04-27,349.8580017089844,434.0,438.0,432.5,437.5,1632000
2012-05-01,347.439697265625,431.0,435.5,429.0,434.0,1009000
2012-05-02,349.8580017089844,434.0,434.0,428.5,432.0,958000
2012-05-07,341.79669189453125,424.0,427.0,422.5,427.0,1599000
2012-05-08,339.3783569335937,421.0,424.0,420.0,424.0,1060000
2012-05-09,338.57232666015625,420.0,421.0,416.0,419.5,2207000
2012-05-10,339.3783569335937,421.0,422.5,416.5,420.0,1353000
2012-05-11,337.7661437988281,419.0,427.0,417.5,424.5,2312000
2012-05-14,336.9600830078125,418.0,421.5,415.5,417.0,2216000
2012-05-15,334.9446716308594,415.5,418.0,413.0,415.0,1715000
2012-05-16,330.5110168457031,410.0,412.0,409.0,411.5,1135000
2012-05-17,332.9294128417969,413.0,415.0,408.0,410.0,1001000
2012-05-18,327.6895751953125,406.5,411.0,404.5,409.5,1881000
2012-05-21,326.883544921875,405.5,410.5,401.0,401.0,1393000
2012-05-22,327.6895751953125,406.5,407.0,404.0,406.0,743000
2012-05-23,322.44976806640625,400.0,404.5,398.5,404.0,903000
2012-05-24,321.2405700683594,398.5,404.0,396.5,398.5,724000
2012-05-25,324.86822509765625,403.0,406.5,396.5,400.0,742000
2012-05-28,323.658935546875,401.5,405.5,399.0,403.5,703000
2012-05-29,324.86822509765625,403.0,403.0,398.5,401.5,542000
2012-05-30,323.2559509277344,401.0,405.0,399.5,404.0,970000
2012-05-31,322.8528747558594,400.5,402.0,397.0,397.5,1394000
2012-06-01,324.06207275390625,402.0,403.0,397.5,397.5,1245000
2012-06-04,326.07733154296875,404.5,405.5,395.5,395.5,1292000
2012-06-05,332.9294128417969,413.0,416.0,403.0,406.0,2457000
2012-06-06,328.4956970214844,407.5,413.5,405.5,410.5,2164000
2012-06-07,327.6895751953125,406.5,407.5,402.0,402.0,1725000
2012-06-08,326.4803466796875,405.0,406.5,402.0,404.0,1493000
2012-06-11,328.4956970214844,407.5,410.0,407.0,410.0,930000
2012-06-12,328.8987731933594,408.0,409.0,401.5,407.0,1004000
2012-06-13,330.9140930175781,410.5,411.5,407.0,408.5,984000
2012-06-14,332.123291015625,412.0,413.0,408.0,410.0,1203000
2012-06-15,344.6182556152344,427.5,429.5,414.0,414.5,4400000
2012-06-18,343.81207275390625,426.5,427.5,423.5,425.5,1704000
2012-06-19,343.4090270996094,426.0,429.0,422.0,422.0,1182000
2012-06-20,348.6488647460937,432.5,433.0,426.5,426.5,1252000
2012-06-21,350.26104736328125,434.5,436.5,431.5,434.0,892000
2012-06-22,345.02130126953125,428.0,431.5,427.0,430.0,803000
2012-06-25,342.6029052734375,425.0,431.0,425.0,430.0,714000
2012-06-26,340.9906616210937,423.0,427.0,421.0,422.5,1150000
2012-06-27,346.23046875,429.5,429.5,422.0,424.0,714000
2012-06-28,344.6182556152344,427.5,428.0,423.5,428.0,2443000
2012-06-29,349.05181884765625,433.0,434.5,424.5,424.5,1047000
2012-07-02,349.4549560546875,433.5,436.0,432.5,436.0,813000
2012-07-03,351.06719970703125,435.5,435.5,426.5,426.5,1160000
2012-07-04,349.05181884765625,433.0,435.5,430.5,431.0,1212000
2012-07-05,348.6488647460937,432.5,434.0,431.0,431.0,701000
2012-07-06,352.2763977050781,437.0,440.5,432.0,432.5,2306000
2012-07-09,357.91925048828125,444.0,446.0,440.5,445.5,1967000
2012-07-10,359.61212158203125,446.1000061035156,451.5,446.0,447.5,1641000
2012-07-11,359.531494140625,446.0,449.5,443.0,445.5,1678000
2012-07-12,360.3377075195313,447.0,449.5,444.0,449.5,1538000
2012-07-13,357.5162048339844,443.5,447.5,442.0,445.0,1839000
2012-07-17,357.22540283203125,443.1392211914063,444.0,436.0,441.0,2150000
2012-07-18,350.9974365234375,435.4134826660156,444.0,434.0,443.5,1786000
2012-07-19,352.45440673828125,437.2207946777344,438.5,431.5,436.0,1942000
2012-07-20,350.26104736328125,434.5,440.5,433.0,436.0,1419000
2012-07-23,346.1278991699219,429.3727111816406,435.0,426.0,435.0,1080000
2012-07-24,342.6029052734375,425.0,428.0,423.0,425.0,927000
2012-07-25,342.19500732421875,424.4939575195313,427.0,421.0,423.0,821000
2012-07-26,339.1365966796875,420.7000122070313,427.0,420.0,425.5,542000
2012-07-27,342.2803955078125,424.6000061035156,429.5,423.0,429.5,721000
2012-07-30,343.00592041015625,425.5,427.5,423.0,425.5,483000
2012-07-31,342.29119873046875,424.61334228515625,428.0,422.5,427.0,815000
2012-08-01,346.6335754394531,430.0,431.0,424.0,424.0,956000
2012-08-02,347.1451721191406,430.6346130371094,434.0,427.5,432.5,1300000
2012-08-03,345.9081115722656,429.1000061035156,436.0,425.5,428.5,1745000
2012-08-06,355.4305419921875,440.9126892089844,443.0,437.5,439.0,1624000
2012-08-07,358.72540283203125,445.0,446.0,441.5,443.5,873000
2012-08-08,357.5162048339844,443.5,449.5,442.0,446.5,1073000
2012-08-09,357.4355773925781,443.3999938964844,445.5,440.0,443.5,700000
2012-08-10,360.221435546875,446.8557739257813,448.5,445.0,446.0,811000
2012-08-13,364.3682556152344,452.0,458.5,447.5,449.0,985000
2012-08-14,364.12640380859375,451.7000122070313,455.5,449.0,450.0,765000
2012-08-15,368.39886474609375,457.0,459.5,455.0,457.0,683000
2012-08-16,367.9958190917969,456.5,459.0,455.5,457.5,962000
2012-08-17,361.3049926757813,448.2000122070313,457.5,447.0,457.5,1055000
2012-08-20,359.0476989746094,445.3999938964844,448.0,441.5,448.0,1719000
2012-08-21,363.7233581542969,451.2000122070313,452.5,447.0,447.5,760000
2012-08-22,367.5927734375,456.0,456.0,451.0,451.5,1125000
2012-08-23,376.05706787109375,466.5,471.5,457.0,457.0,3685000
2012-08-24,380.813232421875,472.3999938964844,474.5,465.5,468.0,3282000
2012-08-27,382.10302734375,474.0,481.5,473.0,477.5,2858000
2012-08-28,383.7152404785156,476.0,483.0,473.0,481.0,2373000
2012-08-29,384.123046875,471.0,477.5,470.5,475.0,2124000
2012-08-30,382.8996276855469,469.5,473.0,467.5,473.0,1679000
2012-08-31,392.6862487792969,481.5,485.5,465.5,466.0,4089000
2012-09-03,398.8028564453125,489.0,491.5,481.5,482.0,2882000
2012-09-04,400.0261535644531,490.5,494.0,486.5,491.0,2342000
2012-09-05,407.7738342285156,500.0,506.0,490.5,496.0,4026000
2012-09-06,404.5116882324219,496.0,510.0,492.5,505.0,3882000
2012-09-07,403.2884521484375,494.5,502.0,493.0,502.0,2389000
2012-09-10,409.4049987792969,502.0,506.0,498.0,499.0,2578000
2012-09-11,403.6961669921875,495.0,496.5,489.0,495.0,2788000
2012-09-12,410.2205810546875,503.0,503.0,497.0,500.0,2553000
2012-09-13,413.482666015625,507.0,509.0,503.0,506.0,2413000
2012-09-14,400.0261535644531,490.5,507.0,489.5,506.0,4026000
2012-09-18,382.491943359375,469.0,485.0,466.5,485.0,6879000
2012-09-19,389.0162963867188,477.0,481.5,464.5,465.0,2891000
2012-09-20,390.6474609375,479.0,481.0,474.0,477.5,1737000
2012-09-21,393.0940551757813,482.0,486.0,476.5,476.5,2431000
2012-09-24,391.46295166015625,480.0,485.0,478.0,484.0,2039000
2012-09-25,396.3561706542969,486.0,486.0,480.0,480.0,1759000
2012-09-26,401.24951171875,492.0,494.0,488.0,489.0,2753000
2012-09-27,402.0651245117188,493.0,494.5,486.5,488.0,1947000
2012-09-28,402.0651245117188,493.0,498.5,489.0,497.0,1806000
2012-10-01,400.0261535644531,490.5,493.5,485.5,493.5,1304000
2012-10-02,389.8318481445313,478.0,490.0,476.5,488.5,1877000
2012-10-03,392.2784423828125,481.0,482.0,475.5,475.5,1737000
2012-10-04,391.8706970214844,480.5,483.5,478.0,481.5,2178000
2012-10-05,408.58935546875,501.0,507.0,492.5,501.0,6719000
2012-10-09,410.2205810546875,503.0,505.0,495.0,498.5,2845000
2012-10-10,405.7349853515625,497.5,502.0,496.0,499.0,1109000
2012-10-11,401.6573181152344,492.5,497.5,491.0,494.5,1675000
2012-10-12,402.0651245117188,493.0,502.0,492.5,494.0,2136000
2012-10-15,405.3272705078125,497.0,497.0,493.5,495.0,1403000
2012-10-16,411.8517456054688,505.0,505.0,498.0,498.0,2196000
2012-10-17,420.8227233886719,516.0,522.0,508.0,509.0,5083000
2012-10-18,427.3470458984375,524.0,524.0,514.0,517.0,2477000
2012-10-19,423.2693176269531,519.0,524.0,518.0,523.0,2099000
2012-10-22,426.5315246582031,523.0,526.0,518.0,520.0,2023000
2012-10-23,430.6092529296875,528.0,530.0,523.0,527.0,1563000
2012-10-24,441.2113037109375,541.0,544.0,529.0,531.0,2485000
2012-10-25,450.9978942871094,553.0,553.0,541.0,542.0,2955000
2012-10-26,446.9202270507813,548.0,553.0,543.0,549.0,2869000
2012-10-29,446.9202270507813,548.0,554.0,548.0,551.0,1947000
2012-10-30,446.1046752929688,547.0,557.0,544.0,544.0,2205000
2012-10-31,431.4247741699219,529.0,544.0,528.0,541.0,3048000
2012-11-01,450.182373046875,552.0,552.0,530.0,532.0,2867000
2012-11-02,437.1336669921875,536.0,553.0,534.0,553.0,2759000
2012-11-05,430.6092529296875,528.0,536.0,527.0,535.0,1404000
2012-11-06,430.6092529296875,528.0,536.0,526.0,528.0,2057000
2012-11-07,424.0848388671875,520.0,532.0,519.0,532.0,2129000
2012-11-08,418.3760070800781,513.0,521.0,513.0,516.0,2061000
2012-11-09,418.3760070800781,513.0,520.0,513.0,513.0,1618000
2012-11-12,415.9292907714844,510.0,516.0,506.0,514.0,1649000
2012-11-13,422.453857421875,518.0,522.0,507.0,507.0,1676000
2012-11-14,418.3760070800781,513.0,518.0,513.0,515.0,934000
2012-11-15,414.29833984375,508.0,516.0,508.0,516.0,1279000
2012-11-16,422.453857421875,518.0,520.0,509.0,509.0,2633000
2012-11-19,428.1625671386719,525.0,529.0,519.0,521.0,2896000
2012-11-20,425.71588134765625,522.0,530.0,520.0,530.0,970000
2012-11-21,419.1915893554688,514.0,525.0,513.0,523.0,1457000
2012-11-22,409.4049987792969,502.0,514.0,500.0,514.0,2578000
2012-11-26,407.7738342285156,500.0,505.0,497.5,502.0,2206000
2012-11-27,415.9292907714844,510.0,512.0,499.5,500.0,1911000
2012-11-28,419.1915893554688,514.0,521.0,508.0,510.0,1779000
2012-11-29,428.1625671386719,525.0,527.0,512.0,514.0,1823000
2012-11-30,428.9781494140625,526.0,531.0,521.0,526.0,1949000
2012-12-03,420.0071411132813,515.0,527.0,514.0,527.0,3050000
2012-12-04,424.9004211425781,521.0,521.0,514.0,516.0,3381000
2012-12-05,424.0848388671875,520.0,527.0,518.0,521.0,2490000
2012-12-06,429.7936706542969,527.0,533.0,524.0,528.0,5992000
2012-12-07,421.6382446289063,517.0,526.0,516.0,525.0,4156000
2012-12-10,419.1915893554688,514.0,519.0,509.0,519.0,5934000
2012-12-11,416.7449645996094,511.0,517.0,509.0,513.0,3298000
2012-12-12,410.2205810546875,503.0,512.0,501.0,511.0,4373000
2012-12-13,411.0361328125,504.0,511.0,502.0,509.0,2202000
2012-12-14,397.1717834472656,487.0,505.0,486.5,496.5,4831000
2012-12-17,399.618408203125,490.0,492.5,483.5,490.0,2976000
2012-12-18,395.1329345703125,484.5,491.5,483.0,490.0,1617000
2012-12-19,399.210693359375,489.5,489.5,483.0,484.5,2610000
2012-12-20,395.1329345703125,484.5,493.0,481.0,489.0,3052000
2012-12-21,402.0651245117188,493.0,495.0,488.5,489.0,3468000
2012-12-25,398.3950805664063,488.5,498.5,487.5,495.0,1379000
2012-12-26,400.0261535644531,490.5,491.0,486.5,487.0,1043000
2012-12-27,398.3950805664063,488.5,492.0,487.0,492.0,1382000
2012-12-28,393.5017700195313,482.5,488.5,480.5,483.5,3006000
2013-01-04,393.5017700195313,482.5,486.5,480.5,486.0,3031000
2013-01-07,402.4728088378906,493.5,495.0,476.5,482.5,3646000
2013-01-08,411.8517456054688,505.0,510.0,493.5,494.0,3567000
2013-01-09,407.36614990234375,499.5,507.0,498.0,507.0,3585000
2013-01-10,406.1427917480469,498.0,503.0,495.5,500.0,3132000
2013-01-11,408.58935546875,501.0,506.0,499.0,500.0,3885000
2013-01-15,408.58935546875,501.0,510.0,501.0,506.0,2211000
2013-01-16,410.2205810546875,503.0,506.0,501.0,505.0,3269000
2013-01-17,426.5315246582031,523.0,525.0,506.0,507.0,6626000
2013-01-18,433.8713989257813,532.0,537.0,527.0,527.0,4980000
2013-01-21,436.3180541992188,535.0,540.0,534.0,535.0,1956000
2013-01-22,433.0558776855469,531.0,536.0,529.0,534.0,2202000
2013-01-23,435.5025024414063,534.0,539.0,528.0,529.0,2646000
2013-01-24,429.7936706542969,527.0,534.0,524.0,529.0,2020000
2013-01-25,426.5315246582031,523.0,531.0,519.0,530.0,2956000
2013-01-28,422.453857421875,518.0,529.0,517.0,527.0,2692000
2013-01-29,419.1915893554688,514.0,520.0,513.0,518.0,2038000
2013-01-30,418.3760070800781,513.0,517.0,512.0,515.0,2125000
2013-01-31,423.2693176269531,519.0,519.0,511.0,514.0,1278000
2013-02-01,424.0848388671875,520.0,527.0,520.0,523.0,2446000
2013-02-04,418.3760070800781,513.0,524.0,509.0,523.0,2727000
2013-02-05,415.1138000488281,509.0,514.0,507.0,513.0,2332000
2013-02-06,411.0361328125,504.0,513.0,502.0,511.0,2354000
2013-02-07,420.8227233886719,516.0,517.0,505.0,506.0,2680000
2013-02-08,421.6382446289063,517.0,520.0,515.0,517.0,2102000
2013-02-12,421.6382446289063,517.0,522.0,516.0,519.0,1719000
2013-02-13,418.3760070800781,513.0,518.0,510.0,516.0,1631000
2013-02-14,424.0848388671875,520.0,521.0,514.0,515.0,1551000
2013-02-15,425.71588134765625,522.0,522.0,514.0,519.0,2164000
2013-02-18,428.1625671386719,525.0,525.0,516.0,521.0,1971000
2013-02-19,429.7936706542969,527.0,532.0,523.0,527.0,1873000
2013-02-20,443.6579895019531,544.0,548.0,533.0,533.0,3067000
2013-02-21,455.0757446289063,558.0,559.0,546.0,546.0,3128000
2013-02-22,487.6976013183594,598.0,600.0,568.0,568.0,6523000
2013-02-25,487.6976013183594,598.0,610.0,595.0,596.0,3980000
2013-02-26,479.8779602050781,583.0,592.0,581.0,582.0,2940000
2013-02-27,489.7555236816406,595.0,595.0,581.0,582.0,2794000
2013-02-28,499.6327819824219,607.0,612.0,601.0,601.0,2769000
2013-03-01,497.9866027832031,605.0,610.0,604.0,608.0,1630000
2013-03-04,517.741455078125,629.0,632.0,615.0,619.0,2192000
2013-03-05,516.0951538085938,627.0,638.0,625.0,635.0,1313000
2013-03-06,532.5576171875,647.0,658.0,643.0,647.0,2836000
2013-03-07,524.3262939453125,637.0,666.0,637.0,656.0,2464000
2013-03-08,535.85009765625,651.0,659.0,646.0,646.0,3947000
2013-03-11,520.2107543945312,632.0,640.0,626.0,640.0,3806000
2013-03-12,507.8638610839844,617.0,629.0,615.0,626.0,3130000
2013-03-13,510.3333740234375,620.0,622.0,610.0,610.0,2004000
2013-03-14,521.0339965820312,633.0,637.0,625.0,630.0,2596000
2013-03-15,532.5576171875,647.0,649.0,637.0,638.0,2162000
2013-03-18,533.380615234375,648.0,654.0,647.0,652.0,1930000
2013-03-19,538.3193969726562,654.0,656.0,648.0,654.0,1657000
2013-03-21,538.3193969726562,654.0,658.0,650.0,657.0,1510000
2013-03-22,540.7887573242188,657.0,680.0,653.0,657.0,2841000
2013-03-25,574.5366821289062,698.0,710.0,678.0,682.0,3737000
2013-03-26,593.4683227539062,721.0,722.0,700.0,701.0,4293000
2013-03-27,585.2369995117188,711.0,718.0,701.0,715.0,3735000
2013-03-28,609.1076049804688,740.0,744.0,711.0,711.0,3838000
2013-03-29,619.8080444335938,753.0,760.0,735.0,745.0,4012000
2013-04-01,587.7064208984375,714.0,754.0,712.0,751.0,3651000
2013-04-02,597.5839233398438,726.0,736.0,700.0,713.0,2462000
2013-04-03,630.5084838867188,766.0,769.0,730.0,731.0,3332000
2013-04-04,639.5628662109375,777.0,778.0,744.0,762.0,2885000
2013-04-05,687.3037719726562,835.0,887.0,801.0,802.0,6342000
2013-04-08,692.2423706054688,841.0,853.0,824.0,840.0,4982000
2013-04-09,688.1268310546875,836.0,852.0,827.0,842.0,2835000
2013-04-10,674.134033203125,819.0,842.0,809.0,841.0,3960000
2013-04-11,696.358154296875,846.0,852.0,831.0,832.0,3765000
2013-04-12,735.8677368164062,894.0,919.0,868.0,870.0,8882000
2013-04-15,712.8204956054688,866.0,893.0,861.0,879.0,3585000
2013-04-16,744.9219360351562,905.0,915.0,840.0,851.0,6091000
2013-04-17,767.1461791992188,932.0,936.0,912.0,913.0,5542000
2013-04-18,758.0918579101562,921.0,938.0,917.0,932.0,2210000
2013-04-19,752.3301391601562,914.0,928.0,905.0,922.0,1859000
2013-04-22,751.5069580078125,913.0,916.0,897.0,912.0,3244000
2013-04-23,749.0376586914062,910.0,912.0,895.0,900.0,2441000
2013-04-24,750.683837890625,912.0,916.0,897.0,909.0,2624000
2013-04-25,744.9219360351562,905.0,916.0,899.0,912.0,2213000
2013-04-26,746.5684814453125,907.0,928.0,902.0,905.0,3761000
2013-04-30,757.268798828125,920.0,927.0,901.0,901.0,2561000
2013-05-01,744.0989990234375,904.0,923.0,903.0,914.0,2326000
2013-05-02,753.1533813476562,915.0,917.0,896.0,902.0,3164000
2013-05-07,760.561279296875,924.0,932.0,912.0,925.0,4178000
2013-05-08,749.0376586914062,910.0,926.0,906.0,919.0,3213000
2013-05-09,725.167236328125,881.0,913.0,880.0,908.0,3157000
2013-05-10,702.119873046875,853.0,889.0,846.0,889.0,4473000
2013-05-13,705.4124755859375,857.0,875.0,849.0,868.0,4654000
2013-05-14,699.6504516601562,850.0,856.0,820.0,852.0,4157000
2013-05-15,698.8275146484375,849.0,865.0,840.0,850.0,3727000
2013-05-16,725.167236328125,881.0,883.0,849.0,850.0,5590000
2013-05-17,724.3440551757812,880.0,900.0,876.0,884.0,2212000
2013-05-20,717.7591552734375,872.0,877.0,852.0,875.0,2718000
2013-05-21,684.0113525390625,831.0,871.0,829.0,865.0,3324000
2013-05-22,693.8888549804688,843.0,850.0,811.0,837.0,3752000
2013-05-23,642.8553466796875,781.0,844.0,781.0,836.0,2910000
2013-05-24,651.0865478515625,791.0,822.0,771.0,775.0,4473000
2013-05-27,658.49462890625,800.0,818.0,761.0,778.0,2643000
2013-05-28,658.49462890625,800.0,806.0,778.0,796.0,2359000
2013-05-29,651.0865478515625,791.0,809.0,790.0,797.0,2030000
2013-05-30,612.3999633789062,744.0,783.0,736.0,779.0,3832000
2013-05-31,623.1006469726562,757.0,767.0,749.0,759.0,2373000
2013-06-03,614.8692626953125,747.0,768.0,738.0,747.0,2928000
2013-06-04,632.1548461914062,768.0,771.0,719.0,731.0,3776000
2013-06-05,630.5084838867188,766.0,804.0,763.0,770.0,2395000
2013-06-06,629.685546875,765.0,791.0,762.0,766.0,3905000
2013-06-07,607.4613037109375,738.0,751.0,723.0,746.0,2448000
2013-06-10,646.14794921875,785.0,788.0,759.0,763.0,2133000
2013-06-11,646.97119140625,786.0,812.0,777.0,788.0,2330000
2013-06-12,673.310791015625,818.0,821.0,769.0,787.0,2193000
2013-06-13,666.7257690429688,810.0,826.0,793.0,819.0,3809000
2013-06-14,679.0725708007812,825.0,843.0,821.0,836.0,4969000
2013-06-17,688.1268310546875,836.0,839.0,824.0,828.0,5236000
2013-06-18,676.603271484375,822.0,843.0,815.0,840.0,2465000
2013-06-19,680.7186889648438,827.0,839.0,814.0,835.0,1690000
2013-06-20,665.07958984375,808.0,822.0,805.0,819.0,2076000
2013-06-21,690.5963745117188,839.0,844.0,792.0,800.0,3933000
2013-06-24,683.1881713867188,830.0,843.0,819.0,839.0,1737000
2013-06-25,664.256591796875,807.0,824.0,797.0,815.0,2814000
2013-06-26,650.2633056640625,790.0,823.0,788.0,818.0,1561000
2013-06-27,679.8958129882812,826.0,826.0,793.0,797.0,1729000
2013-06-28,670.0182495117188,814.0,826.0,812.0,818.0,2660000
2013-07-01,689.773193359375,838.0,844.0,818.0,828.0,2049000
2013-07-02,709.5280151367188,862.0,869.0,843.0,850.0,3214000
2013-07-03,672.48779296875,817.0,834.0,798.0,831.0,5751000
2013-07-04,705.4124755859375,857.0,861.0,826.0,828.0,3791000
2013-07-05,707.05859375,859.0,861.0,852.0,860.0,1266000
2013-07-08,698.8275146484375,849.0,866.0,848.0,863.0,1490000
2013-07-09,704.5892333984375,856.0,857.0,843.0,849.0,1602000
2013-07-10,705.4124755859375,857.0,870.0,851.0,863.0,1659000
2013-07-11,694.7119750976562,844.0,852.0,839.0,851.0,1579000
2013-07-12,711.9973754882812,865.0,870.0,846.0,846.0,2498000
2013-07-16,721.874755859375,877.0,882.0,869.0,870.0,3899000
2013-07-17,721.874755859375,877.0,882.0,866.0,877.0,1302000
2013-07-18,729.282958984375,886.0,888.0,876.0,877.0,5308000
2013-07-19,735.8677368164062,894.0,899.0,881.0,895.0,1866000
2013-07-22,724.3440551757812,880.0,902.0,873.0,896.0,1503000
2013-07-23,725.9902954101562,882.0,888.0,878.0,879.0,708000
2013-07-24,739.9833374023438,899.0,903.0,885.0,889.0,1416000
2013-07-25,726.8134765625,883.0,901.0,878.0,901.0,1104000
2013-07-26,716.9360961914062,871.0,876.0,866.0,875.0,1532000
2013-07-29,709.5280151367188,862.0,875.0,859.0,870.0,1342000
2013-07-30,710.3511352539062,863.0,869.0,854.0,855.0,2135000
2013-07-31,707.05859375,859.0,870.0,854.0,862.0,1847000
2013-08-01,723.5210571289062,879.0,881.0,859.0,860.0,918000
2013-08-02,733.3983154296875,891.0,891.0,876.0,882.0,976000
2013-08-05,729.282958984375,886.0,893.0,878.0,887.0,620000
2013-08-06,727.6366577148438,884.0,890.0,866.0,880.0,2438000
2013-08-07,723.5210571289062,879.0,884.0,875.0,880.0,2249000
2013-08-08,709.5280151367188,862.0,885.0,861.0,879.0,1676000
2013-08-09,693.8888549804688,843.0,863.0,840.0,862.0,1552000
2013-08-12,685.6575317382812,833.0,843.0,826.0,836.0,1470000
2013-08-13,688.1268310546875,836.0,840.0,827.0,831.0,2013000
2013-08-14,683.1881713867188,830.0,839.0,824.0,836.0,1902000
2013-08-15,665.9027099609375,809.0,828.0,806.0,821.0,3066000
2013-08-16,666.7257690429688,810.0,817.0,801.0,805.0,1125000
2013-08-19,666.7257690429688,810.0,813.0,804.0,804.0,940000
2013-08-20,663.4334716796875,806.0,811.0,802.0,807.0,987000
2013-08-21,668.3720703125,812.0,817.0,801.0,808.0,1126000
2013-08-22,665.07958984375,808.0,813.0,802.0,809.0,672000
2013-08-23,686.4805297851562,834.0,842.0,823.0,823.0,2090000
2013-08-26,702.9431762695312,854.0,858.0,843.0,845.0,1863000
2013-08-27,696.358154296875,846.0,854.0,840.0,854.0,1087000
2013-08-28,711.7221069335938,857.0,865.0,836.0,845.0,3938000
2013-08-29,730.8229370117188,880.0,898.0,855.0,861.0,5191000
2013-08-30,717.535400390625,864.0,882.0,858.0,879.0,2889000
2013-09-02,722.5181884765625,870.0,878.0,865.0,865.0,1165000
2013-09-03,733.3143920898438,883.0,883.0,871.0,878.0,2310000
2013-09-04,725.8402099609375,874.0,878.0,863.0,871.0,1499000
2013-09-05,721.687744140625,869.0,878.0,862.0,878.0,1194000
2013-09-06,712.552490234375,858.0,879.0,852.0,878.0,897000
2013-09-09,739.1278076171875,890.0,891.0,873.0,877.0,1484000
2013-09-10,729.162109375,878.0,889.0,872.0,889.0,1453000
2013-09-11,723.3485717773438,871.0,884.0,871.0,880.0,644000
2013-09-12,728.33154296875,877.0,880.0,873.0,877.0,890000
2013-09-13,731.6536254882812,881.0,885.0,875.0,879.0,798000
2013-09-17,716.7048950195312,863.0,880.0,863.0,879.0,1105000
2013-09-18,734.1450805664062,884.0,885.0,868.0,871.0,762000
2013-09-19,725.0097045898438,873.0,884.0,864.0,884.0,2380000
2013-09-20,729.992431640625,879.0,880.0,867.0,874.0,1786000
2013-09-24,727.5010986328125,876.0,882.0,867.0,867.0,1070000
2013-09-25,733.3143920898438,883.0,887.0,872.0,880.0,828000
2013-09-26,733.3143920898438,883.0,885.0,873.0,880.0,1139000
2013-09-27,731.6536254882812,881.0,884.0,875.0,884.0,714000
2013-09-30,736.6364135742188,887.0,891.0,870.0,876.0,1652000
2013-10-01,730.8229370117188,880.0,907.0,877.0,894.0,2740000
2013-10-02,715.043701171875,861.0,876.0,854.0,876.0,5052000
2013-10-03,741.6193237304688,893.0,896.0,861.0,870.0,2314000
2013-10-04,771.5165405273438,929.0,930.0,885.0,894.0,4386000
2013-10-07,759.0594482421875,914.0,936.0,912.0,920.0,2601000
2013-10-08,751.5850830078125,905.0,910.0,893.0,909.0,2005000
2013-10-09,736.6364135742188,887.0,896.0,879.0,895.0,1953000
2013-10-10,751.5850830078125,905.0,905.0,888.0,888.0,1276000
2013-10-11,754.9069213867188,909.0,915.0,903.0,904.0,1500000
2013-10-15,768.194580078125,925.0,933.0,913.0,915.0,1420000
2013-10-16,770.6860961914062,928.0,928.0,917.0,926.0,954000
2013-10-17,775.6689453125,934.0,944.0,926.0,929.0,2284000
2013-10-18,797.2615966796875,960.0,962.0,934.0,938.0,1842000
2013-10-21,793.9395751953125,956.0,972.0,944.0,969.0,2051000
2013-10-22,793.9395751953125,956.0,967.0,952.0,962.0,1495000
2013-10-23,792.2786254882812,954.0,967.0,947.0,953.0,2024000
2013-10-24,813.8711547851562,980.0,983.0,947.0,947.0,2443000
2013-10-25,802.2443237304688,966.0,987.0,963.0,985.0,1430000
2013-10-28,811.3795776367188,977.0,980.0,967.0,971.0,920000
2013-10-29,803.9053955078125,968.0,979.0,959.0,963.0,1568000
2013-10-30,823.8369140625,992.0,999.0,974.0,977.0,3615000
2013-10-31,813.0406494140625,979.0,989.0,976.0,984.0,1048000
2013-11-01,808.057861328125,973.0,980.0,964.0,980.0,1219000
2013-11-05,813.8711547851562,980.0,990.0,962.0,970.0,2041000
2013-11-06,815.5321044921875,982.0,985.0,973.0,982.0,2016000
2013-11-07,813.8711547851562,980.0,986.0,974.0,977.0,1284000
2013-11-08,806.396728515625,971.0,975.0,964.0,972.0,942000
2013-11-11,815.5321044921875,982.0,1029.0,977.0,986.0,2769000
2013-11-12,832.9721069335938,1003.0,1015.0,987.0,988.0,2771000
2013-11-13,819.6844482421875,987.0,1015.0,980.0,1007.0,1566000
2013-11-14,832.1417236328125,1002.0,1008.0,989.0,998.0,1659000
2013-11-15,837.9548950195312,1009.0,1019.0,1002.0,1003.0,1392000
2013-11-18,837.9548950195312,1009.0,1015.0,1000.0,1013.0,998000
2013-11-19,868.6828002929688,1046.0,1047.0,1015.0,1019.0,3841000
2013-11-20,880.3094482421875,1060.0,1090.0,1051.0,1059.0,4159000
2013-11-21,925.1556396484376,1114.0,1115.0,1064.0,1067.0,6279000
2013-11-22,909.3763427734376,1095.0,1144.0,1087.0,1121.0,3674000
2013-11-25,921.003173828125,1109.0,1110.0,1095.0,1095.0,1045000
2013-11-26,910.2068481445312,1096.0,1106.0,1085.0,1089.0,2424000
2013-11-27,907.7154541015624,1093.0,1119.0,1090.0,1100.0,2270000
2013-11-28,886.9534912109375,1068.0,1093.0,1057.0,1091.0,4308000
2013-11-29,884.4619750976562,1065.0,1080.0,1033.0,1048.0,3228000
2013-12-02,891.9361572265625,1074.0,1078.0,1055.0,1058.0,1623000
2013-12-03,891.105712890625,1073.0,1079.0,1060.0,1066.0,2531000
2013-12-04,913.5289306640624,1100.0,1118.0,1085.0,1097.0,5152000
2013-12-05,897.7498779296875,1081.0,1106.0,1077.0,1081.0,2284000
2013-12-06,896.0885620117188,1079.0,1090.0,1066.0,1089.0,1357000
2013-12-09,896.0885620117188,1079.0,1094.0,1073.0,1092.0,1482000
2013-12-10,891.9361572265625,1074.0,1080.0,1065.0,1076.0,1727000
2013-12-11,897.7498779296875,1081.0,1083.0,1063.0,1067.0,1181000
2013-12-12,899.41064453125,1083.0,1084.0,1073.0,1080.0,1066000
2013-12-13,900.2410888671875,1084.0,1090.0,1073.0,1079.0,1723000
2013-12-16,889.4448852539062,1071.0,1088.0,1070.0,1082.0,1084000
2013-12-17,902.732666015625,1087.0,1092.0,1072.0,1076.0,1464000
2013-12-18,910.2068481445312,1096.0,1096.0,1075.0,1079.0,1363000
2013-12-19,910.2068481445312,1096.0,1110.0,1093.0,1100.0,2148000
2013-12-20,924.3250732421876,1113.0,1116.0,1100.0,1108.0,1755000
2013-12-24,923.4944458007812,1112.0,1128.0,1109.0,1117.0,1349000
2013-12-25,925.1556396484376,1114.0,1115.0,1095.0,1095.0,1223000
2013-12-26,933.460205078125,1124.0,1128.0,1113.0,1114.0,776000
2013-12-27,933.460205078125,1124.0,1138.0,1113.0,1124.0,1705000
2013-12-30,944.256591796875,1137.0,1140.0,1120.0,1135.0,1572000
2014-01-06,934.2906494140624,1125.0,1184.0,1110.0,1149.0,8790000
2014-01-07,911.86767578125,1098.0,1142.0,1089.0,1112.0,5814000
2014-01-08,863.699951171875,1040.0,1106.0,1030.0,1100.0,9866000
2014-01-09,852.9036865234375,1027.0,1041.0,1009.0,1040.0,4928000
2014-01-10,835.4635009765625,1006.0,1032.0,997.0,1015.0,6204000
2014-01-14,851.2427368164062,1025.0,1027.0,992.0,997.0,5856000
2014-01-15,871.1742553710938,1049.0,1049.0,1021.0,1027.0,5331000
2014-01-16,872.0047607421875,1050.0,1062.0,1045.0,1053.0,3731000
2014-01-17,873.665771484375,1052.0,1055.0,1035.0,1037.0,1729000
2014-01-20,862.8694458007812,1039.0,1050.0,1036.0,1050.0,1932000
2014-01-21,838.78564453125,1010.0,1038.0,1008.0,1034.0,4531000
2014-01-22,822.1759643554688,990.0,1004.0,978.0,1003.0,5661000
2014-01-23,803.0748901367188,967.0,985.0,959.0,980.0,5522000
2014-01-24,800.5833740234375,964.0,976.0,955.0,956.0,3474000
2014-01-27,801.4139404296875,965.0,972.0,935.0,939.0,3166000
2014-01-28,797.2615966796875,960.0,992.0,960.0,978.0,2248000
2014-01-29,818.0234985351562,985.0,985.0,968.0,973.0,1074000
2014-01-30,802.2443237304688,966.0,978.0,958.0,970.0,2813000
2014-01-31,786.4652709960938,947.0,969.0,938.0,964.0,1775000
2014-02-03,765.7031860351562,922.0,946.0,921.0,946.0,2277000
2014-02-04,742.4498291015625,894.0,918.0,888.0,899.0,4877000
2014-02-05,778.9907836914062,938.0,959.0,909.0,914.0,5086000
2014-02-06,767.3642578125,924.0,933.0,911.0,930.0,3031000
2014-02-07,764.8727416992188,921.0,939.0,908.0,932.0,2165000
2014-02-10,794.77001953125,957.0,960.0,930.0,935.0,2486000
2014-02-12,808.88818359375,974.0,981.0,962.0,965.0,2658000
2014-02-13,810.5491943359375,976.0,983.0,966.0,966.0,3419000
2014-02-14,800.5833740234375,964.0,986.0,958.0,976.0,3201000
2014-02-17,808.88818359375,974.0,978.0,959.0,965.0,2181000
2014-02-18,805.5662841796875,970.0,975.0,946.0,968.0,2553000
2014-02-19,806.396728515625,971.0,971.0,961.0,969.0,944000
2014-02-20,794.77001953125,957.0,979.0,955.0,971.0,1417000
2014-02-21,820.514892578125,988.0,991.0,958.0,961.0,2282000
2014-02-24,833.8026733398438,1004.0,1008.0,981.0,984.0,2429000
2014-02-25,834.6331787109375,1005.0,1008.0,999.0,1002.0,1601000
2014-02-26,812.0302734375,970.0,991.0,968.0,981.0,2845000
2014-02-27,788.5902099609375,942.0,974.0,940.0,972.0,2019000
2014-02-28,771.8472900390625,922.0,959.0,911.0,943.0,2907000
2014-03-03,758.452880859375,906.0,920.0,897.0,915.0,2357000
2014-03-04,771.8472900390625,922.0,924.0,897.0,900.0,1757000
2014-03-05,770.173095703125,920.0,938.0,913.0,933.0,1554000
2014-03-06,779.381591796875,931.0,931.0,914.0,924.0,1592000
2014-03-07,781.89306640625,934.0,939.0,929.0,935.0,2262000
2014-03-10,785.2415161132812,938.0,944.0,930.0,939.0,1806000
2014-03-11,793.613037109375,948.0,949.0,934.0,941.0,1878000
2014-03-12,786.0787353515625,939.0,950.0,932.0,939.0,1691000
2014-03-13,796.1244506835938,951.0,955.0,932.0,935.0,1498000
2014-03-14,761.8016357421875,910.0,953.0,908.0,951.0,4038000
2014-03-17,740.872802734375,885.0,912.0,883.0,902.0,2604000
2014-03-18,739.1986083984375,883.0,908.0,879.0,905.0,2214000
2014-03-19,736.6871948242188,880.0,888.0,872.0,879.0,1768000
2014-03-20,752.5929565429688,899.0,902.0,878.0,881.0,3008000
2014-03-24,772.6843872070312,923.0,938.0,901.0,901.0,3207000
2014-03-25,778.5443725585938,930.0,943.0,916.0,919.0,2426000
2014-03-26,772.6843872070312,923.0,948.0,919.0,936.0,2737000
2014-03-27,794.4502563476562,949.0,952.0,900.0,908.0,2332000
2014-03-28,824.5873413085938,985.0,987.0,949.0,949.0,3511000
2014-03-31,832.1217041015625,994.0,996.0,974.0,990.0,3332000
2014-04-01,824.5873413085938,985.0,999.0,980.0,995.0,2688000
2014-04-02,815.3788452148438,974.0,987.0,973.0,986.0,1893000
2014-04-03,824.5873413085938,985.0,992.0,970.0,973.0,1501000
2014-04-04,843.0045776367188,1007.0,1007.0,985.0,990.0,1849000
2014-04-07,843.841796875,1008.0,1015.0,1000.0,1004.0,1613000
2014-04-08,828.77294921875,990.0,1002.0,985.0,1001.0,1453000
2014-04-09,820.4017333984375,980.0,991.0,976.0,982.0,1631000
2014-04-10,819.564453125,979.0,1005.0,979.0,994.0,1434000
2014-04-11,910.8133544921876,1088.0,1093.0,1008.0,1013.0,11261000
2014-04-14,908.3018188476562,1085.0,1097.0,1073.0,1076.0,3720000
2014-04-15,899.09326171875,1074.0,1084.0,1060.0,1076.0,2570000
2014-04-16,902.4417724609376,1078.0,1098.0,1061.0,1074.0,3266000
2014-04-17,891.5590209960938,1065.0,1084.0,1062.0,1076.0,3203000
2014-04-18,904.1162719726562,1080.0,1088.0,1063.0,1074.0,1863000
2014-04-21,903.279052734375,1079.0,1088.0,1073.0,1080.0,921000
2014-04-22,920.0218505859376,1099.0,1118.0,1083.0,1088.0,2588000
2014-04-23,921.6959838867188,1101.0,1109.0,1090.0,1101.0,1825000
2014-04-24,952.67041015625,1138.0,1144.0,1114.0,1115.0,3593000
2014-04-25,953.5076293945312,1139.0,1139.0,1124.0,1136.0,1597000
2014-04-28,942.624755859375,1126.0,1130.0,1119.0,1125.0,1433000
2014-04-30,961.0419311523438,1148.0,1172.0,1137.0,1144.0,3190000
2014-05-01,949.3218994140624,1134.0,1148.0,1113.0,1128.0,2750000
2014-05-02,945.9733276367188,1130.0,1154.0,1122.0,1150.0,3637000
2014-05-07,935.0906982421876,1117.0,1139.0,1113.0,1120.0,2141000
2014-05-08,947.6476440429688,1132.0,1135.0,1114.0,1120.0,1304000
2014-05-09,945.9733276367188,1130.0,1139.0,1120.0,1123.0,857000
2014-05-12,933.4160766601562,1115.0,1142.0,1115.0,1136.0,1813000
2014-05-13,933.4160766601562,1115.0,1130.0,1111.0,1130.0,1001000
2014-05-14,935.0906982421876,1117.0,1118.0,1108.0,1115.0,930000
2014-05-15,918.3475341796876,1097.0,1117.0,1097.0,1110.0,1190000
2014-05-16,920.0218505859376,1099.0,1101.0,1081.0,1085.0,2064000
2014-05-19,922.5333862304688,1102.0,1129.0,1093.0,1101.0,2283000
2014-05-20,945.1361083984376,1129.0,1137.0,1109.0,1113.0,1647000
2014-05-21,948.48486328125,1133.0,1139.0,1123.0,1123.0,1964000
2014-05-22,957.6932983398438,1144.0,1146.0,1125.0,1139.0,1796000
2014-05-23,939.2762451171876,1122.0,1150.0,1119.0,1149.0,1990000
2014-05-26,933.4160766601562,1115.0,1142.0,1111.0,1138.0,2490000
2014-05-27,929.2303466796876,1110.0,1127.0,1108.0,1120.0,1926000
2014-05-28,934.25341796875,1116.0,1127.0,1102.0,1112.0,1804000
2014-05-29,936.7647094726562,1119.0,1128.0,1102.0,1114.0,1542000
2014-05-30,925.8818359375,1106.0,1124.0,1106.0,1116.0,1387000
2014-06-02,955.1818237304688,1141.0,1143.0,1107.0,1115.0,1988000
2014-06-03,949.3218994140624,1134.0,1150.0,1118.0,1149.0,2127000
2014-06-04,966.9019165039062,1155.0,1162.0,1124.0,1134.0,2004000
2014-06-05,975.2733764648438,1165.0,1179.0,1157.0,1167.0,2168000
2014-06-06,954.3446655273438,1140.0,1175.0,1138.0,1175.0,1870000
2014-06-09,954.3446655273438,1140.0,1149.0,1133.0,1149.0,1921000
2014-06-10,937.6021118164062,1120.0,1139.0,1117.0,1135.0,1732000
2014-06-11,905.7904052734376,1082.0,1120.0,1071.0,1120.0,5671000
2014-06-12,918.3475341796876,1097.0,1104.0,1083.0,1095.0,2263000
2014-06-13,918.3475341796876,1097.0,1101.0,1072.0,1080.0,2815000
2014-06-16,920.0218505859376,1099.0,1100.0,1083.0,1092.0,1120000
2014-06-17,922.5333862304688,1102.0,1105.0,1093.0,1103.0,1432000
2014-06-18,945.9733276367188,1130.0,1135.0,1096.0,1110.0,3173000
2014-06-19,957.6932983398438,1144.0,1147.0,1137.0,1146.0,1622000
2014-06-20,938.4390869140624,1121.0,1149.0,1121.0,1149.0,2270000
2014-06-23,939.2762451171876,1122.0,1130.0,1112.0,1124.0,1411000
2014-06-24,941.78759765625,1125.0,1132.0,1111.0,1120.0,1301000
2014-06-25,931.741943359375,1113.0,1124.0,1108.0,1124.0,1451000
2014-06-26,935.9276123046876,1118.0,1127.0,1113.0,1120.0,1054000
2014-06-27,939.2762451171876,1122.0,1131.0,1116.0,1121.0,1287000
2014-06-30,962.7161865234376,1150.0,1150.0,1122.0,1123.0,2049000
2014-07-01,971.9247436523438,1161.0,1168.0,1151.0,1166.0,1903000
2014-07-02,1015.4564208984376,1213.0,1235.0,1174.0,1180.0,6689000
2014-07-03,1013.78173828125,1211.0,1256.0,1201.0,1235.0,3387000
2014-07-04,1006.2476806640624,1202.0,1222.0,1197.0,1218.0,1168000
2014-07-07,1005.4108276367188,1201.0,1206.0,1194.0,1199.0,739000
2014-07-08,1015.4564208984376,1213.0,1217.0,1176.0,1190.0,1918000
2014-07-09,1025.501953125,1225.0,1238.0,1214.0,1214.0,2133000
2014-07-10,1029.68798828125,1230.0,1243.0,1222.0,1235.0,1949000
2014-07-11,1031.3623046875,1232.0,1238.0,1219.0,1225.0,1555000
2014-07-14,1016.2933349609376,1214.0,1228.0,1202.0,1218.0,2046000
2014-07-15,1012.94482421875,1210.0,1217.0,1198.0,1213.0,2156000
2014-07-16,1003.7362670898438,1199.0,1211.0,1190.0,1205.0,3390000
2014-07-17,994.5277709960938,1188.0,1200.0,1181.0,1196.0,2613000
2014-07-18,990.3419189453124,1183.0,1198.0,1178.0,1191.0,1707000
2014-07-22,1009.596435546875,1206.0,1214.0,1184.0,1188.0,2139000
2014-07-23,1017.1304321289062,1215.0,1218.0,1209.0,1214.0,1195000
2014-07-24,1004.5736083984376,1200.0,1218.0,1193.0,1218.0,1695000
2014-07-25,1017.1304321289062,1215.0,1218.0,1190.0,1196.0,1504000
2014-07-28,1033.8736572265625,1235.0,1235.0,1211.0,1217.0,1532000
2014-07-29,1045.593505859375,1249.0,1251.0,1227.0,1229.0,1313000
2014-07-30,1038.05908203125,1240.0,1255.0,1238.0,1254.0,910000
2014-07-31,1043.9195556640625,1247.0,1256.0,1239.0,1256.0,1259000
2014-08-01,1043.08203125,1246.0,1250.0,1229.0,1232.0,1217000
2014-08-04,1060.662109375,1267.0,1276.0,1245.0,1250.0,2185000
2014-08-05,1078.2421875,1288.0,1316.0,1281.0,1281.0,2731000
2014-08-06,1064.0107421875,1271.0,1286.0,1268.0,1273.0,1496000
2014-08-07,1068.1966552734375,1276.0,1297.0,1257.0,1284.0,2164000
2014-08-08,1048.9420166015625,1253.0,1272.0,1250.0,1264.0,1216000
2014-08-11,1067.3592529296875,1275.0,1277.0,1259.0,1274.0,787000
2014-08-12,1061.4991455078125,1268.0,1279.0,1265.0,1276.0,605000
2014-08-13,1054.8021240234375,1260.0,1272.0,1251.0,1272.0,1073000
2014-08-14,1070.7078857421875,1279.0,1286.0,1261.0,1268.0,1386000
2014-08-15,1086.613525390625,1298.0,1301.0,1277.0,1279.0,1832000
2014-08-18,1092.4737548828125,1305.0,1325.0,1301.0,1305.0,1805000
2014-08-19,1083.26513671875,1294.0,1325.0,1291.0,1325.0,1184000
2014-08-20,1078.2421875,1288.0,1301.0,1284.0,1291.0,1146000
2014-08-21,1085.7764892578125,1297.0,1300.0,1277.0,1287.0,1980000
2014-08-22,1057.3134765625,1263.0,1299.0,1252.0,1298.0,2512000
2014-08-25,1066.522216796875,1274.0,1277.0,1234.0,1254.0,1861000
2014-08-26,1014.619384765625,1212.0,1245.0,1205.0,1245.0,6611000
2014-08-27,1005.7670288085938,1193.0,1223.0,1188.0,1217.0,4131000
2014-08-28,989.7489624023438,1174.0,1187.0,1157.0,1185.0,4397000
2014-08-29,984.690673828125,1168.0,1174.0,1145.0,1160.0,3890000
2014-09-01,999.8657836914062,1186.0,1196.0,1178.0,1190.0,2479000
2014-09-02,1001.5518188476562,1188.0,1197.0,1178.0,1195.0,2862000
2014-09-03,1017.5699462890624,1207.0,1218.0,1171.0,1190.0,4418000
2014-09-04,1032.7449951171875,1225.0,1229.0,1211.0,1211.0,2747000
2014-09-05,1030.2158203125,1222.0,1239.0,1218.0,1235.0,2688000
2014-09-08,1024.3140869140625,1215.0,1236.0,1208.0,1230.0,1590000
2014-09-09,1028.5296630859375,1220.0,1228.0,1211.0,1226.0,1159000
2014-09-10,1036.1173095703125,1229.0,1234.0,1212.0,1233.0,1686000
2014-09-11,1027.686767578125,1219.0,1237.0,1214.0,1237.0,1488000
2014-09-12,1026.00048828125,1217.0,1222.0,1202.0,1212.0,1189000
2014-09-16,1020.09912109375,1210.0,1217.0,1205.0,1211.0,1848000
2014-09-17,1037.803466796875,1231.0,1242.0,1217.0,1218.0,1912000
2014-09-18,1071.5255126953125,1271.0,1273.0,1243.0,1245.0,2567000
2014-09-19,1075.7408447265625,1276.0,1282.0,1255.0,1280.0,2423000
2014-09-22,1081.6424560546875,1283.0,1292.0,1273.0,1277.0,2356000
2014-09-24,1090.0728759765625,1293.0,1306.0,1283.0,1293.0,2696000
2014-09-25,1103.5615234375,1309.0,1309.0,1292.0,1308.0,1192000
2014-09-26,1103.5615234375,1309.0,1313.0,1286.0,1289.0,803000
2014-09-29,1093.445068359375,1297.0,1313.0,1295.0,1310.0,1218000
2014-09-30,1101.87548828125,1307.0,1309.0,1284.0,1309.0,2236000
2014-10-01,1105.24755859375,1311.0,1317.0,1301.0,1309.0,1772000
2014-10-02,1122.951904296875,1332.0,1354.0,1307.0,1322.0,4156000
2014-10-03,1121.2657470703125,1330.0,1339.0,1311.0,1327.0,2094000
2014-10-06,1142.34228515625,1355.0,1368.0,1338.0,1352.0,1846000
2014-10-07,1144.871337890625,1358.0,1378.0,1353.0,1365.0,2279000
2014-10-08,1152.4588623046875,1367.0,1377.0,1351.0,1354.0,2322000
2014-10-09,1135.597900390625,1347.0,1381.0,1342.0,1375.0,2633000
2014-10-10,1138.97021484375,1351.0,1355.0,1335.0,1340.0,2741000
2014-10-14,1133.0684814453125,1344.0,1350.0,1328.0,1340.0,2482000
2014-10-15,1163.4190673828125,1380.0,1392.0,1347.0,1349.0,3124000
2014-10-16,1153.30224609375,1368.0,1399.0,1357.0,1365.0,4103000
2014-10-17,1117.05078125,1325.0,1365.0,1322.0,1358.0,3391000
2014-10-20,1151.6162109375,1366.0,1368.0,1343.0,1350.0,2574000
2014-10-21,1190.3968505859375,1412.0,1433.0,1363.0,1370.0,5302000
2014-10-22,1224.9619140625,1453.0,1472.0,1428.0,1428.0,3820000
2014-10-23,1233.3927001953125,1463.0,1468.0,1441.0,1453.0,2776000
2014-10-24,1214.002197265625,1440.0,1475.0,1430.0,1472.0,2713000
2014-10-27,1214.002197265625,1440.0,1446.0,1421.0,1436.0,2849000
2014-10-28,1209.7872314453125,1435.0,1456.0,1429.0,1429.0,2381000
2014-10-29,1244.3525390625,1476.0,1480.0,1444.0,1453.0,2033000
2014-10-30,1256.9981689453125,1491.0,1508.0,1469.0,1487.0,5665000
2014-10-31,1260.3702392578125,1495.0,1508.0,1485.0,1502.0,2996000
2014-11-04,1239.2940673828125,1470.0,1533.0,1462.0,1532.0,4272000
2014-11-05,1216.5316162109375,1443.0,1456.0,1427.0,1444.0,5501000
2014-11-06,1225.804931640625,1454.0,1474.0,1433.0,1460.0,3807000
2014-11-07,1187.0242919921875,1408.0,1447.0,1400.0,1447.0,4804000
2014-11-10,1158.360595703125,1374.0,1400.0,1361.0,1400.0,5091000
2014-11-11,1225.804931640625,1454.0,1457.0,1384.0,1388.0,4764000
2014-11-12,1236.7650146484375,1467.0,1483.0,1450.0,1467.0,3565000
2014-11-13,1240.980224609375,1472.0,1484.0,1450.0,1453.0,1840000
2014-11-14,1235.078857421875,1465.0,1490.0,1448.0,1488.0,1986000
2014-11-17,1194.611572265625,1417.0,1467.0,1409.0,1466.0,3138000
2014-11-18,1228.3343505859375,1457.0,1457.0,1414.0,1420.0,2502000
2014-11-19,1242.666259765625,1474.0,1505.0,1466.0,1466.0,3331000
2014-11-20,1219.060546875,1446.0,1485.0,1441.0,1485.0,2839000
2014-11-21,1179.4366455078125,1399.0,1437.0,1389.0,1434.0,6626000
2014-11-25,1163.4190673828125,1380.0,1410.0,1376.0,1403.0,3649000
2014-11-26,1135.597900390625,1347.0,1390.0,1343.0,1378.0,5157000
2014-11-27,1135.597900390625,1347.0,1385.0,1328.0,1358.0,5364000
2014-11-28,1172.6922607421875,1391.0,1405.0,1345.0,1360.0,5962000
2014-12-01,1166.791015625,1384.0,1415.0,1379.0,1398.0,3135000
2014-12-02,1169.3201904296875,1387.0,1389.0,1362.0,1388.0,2419000
2014-12-03,1172.6922607421875,1391.0,1393.0,1372.0,1380.0,2646000
2014-12-04,1183.65234375,1404.0,1422.0,1397.0,1421.0,3615000
2014-12-05,1159.203369140625,1375.0,1405.0,1374.0,1405.0,2593000
2014-12-08,1150.77294921875,1365.0,1383.0,1360.0,1380.0,2003000
2014-12-09,1153.30224609375,1368.0,1371.0,1350.0,1353.0,3665000
2014-12-10,1142.34228515625,1355.0,1368.0,1352.0,1361.0,2443000
2014-12-11,1188.7103271484375,1410.0,1420.0,1370.0,1371.0,6189000
2014-12-12,1202.1993408203125,1426.0,1456.0,1420.0,1424.0,4166000
2014-12-15,1207.2578125,1432.0,1448.0,1409.0,1410.0,2444000
2014-12-16,1180.280029296875,1400.0,1440.0,1398.0,1418.0,2538000
2014-12-17,1186.18115234375,1407.0,1417.0,1391.0,1403.0,1812000
2014-12-18,1224.9619140625,1453.0,1457.0,1428.0,1440.0,3069000
2014-12-19,1235.078857421875,1465.0,1480.0,1455.0,1470.0,2505000
2014-12-22,1235.92138671875,1466.0,1474.0,1448.0,1474.0,1555000
2014-12-24,1250.253662109375,1483.0,1491.0,1470.0,1479.0,1900000
2014-12-25,1246.0384521484375,1478.0,1489.0,1475.0,1489.0,1093000
2014-12-26,1251.93994140625,1485.0,1486.0,1472.0,1478.0,1368000
2014-12-29,1272.1729736328125,1509.0,1515.0,1485.0,1495.0,2146000
2014-12-30,1254.468994140625,1488.0,1514.0,1483.0,1514.0,1376000
2015-01-05,1264.5855712890625,1500.0,1505.0,1476.0,1488.0,1875000
2015-01-06,1244.3525390625,1476.0,1509.0,1472.0,1488.0,2599000
2015-01-07,1132.225830078125,1343.0,1390.0,1327.0,1386.0,12148000
2015-01-08,1140.656494140625,1353.0,1353.0,1285.0,1330.0,6646000
2015-01-09,1111.1494140625,1318.0,1353.0,1306.0,1351.0,5620000
2015-01-13,1086.700439453125,1289.0,1307.0,1268.0,1305.0,6532000
2015-01-14,1065.624267578125,1264.0,1278.0,1247.0,1273.0,6188000
2015-01-15,1110.30615234375,1317.0,1324.0,1267.0,1269.0,6165000
2015-01-16,1147.4007568359375,1361.0,1363.0,1303.0,1307.0,8522000
2015-01-19,1143.185546875,1356.0,1378.0,1336.0,1371.0,4175000
2015-01-20,1150.77294921875,1365.0,1367.0,1345.0,1350.0,3302000
2015-01-21,1167.6341552734375,1385.0,1389.0,1357.0,1360.0,3079000
2015-01-22,1161.7325439453125,1378.0,1407.0,1361.0,1390.0,3926000
2015-01-23,1161.7325439453125,1378.0,1398.0,1368.0,1393.0,2998000
2015-01-26,1117.05078125,1325.0,1373.0,1315.0,1360.0,7595000
2015-01-27,1101.032470703125,1306.0,1329.0,1298.0,1328.0,5787000
2015-01-28,1097.6602783203125,1302.0,1315.0,1295.0,1300.0,4885000
2015-01-29,1100.189453125,1305.0,1324.0,1302.0,1303.0,2814000
2015-01-30,1101.87548828125,1307.0,1315.0,1296.0,1305.0,2455000
2015-02-02,1085.8575439453125,1288.0,1310.0,1285.0,1300.0,1970000
2015-02-03,1084.1715087890625,1286.0,1307.0,1284.0,1304.0,2840000
2015-02-04,1102.71875,1308.0,1350.0,1306.0,1337.0,4068000
2015-02-05,1103.5615234375,1309.0,1320.0,1296.0,1307.0,3037000
2015-02-06,1087.5435791015625,1290.0,1318.0,1287.0,1318.0,1716000
2015-02-09,1095.97412109375,1300.0,1304.0,1288.0,1298.0,1422000
2015-02-10,1102.71875,1308.0,1311.0,1297.0,1310.0,2040000
2015-02-12,1131.3826904296875,1342.0,1350.0,1308.0,1321.0,5540000
2015-02-13,1184.495361328125,1405.0,1419.0,1355.0,1356.0,7264000
2015-02-16,1191.2396240234375,1413.0,1417.0,1397.0,1403.0,1945000
2015-02-17,1227.4913330078125,1456.0,1464.0,1416.0,1420.0,3826000
2015-02-18,1235.92138671875,1466.0,1477.0,1455.0,1461.0,4420000
2015-02-19,1233.3927001953125,1463.0,1473.0,1433.0,1442.0,3482000
2015-02-20,1231.70654296875,1461.0,1482.0,1443.0,1467.0,2995000
2015-02-23,1239.2940673828125,1470.0,1476.0,1455.0,1462.0,2488000
2015-02-24,1256.1549072265625,1490.0,1494.0,1470.0,1474.0,2792000
2015-02-25,1297.3336181640625,1528.0,1533.0,1494.0,1502.0,5077000
2015-02-26,1295.635498046875,1526.0,1534.0,1518.0,1528.0,2256000
2015-02-27,1323.653564453125,1559.0,1564.0,1514.0,1518.0,2689000
2015-03-02,1358.4644775390625,1600.0,1628.0,1599.0,1600.0,3805000
2015-03-03,1361.011474609375,1603.0,1613.0,1573.0,1598.0,2600000
2015-03-04,1372.8980712890625,1617.0,1634.0,1599.0,1610.0,2115000
2015-03-05,1366.10595703125,1609.0,1618.0,1591.0,1607.0,1405000
2015-03-06,1406.0106201171875,1656.0,1656.0,1608.0,1608.0,2115000
2015-03-09,1438.2744140625,1694.0,1713.0,1647.0,1655.0,2677000
2015-03-10,1422.1427001953125,1675.0,1728.0,1657.0,1710.0,2751000
2015-03-11,1430.632568359375,1685.0,1698.0,1654.0,1654.0,1824000
2015-03-12,1434.02880859375,1689.0,1695.0,1673.0,1690.0,1922000
2015-03-13,1445.066650390625,1702.0,1722.0,1693.0,1705.0,3251000
2015-03-16,1449.3118896484375,1707.0,1717.0,1671.0,1684.0,2772000
2015-03-17,1470.53759765625,1732.0,1736.0,1700.0,1716.0,2483000
2015-03-18,1474.7828369140625,1737.0,1741.0,1715.0,1738.0,1759000
2015-03-19,1491.763671875,1757.0,1762.0,1722.0,1726.0,2425000
2015-03-20,1523.17822265625,1794.0,1802.0,1764.0,1765.0,2385000
2015-03-23,1526.5743408203125,1798.0,1826.0,1786.0,1810.0,2745000
2015-03-24,1512.140625,1781.0,1798.0,1770.0,1791.0,2227000
2015-03-25,1490.0654296875,1755.0,1780.0,1733.0,1773.0,2404000
2015-03-26,1510.4425048828125,1779.0,1781.0,1742.0,1747.0,3007000
2015-03-27,1484.9716796875,1749.0,1784.0,1744.0,1780.0,2142000
2015-03-30,1485.8206787109375,1750.0,1759.0,1728.0,1729.0,2534000
2015-03-31,1482.424560546875,1746.0,1773.0,1736.0,1764.0,2144000
2015-04-01,1431.48193359375,1686.0,1725.0,1665.0,1723.0,3957000
2015-04-02,1435.7274169921875,1691.0,1699.0,1662.0,1667.0,2927000
2015-04-03,1531.6685791015625,1804.0,1810.0,1717.0,1720.0,4754000
2015-04-06,1546.1024169921875,1821.0,1835.0,1788.0,1791.0,1749000
2015-04-07,1505.3486328125,1773.0,1839.0,1770.0,1823.0,3943000
2015-04-08,1516.3858642578125,1786.0,1790.0,1761.0,1780.0,3161000
2015-04-09,1507.8953857421875,1776.0,1793.0,1760.0,1764.0,2953000
2015-04-10,1684.49560546875,1984.0,2170.0,1901.0,1950.0,12695000
2015-04-13,1659.8739013671875,1955.0,1975.0,1921.0,1950.0,3947000
2015-04-14,1695.533447265625,1997.0,2035.0,1955.0,1988.0,4555000
2015-04-15,1661.57177734375,1957.0,2014.0,1952.0,1995.0,2661000
2015-04-16,1603.8367919921875,1889.0,1950.0,1854.0,1942.0,4655000
2015-04-17,1546.951171875,1822.0,1878.0,1815.0,1870.0,4018000
2015-04-20,1574.9700927734375,1855.0,1864.0,1768.0,1783.0,4154000
2015-04-21,1608.931396484375,1895.0,1899.0,1847.0,1881.0,2551000
2015-04-22,1624.214111328125,1913.0,1951.0,1912.0,1924.0,3392000
2015-04-23,1600.441162109375,1885.0,1939.0,1884.0,1923.0,2446000
2015-04-24,1587.705322265625,1870.0,1886.0,1836.0,1880.0,1890000
2015-04-27,1632.704345703125,1923.0,1928.0,1870.0,1880.0,2546000
2015-04-28,1662.4208984375,1958.0,1979.0,1939.0,1954.0,3325000
2015-04-30,1620.81787109375,1909.0,1932.0,1876.0,1921.0,2365000
2015-05-01,1613.1763916015625,1900.0,1911.0,1877.0,1887.0,1985000
2015-05-07,1580.0638427734375,1861.0,1900.0,1843.0,1881.0,2794000
2015-05-08,1570.7244873046875,1850.0,1897.0,1844.0,1864.0,2149000
2015-05-11,1595.3468017578125,1879.0,1884.0,1861.0,1874.0,1352000
2015-05-12,1569.8753662109375,1849.0,1882.0,1843.0,1872.0,1699000
2015-05-13,1643.7418212890625,1936.0,1940.0,1843.0,1843.0,4008000
2015-05-14,1678.5528564453125,1977.0,2008.0,1937.0,1945.0,3545000
2015-05-15,1723.5518798828125,2030.0,2036.0,1982.0,1982.0,3391000
2015-05-18,1715.0614013671875,2020.0,2043.0,2008.0,2030.0,2052000
2015-05-19,1713.36328125,2018.0,2033.0,2001.0,2012.0,2032000
2015-05-20,1763.45654296875,2077.0,2083.0,2031.0,2033.0,1904000
2015-05-21,1732.89111328125,2041.0,2076.0,2036.0,2058.0,1882000
2015-05-22,1767.7017822265625,2082.0,2088.0,2044.0,2075.0,2107000
2015-05-25,1748.174072265625,2059.0,2095.0,2053.0,2091.0,1847000
2015-05-26,1726.94775390625,2034.0,2055.0,2032.0,2053.0,1338000
2015-05-27,1723.5518798828125,2030.0,2044.0,2017.0,2027.0,1872000
2015-05-28,1726.09912109375,2033.0,2040.0,1992.0,2027.0,2727000
2015-05-29,1788.927978515625,2107.0,2128.0,2033.0,2036.0,3770000
2015-06-01,1771.0982666015625,2086.0,2098.0,2067.0,2080.0,1960000
2015-06-02,1778.7396240234375,2095.0,2106.0,2067.0,2097.0,1593000
2015-06-03,1737.1363525390625,2046.0,2108.0,2037.0,2098.0,2887000
2015-06-04,1751.570068359375,2063.0,2078.0,2045.0,2068.0,1154000
2015-06-05,1777.0413818359375,2093.0,2099.0,2050.0,2060.0,3117000
2015-06-08,1772.7960205078125,2088.0,2102.0,2072.0,2100.0,1357000
2015-06-09,1743.0794677734375,2053.0,2090.0,2053.0,2072.0,1770000
2015-06-10,1746.4757080078125,2057.0,2065.0,2043.0,2063.0,2668000
2015-06-11,1787.2293701171875,2105.0,2124.0,2077.0,2085.0,2830000
2015-06-12,1781.28662109375,2098.0,2101.0,2076.0,2100.0,2456000
2015-06-15,1805.0595703125,2126.0,2133.0,2085.0,2092.0,1399000
2015-06-16,1773.645263671875,2089.0,2121.0,2089.0,2118.0,1318000
2015-06-17,1893.359619140625,2230.0,2234.0,2120.0,2120.0,5435000
2015-06-18,1913.7364501953125,2254.0,2267.0,2190.0,2210.0,3229000
2015-06-19,1919.6796875,2261.0,2285.0,2251.0,2264.0,2525000
2015-06-22,1939.2081298828125,2284.0,2285.0,2258.0,2261.0,1955000
2015-06-23,1957.0379638671875,2305.0,2370.0,2289.0,2300.0,3636000
2015-06-24,1990.99951171875,2345.0,2363.0,2301.0,2305.0,2507000
2015-06-25,2017.319580078125,2376.0,2402.0,2329.0,2330.0,3039000
2015-06-26,2058.922607421875,2425.0,2507.0,2385.0,2385.0,6213000
2015-06-29,1986.7537841796875,2340.0,2397.0,2305.0,2310.0,2765000
2015-06-30,2015.621337890625,2374.0,2395.0,2342.0,2350.0,2474000
2015-07-01,2069.111328125,2437.0,2442.0,2390.0,2400.0,2002000
2015-07-02,2047.8851318359373,2412.0,2488.0,2408.0,2479.0,3094000
2015-07-03,2041.94189453125,2405.0,2428.0,2321.0,2428.0,3408000
2015-07-06,1999.4896240234373,2355.0,2407.0,2342.0,2348.0,2347000
2015-07-07,2016.4705810546875,2375.0,2435.0,2367.0,2388.0,2786000
2015-07-08,1946.0003662109373,2292.0,2365.0,2277.0,2360.0,4184000
2015-07-09,2125.147705078125,2503.0,2540.0,2391.0,2405.0,11572000
2015-07-10,2142.97705078125,2524.0,2675.0,2477.0,2565.0,8026000
2015-07-13,2268.635498046875,2672.0,2673.0,2561.0,2574.0,5097000
2015-07-14,2238.0703125,2636.0,2757.0,2612.0,2756.0,6176000
2015-07-15,2229.579345703125,2626.0,2655.0,2588.0,2650.0,3277000
2015-07-16,2280.5224609375,2686.0,2705.0,2601.0,2620.0,3654000
2015-07-17,2310.238037109375,2721.0,2748.0,2700.0,2710.0,3104000
2015-07-21,2407.029541015625,2835.0,2847.0,2768.0,2775.0,3790000
2015-07-22,2381.557861328125,2805.0,2848.0,2790.0,2821.0,3494000
2015-07-23,2446.934326171875,2882.0,2904.0,2810.0,2815.0,3341000
2015-07-24,2393.444580078125,2819.0,2873.0,2802.0,2873.0,4249000
2015-07-27,2293.257568359375,2701.0,2786.0,2660.0,2700.0,6882000
2015-07-28,2313.635009765625,2725.0,2732.0,2592.0,2592.0,5183000
2015-07-29,2304.295166015625,2714.0,2726.0,2656.0,2725.0,3482000
2015-07-30,2263.54150390625,2666.0,2756.0,2665.0,2745.0,3845000
2015-07-31,2247.409912109375,2647.0,2675.0,2608.0,2670.0,3158000
2015-08-03,2251.65478515625,2652.0,2694.0,2628.0,2650.0,3680000
2015-08-04,2328.9169921875,2743.0,2796.0,2642.0,2650.0,5706000
2015-08-05,2220.239990234375,2615.0,2755.0,2608.0,2738.0,5798000
2015-08-06,2223.636474609375,2619.0,2644.0,2580.0,2644.0,2912000
2015-08-07,2171.844970703125,2558.0,2607.0,2506.0,2601.0,4767000
2015-08-10,2249.95703125,2650.0,2664.0,2533.0,2570.0,2845000
2015-08-11,2199.864013671875,2591.0,2648.0,2573.0,2625.0,3542000
2015-08-12,2165.901611328125,2551.0,2616.0,2516.0,2562.0,4340000
2015-08-13,2233.824462890625,2631.0,2663.0,2544.0,2551.0,4867000
2015-08-14,2256.748779296875,2658.0,2677.0,2570.0,2620.0,4916000
2015-08-17,2297.50341796875,2706.0,2720.0,2658.0,2658.0,2413000
2015-08-18,2332.313720703125,2747.0,2760.0,2687.0,2728.0,4096000
2015-08-19,2215.14599609375,2609.0,2741.0,2592.0,2712.0,5273000
2015-08-20,2236.3720703125,2634.0,2646.0,2556.0,2590.0,4527000
2015-08-21,2165.901611328125,2551.0,2565.0,2506.0,2544.0,4349000
2015-08-24,2034.300048828125,2396.0,2551.0,2386.0,2426.0,5202000
2015-08-25,2050.43212890625,2415.0,2530.0,2214.0,2277.0,8326000
2015-08-26,2124.298828125,2502.0,2512.0,2420.0,2463.0,5036000
2015-08-27,2162.67431640625,2536.0,2597.0,2508.0,2548.0,3594000
2015-08-28,2279.50634765625,2673.0,2696.0,2593.0,2609.0,5462000
2015-08-31,2299.12109375,2696.0,2720.0,2640.0,2689.0,18275000
2015-09-01,2220.6640625,2604.0,2744.0,2604.0,2698.0,5322000
2015-09-02,2237.719970703125,2624.0,2700.0,2552.0,2572.0,5562000
2015-09-03,2212.1357421875,2594.0,2727.0,2591.0,2700.0,5055000
2015-09-04,2117.4765625,2483.0,2608.0,2466.0,2593.0,5740000
2015-09-07,2052.66455078125,2407.0,2466.0,2371.0,2454.0,5008000
2015-09-08,1892.340087890625,2219.0,2421.0,2195.0,2414.0,7008000
2015-09-09,2023.6695556640625,2373.0,2405.0,2283.0,2369.0,6269000
2015-09-10,1975.060302734375,2316.0,2360.0,2260.0,2327.0,4128000
2015-09-11,2012.5833740234373,2360.0,2385.0,2281.0,2282.0,3102000
2015-09-14,2030.4920654296875,2381.0,2448.0,2360.0,2360.0,3213000
2015-09-15,2050.959228515625,2405.0,2450.0,2380.0,2395.0,2668000
2015-09-16,1981.030029296875,2323.0,2429.0,2287.0,2405.0,3319000
2015-09-17,2011.7310791015625,2359.0,2370.0,2282.0,2360.0,2674000
2015-09-18,1968.23828125,2308.0,2364.0,2303.0,2350.0,2348000
2015-09-24,2002.3497314453125,2348.0,2403.0,2287.0,2300.0,3053000
2015-09-25,2010.877685546875,2358.0,2380.0,2295.0,2365.0,2221000
2015-09-28,2068.86767578125,2426.0,2450.0,2351.0,2384.0,2307000
2015-09-29,1981.88330078125,2324.0,2417.0,2305.0,2390.0,2823000
2015-09-30,2073.984619140625,2432.0,2454.0,2388.0,2391.0,2871000
2015-10-01,2120.034912109375,2486.0,2516.0,2461.0,2474.0,2687000
2015-10-02,2121.740478515625,2488.0,2555.0,2474.0,2486.0,2549000
2015-10-05,2184.8466796875,2562.0,2571.0,2522.0,2543.0,2465000
2015-10-06,2217.253173828125,2600.0,2674.0,2567.0,2658.0,4453000
2015-10-07,2063.75048828125,2420.0,2506.0,2378.0,2469.0,9776000
2015-10-08,2004.0557861328125,2350.0,2422.0,2330.0,2420.0,4888000
2015-10-09,2026.227783203125,2376.0,2388.0,2273.0,2355.0,4982000
2015-10-13,2049.25341796875,2403.0,2439.0,2359.0,2390.0,3091000
2015-10-14,2045.8424072265625,2399.0,2436.0,2352.0,2367.0,2739000
2015-10-15,2089.33447265625,2450.0,2458.0,2405.0,2409.0,2499000
2015-10-16,2046.6953125,2400.0,2485.0,2387.0,2469.0,2501000
2015-10-19,2050.10595703125,2404.0,2430.0,2382.0,2400.0,2295000
2015-10-20,2027.93359375,2378.0,2416.0,2364.0,2408.0,2152000
2015-10-21,2001.497314453125,2347.0,2374.0,2308.0,2360.0,2783000
2015-10-22,1984.4412841796875,2327.0,2344.0,2309.0,2321.0,1847000
2015-10-23,1986.1470947265625,2329.0,2368.0,2319.0,2362.0,2207000
2015-10-26,1984.4412841796875,2327.0,2347.0,2307.0,2345.0,2734000
2015-10-27,2059.48681640625,2415.0,2422.0,2316.0,2336.0,3830000
2015-10-28,2063.75048828125,2420.0,2434.0,2362.0,2406.0,2428000
2015-10-29,2030.4920654296875,2381.0,2433.0,2365.0,2433.0,3717000
2015-10-30,2083.36474609375,2443.0,2444.0,2377.0,2391.0,2647000
2015-11-02,2079.101318359375,2438.0,2472.0,2413.0,2417.0,2099000
2015-11-04,2137.943603515625,2507.0,2528.0,2476.0,2479.0,3095000
2015-11-05,2140.50146484375,2510.0,2524.0,2485.0,2507.0,1784000
2015-11-06,2176.31884765625,2552.0,2561.0,2509.0,2526.0,1797000
2015-11-09,2163.527587890625,2537.0,2584.0,2526.0,2579.0,1739000
2015-11-10,2188.25830078125,2566.0,2569.0,2520.0,2527.0,1888000
2015-11-11,2204.460693359375,2585.0,2595.0,2548.0,2558.0,1581000
2015-11-12,2217.253173828125,2600.0,2606.0,2573.0,2580.0,1544000
2015-11-13,2236.013916015625,2622.0,2632.0,2579.0,2592.0,1635000
2015-11-16,2221.51611328125,2605.0,2624.0,2572.0,2572.0,1722000
2015-11-17,2205.3134765625,2586.0,2620.0,2585.0,2602.0,2238000
2015-11-18,2201.903076171875,2582.0,2619.0,2578.0,2592.0,2315000
2015-11-19,2229.191650390625,2614.0,2627.0,2598.0,2620.0,1266000
2015-11-20,2275.242431640625,2668.0,2668.0,2602.0,2606.0,2055000
2015-11-24,2276.9482421875,2670.0,2690.0,2660.0,2675.0,1467000
2015-11-25,2262.45068359375,2653.0,2666.0,2626.0,2666.0,1605000
2015-11-26,2319.587646484375,2720.0,2725.0,2661.0,2665.0,2866000
2015-11-27,2289.739990234375,2685.0,2729.0,2676.0,2729.0,1533000
2015-11-30,2265.00927734375,2656.0,2698.0,2651.0,2685.0,1266000
2015-12-01,2276.9482421875,2670.0,2671.0,2651.0,2651.0,1620000
2015-12-02,2267.567138671875,2659.0,2675.0,2637.0,2651.0,1145000
2015-12-03,2211.283447265625,2593.0,2655.0,2591.0,2648.0,2421000
2015-12-04,2186.552490234375,2564.0,2603.0,2526.0,2550.0,2116000
2015-12-07,2263.303466796875,2654.0,2665.0,2610.0,2616.0,2189000
2015-12-08,2248.80615234375,2637.0,2687.0,2632.0,2655.0,1418000
2015-12-09,2217.253173828125,2600.0,2668.0,2586.0,2637.0,1348000
2015-12-10,2154.146240234375,2526.0,2560.0,2515.0,2552.0,1781000
2015-12-11,2135.3857421875,2504.0,2559.0,2491.0,2515.0,2011000
2015-12-14,2118.329345703125,2484.0,2489.0,2432.0,2456.0,1833000
2015-12-15,2091.03955078125,2452.0,2539.0,2448.0,2496.0,1583000
2015-12-16,2120.034912109375,2486.0,2498.0,2422.0,2490.0,1775000
2015-12-17,2163.527587890625,2537.0,2554.0,2505.0,2514.0,1637000
2015-12-18,2155.852294921875,2528.0,2592.0,2528.0,2542.0,2457000
2015-12-21,2123.44580078125,2490.0,2547.0,2458.0,2505.0,1980000
2015-12-22,2122.5927734375,2489.0,2503.0,2465.0,2497.0,1324000
2015-12-24,2074.8369140625,2433.0,2514.0,2429.0,2500.0,1792000
2015-12-25,2074.8369140625,2433.0,2433.0,2433.0,2433.0,0
2015-12-28,2069.720947265625,2427.0,2500.0,2383.0,2497.0,1836000
2015-12-29,2080.806396484375,2440.0,2463.0,2398.0,2427.0,1926000
2015-12-30,2101.2734375,2464.0,2489.0,2429.0,2457.0,1814000
2016-01-04,2029.6392822265625,2380.0,2466.0,2371.0,2450.0,2445000
2016-01-05,1985.2939453125,2328.0,2370.0,2290.0,2350.0,3467000
2016-01-06,1989.558349609375,2333.0,2380.0,2296.0,2350.0,2337000
2016-01-07,1944.360107421875,2280.0,2395.0,2272.0,2310.0,4498000
2016-01-08,2097.009765625,2459.0,2494.0,2345.0,2380.0,7212000
2016-01-12,2030.4920654296875,2381.0,2495.0,2366.0,2473.0,4025000
2016-01-13,2076.542236328125,2435.0,2446.0,2390.0,2405.0,2093000
2016-01-14,2036.4615478515625,2388.0,2448.0,2344.0,2429.0,2136000
2016-01-15,2049.25341796875,2403.0,2464.0,2380.0,2419.0,2166000
2016-01-18,2024.522216796875,2374.0,2384.0,2328.0,2345.0,1130000
2016-01-19,1992.9693603515625,2337.0,2372.0,2318.0,2356.0,1653000
2016-01-20,1920.482177734375,2252.0,2360.0,2248.0,2349.0,2075000
2016-01-21,1842.0257568359373,2160.0,2264.0,2159.0,2238.0,2984000
2016-01-22,1940.9488525390625,2276.0,2280.0,2187.0,2242.0,2503000
2016-01-25,2015.9942626953125,2364.0,2370.0,2315.0,2359.0,2477000
2016-01-26,1962.26904296875,2301.0,2351.0,2300.0,2345.0,1507000
2016-01-27,1987.0,2330.0,2371.0,2316.0,2340.0,1805000
2016-01-28,2062.045166015625,2418.0,2454.0,2310.0,2315.0,3268000
2016-01-29,2159.262939453125,2532.0,2537.0,2426.0,2426.0,4031000
2016-02-01,2224.927978515625,2609.0,2615.0,2560.0,2577.0,2625000
2016-02-02,2252.21728515625,2641.0,2669.0,2587.0,2601.0,2263000
2016-02-03,2282.064697265625,2676.0,2678.0,2612.0,2620.0,5626000
2016-02-04,2198.4912109375,2578.0,2659.0,2561.0,2655.0,3635000
2016-02-05,2122.5927734375,2489.0,2550.0,2460.0,2534.0,2271000
2016-02-08,2156.704833984375,2529.0,2547.0,2446.0,2459.0,1868000
2016-02-09,2041.578125,2394.0,2445.0,2378.0,2440.0,2402000
2016-02-10,1902.5733642578125,2231.0,2400.0,2193.0,2400.0,4673000
2016-02-12,1795.12158203125,2105.0,2164.0,2082.0,2131.0,5444000
2016-02-15,1945.2130126953125,2281.0,2299.0,2179.0,2271.0,3871000
2016-02-16,1934.9798583984373,2269.0,2312.0,2221.0,2250.0,2874000
2016-02-17,1937.537353515625,2272.0,2303.0,2239.0,2275.0,2142000
2016-02-18,1974.20751953125,2315.0,2353.0,2307.0,2318.0,1969000
2016-02-19,1981.030029296875,2323.0,2333.0,2260.0,2300.0,1832000
2016-02-22,2033.903076171875,2385.0,2394.0,2313.0,2321.0,1835000
2016-02-23,2003.2030029296875,2349.0,2410.0,2330.0,2400.0,1515000
2016-02-24,2010.877685546875,2358.0,2386.0,2310.0,2325.0,1624000
2016-02-25,2039.69775390625,2378.0,2391.0,2340.0,2340.0,1329000
2016-02-26,2066.287841796875,2409.0,2452.0,2392.0,2399.0,1972000
2016-02-29,1971.9364013671875,2299.0,2420.0,2299.0,2409.0,3704000
2016-03-01,1971.0789794921875,2298.0,2305.0,2223.0,2276.0,3274000
2016-03-02,2038.8399658203125,2377.0,2377.0,2318.0,2352.0,2836000
2016-03-03,2012.250244140625,2346.0,2394.0,2326.0,2368.0,2056000
2016-03-04,1997.668701171875,2329.0,2349.0,2289.0,2346.0,2255000
2016-03-07,1946.2047119140625,2269.0,2343.0,2260.0,2340.0,1984000
2016-03-08,1950.4930419921875,2274.0,2293.0,2223.0,2242.0,2969000
2016-03-09,1899.0289306640625,2214.0,2274.0,2197.0,2273.0,3477000
2016-03-10,1955.639404296875,2280.0,2286.0,2191.0,2221.0,2803000
2016-03-11,1960.7862548828125,2286.0,2299.0,2220.0,2230.0,2139000
2016-03-14,1990.8070068359373,2321.0,2355.0,2297.0,2315.0,1831000
2016-03-15,2000.24169921875,2332.0,2347.0,2291.0,2300.0,1442000
2016-03-16,1996.810791015625,2328.0,2351.0,2306.0,2315.0,1251000
2016-03-17,1993.3802490234373,2324.0,2361.0,2310.0,2328.0,2155000
2016-03-18,1915.32568359375,2233.0,2320.0,2229.0,2312.0,3242000
2016-03-22,1924.7608642578125,2244.0,2261.0,2223.0,2250.0,1906000
2016-03-23,1958.2125244140625,2283.0,2299.0,2232.0,2244.0,2212000
2016-03-24,2043.986083984375,2383.0,2394.0,2296.0,2298.0,3793000
2016-03-25,2052.5634765625,2393.0,2446.0,2380.0,2400.0,2261000
2016-03-28,2085.157470703125,2431.0,2431.0,2390.0,2390.0,1425000
2016-03-29,2117.75146484375,2469.0,2474.0,2420.0,2443.0,2204000
2016-03-30,2113.463134765625,2464.0,2522.0,2448.0,2458.0,2250000
2016-03-31,2041.4132080078125,2380.0,2474.0,2380.0,2464.0,2424000
2016-04-01,2004.5306396484373,2337.0,2378.0,2331.0,2378.0,2587000
2016-04-04,2007.1036376953125,2340.0,2379.0,2332.0,2350.0,1595000
2016-04-05,1977.93994140625,2306.0,2402.0,2291.0,2350.0,2694000
2016-04-06,2011.3924560546875,2345.0,2345.0,2240.0,2276.0,2209000
2016-04-07,2012.250244140625,2346.0,2351.0,2306.0,2335.0,1714000
2016-04-08,1994.2379150390625,2325.0,2354.0,2291.0,2309.0,2630000
2016-04-11,2007.9617919921875,2341.0,2395.0,2309.0,2374.0,1997000
2016-04-12,1994.2379150390625,2325.0,2370.0,2297.0,2344.0,2289000
2016-04-13,2117.75146484375,2469.0,2474.0,2276.0,2349.0,5839000
2016-04-14,2175.219970703125,2536.0,2536.0,2496.0,2519.0,2876000
2016-04-15,2181.224365234375,2543.0,2578.0,2486.0,2509.0,2311000
2016-04-18,2152.061279296875,2509.0,2539.0,2475.0,2485.0,2530000
2016-04-19,2181.224365234375,2543.0,2561.0,2525.0,2540.0,1516000
2016-04-20,2209.529296875,2576.0,2588.0,2553.0,2568.0,1713000
2016-04-21,2214.67626953125,2582.0,2617.0,2576.0,2600.0,1952000
2016-04-22,2182.93994140625,2545.0,2585.0,2516.0,2568.0,1662000
2016-04-25,2147.773193359375,2504.0,2549.0,2486.0,2544.0,1845000
2016-04-26,2164.927001953125,2524.0,2533.0,2486.0,2490.0,1238000
2016-04-27,2135.763916015625,2490.0,2560.0,2486.0,2522.0,1410000
2016-04-28,2116.0361328125,2467.0,2523.0,2456.0,2512.0,1465000
2016-05-02,2031.9781494140625,2369.0,2423.0,2357.0,2387.0,2142000
2016-05-06,2101.454833984375,2450.0,2500.0,2396.0,2396.0,2783000
2016-05-09,2160.638427734375,2519.0,2527.0,2454.0,2466.0,1764000
2016-05-10,2219.82275390625,2588.0,2588.0,2541.0,2542.0,2993000
2016-05-11,2174.362060546875,2535.0,2595.0,2514.0,2595.0,1723000
2016-05-12,2146.914794921875,2503.0,2519.0,2475.0,2498.0,1430000
2016-05-13,2159.781005859375,2518.0,2532.0,2493.0,2520.0,844000
2016-05-16,2133.19091796875,2487.0,2544.0,2482.0,2511.0,924000
2016-05-17,2164.069580078125,2523.0,2536.0,2499.0,2500.0,920000
2016-05-18,2143.4833984375,2499.0,2525.0,2477.0,2518.0,1435000
2016-05-19,2148.630859375,2505.0,2521.0,2495.0,2501.0,778000
2016-05-20,2170.073486328125,2530.0,2550.0,2499.0,2508.0,1465000
2016-05-23,2134.90625,2489.0,2520.0,2481.0,2520.0,1151000
2016-05-24,2098.88134765625,2447.0,2495.0,2439.0,2486.0,1308000
2016-05-25,2140.910888671875,2496.0,2539.0,2490.0,2490.0,1548000
2016-05-26,2132.333251953125,2486.0,2524.0,2478.0,2520.0,853000
2016-05-27,2131.475341796875,2485.0,2498.0,2471.0,2476.0,618000
2016-05-30,2161.49609375,2520.0,2530.0,2491.0,2497.0,963000
2016-05-31,2189.801513671875,2553.0,2553.0,2516.0,2520.0,1293000
2016-06-01,2160.638427734375,2519.0,2546.0,2512.0,2525.0,1196000
2016-06-02,2147.773193359375,2504.0,2524.0,2501.0,2518.0,1003000
2016-06-03,2214.67626953125,2582.0,2599.0,2505.0,2519.0,2236000
2016-06-06,2242.123046875,2614.0,2615.0,2561.0,2573.0,1626000
2016-06-07,2248.985107421875,2622.0,2641.0,2608.0,2623.0,1657000
2016-06-08,2255.84716796875,2630.0,2643.0,2593.0,2630.0,1263000
2016-06-09,2255.84716796875,2630.0,2659.0,2626.0,2640.0,1714000
2016-06-10,2244.697021484375,2617.0,2621.0,2596.0,2621.0,1476000
2016-06-13,2210.3876953125,2577.0,2634.0,2575.0,2615.0,1186000
2016-06-14,2179.5087890625,2541.0,2579.0,2520.0,2559.0,1495000
2016-06-15,2209.529296875,2576.0,2590.0,2545.0,2545.0,1215000
2016-06-16,2172.64697265625,2533.0,2607.0,2526.0,2578.0,1495000
2016-06-17,2152.918701171875,2510.0,2564.0,2506.0,2555.0,2082000
2016-06-20,2185.51318359375,2548.0,2558.0,2522.0,2522.0,860000
2016-06-21,2210.3876953125,2577.0,2582.0,2510.0,2531.0,942000
2016-06-22,2186.370361328125,2549.0,2577.0,2545.0,2575.0,1388000
2016-06-23,2204.383056640625,2570.0,2573.0,2545.0,2566.0,918000
2016-06-24,2097.165771484375,2445.0,2588.0,2415.0,2580.0,2207000
2016-06-27,2139.195556640625,2494.0,2535.0,2445.0,2445.0,2279000
2016-06-28,2175.219970703125,2536.0,2555.0,2474.0,2476.0,1871000
2016-06-29,2165.78466796875,2525.0,2568.0,2492.0,2565.0,2227000
2016-06-30,2134.048828125,2488.0,2519.0,2483.0,2513.0,2786000
2016-07-01,2188.94384765625,2552.0,2604.0,2507.0,2518.0,4840000
2016-07-04,2043.986083984375,2383.0,2464.0,2369.0,2400.0,9081000
2016-07-05,1976.225341796875,2304.0,2408.0,2281.0,2400.0,5992000
2016-07-06,1948.7772216796875,2272.0,2297.0,2161.0,2288.0,4899000
2016-07-07,1939.3421630859373,2261.0,2324.0,2248.0,2303.0,2374000
2016-07-08,1893.0247802734373,2207.0,2279.0,2189.0,2273.0,2774000
2016-07-11,1893.0247802734373,2207.0,2207.0,2207.0,2207.0,0
2016-07-12,2006.245849609375,2339.0,2362.0,2317.0,2342.0,3052000
2016-07-13,1987.3759765625,2317.0,2380.0,2306.0,2379.0,1858000
2016-07-14,1987.3759765625,2317.0,2333.0,2293.0,2311.0,1445000
2016-07-15,1946.2047119140625,2269.0,2329.0,2256.0,2324.0,2855000
2016-07-19,1990.8070068359373,2321.0,2324.0,2251.0,2269.0,1572000
2016-07-20,2025.9737548828125,2362.0,2365.0,2305.0,2325.0,1469000
2016-07-21,2008.819091796875,2342.0,2374.0,2332.0,2367.0,1886000
2016-07-22,1959.07080078125,2284.0,2339.0,2275.0,2312.0,1656000
2016-07-25,1941.915771484375,2264.0,2291.0,2231.0,2251.0,1386000
2016-07-26,1923.9034423828125,2243.0,2296.0,2221.0,2253.0,1478000
2016-07-27,1919.6143798828125,2238.0,2282.0,2236.0,2252.0,1732000
2016-07-28,1914.46826171875,2232.0,2244.0,2210.0,2219.0,1592000
2016-07-29,1966.79052734375,2293.0,2296.0,2222.0,2236.0,2921000
2016-08-01,1945.3468017578125,2268.0,2298.0,2237.0,2260.0,1344000
2016-08-02,1914.46826171875,2232.0,2272.0,2232.0,2261.0,1325000
2016-08-03,1775.514892578125,2070.0,2156.0,2030.0,2133.0,6106000
2016-08-04,1664.0091552734375,1940.0,2045.0,1922.0,2041.0,8218000
2016-08-05,1733.485595703125,2021.0,2055.0,1922.0,1927.0,5886000
2016-08-08,1713.7576904296875,1998.0,2032.0,1981.0,2021.0,2659000
2016-08-09,1734.34326171875,2022.0,2034.0,1971.0,1991.0,1911000
2016-08-10,1761.7908935546875,2054.0,2067.0,2016.0,2025.0,1706000
2016-08-12,1796.9583740234375,2095.0,2105.0,2061.0,2070.0,1926000
2016-08-15,1774.656982421875,2069.0,2092.0,2045.0,2074.0,1781000
2016-08-16,1744.63623046875,2034.0,2078.0,2022.0,2073.0,1762000
2016-08-17,1718.904296875,2004.0,2017.0,1983.0,2015.0,2313000
2016-08-18,1700.891845703125,1983.0,2025.0,1976.0,1998.0,2002000
2016-08-19,1670.8709716796875,1948.0,1976.0,1926.0,1975.0,2842000
2016-08-22,1688.025634765625,1968.0,1982.0,1938.0,1951.0,2227000
2016-08-23,1721.477294921875,2007.0,2019.0,1968.0,1970.0,1860000
2016-08-24,1712.0421142578125,1996.0,2015.0,1981.0,2010.0,1966000
2016-08-25,1676.017578125,1954.0,2001.0,1945.0,1999.0,2429000
2016-08-26,1622.837890625,1892.0,1936.0,1892.0,1926.0,3314000
2016-08-29,1635.5382080078125,1893.0,1918.0,1875.0,1916.0,1616000
2016-08-30,1624.306640625,1880.0,1885.0,1851.0,1875.0,1770000
2016-08-31,1612.2105712890625,1866.0,1866.0,1823.0,1856.0,2559000
2016-09-01,1637.2664794921875,1895.0,1896.0,1828.0,1830.0,2434000
2016-09-02,1655.4100341796875,1916.0,1928.0,1894.0,1894.0,2703000
2016-09-05,1649.3621826171875,1909.0,1956.0,1888.0,1956.0,3478000
2016-09-06,1685.6500244140625,1951.0,1958.0,1917.0,1920.0,2800000
2016-09-07,1674.4180908203125,1938.0,1966.0,1910.0,1931.0,3413000
2016-09-08,1677.8741455078125,1942.0,1943.0,1922.0,1930.0,1395000
2016-09-09,1676.1461181640625,1940.0,1963.0,1936.0,1950.0,1989000
2016-09-12,1665.7779541015625,1928.0,1935.0,1913.0,1923.0,1643000
2016-09-13,1689.9698486328125,1956.0,1964.0,1928.0,1928.0,1737000
2016-09-14,1648.498291015625,1908.0,1925.0,1893.0,1920.0,3130000
2016-09-15,1664.9139404296875,1927.0,1940.0,1886.0,1889.0,1984000
2016-09-16,1678.73828125,1943.0,1949.0,1900.0,1900.0,1808000
2016-09-20,1662.3221435546875,1924.0,1947.0,1919.0,1932.0,1668000
2016-09-21,1711.5697021484375,1981.0,1984.0,1924.0,1930.0,1814000
2016-09-23,1746.9932861328125,2022.0,2030.0,1979.0,1986.0,3286000
2016-09-26,1731.441650390625,2004.0,2022.0,2001.0,2008.0,1115000
2016-09-27,1754.769287109375,2031.0,2031.0,1976.0,1987.0,1608000
2016-09-28,1774.64111328125,2054.0,2076.0,2035.0,2035.0,2001000
2016-09-29,1773.777099609375,2053.0,2064.0,2040.0,2053.0,1502000
2016-09-30,1756.49755859375,2033.0,2044.0,2005.0,2030.0,1430000
2016-10-03,1844.624267578125,2135.0,2154.0,2073.0,2074.0,3875000
2016-10-04,1856.7205810546875,2149.0,2170.0,2134.0,2143.0,3583000
2016-10-05,1890.4166259765625,2188.0,2219.0,2164.0,2179.0,5342000
2016-10-06,1833.392822265625,2122.0,2247.0,2103.0,2237.0,7683000
2016-10-07,1849.80859375,2141.0,2153.0,2105.0,2110.0,2548000
2016-10-11,1891.2802734375,2189.0,2199.0,2169.0,2171.0,2450000
2016-10-12,1903.3760986328125,2203.0,2225.0,2156.0,2171.0,3128000
2016-10-13,1921.5198974609373,2224.0,2236.0,2197.0,2210.0,2186000
2016-10-14,1926.703857421875,2230.0,2241.0,2211.0,2218.0,3015000
2016-10-17,1931.024169921875,2235.0,2242.0,2211.0,2217.0,1968000
2016-10-18,1961.263671875,2270.0,2278.0,2234.0,2235.0,2725000
2016-10-19,1963.8560791015625,2273.0,2290.0,2255.0,2255.0,2142000
2016-10-20,1960.4000244140625,2269.0,2294.0,2254.0,2255.0,2764000
2016-10-21,1881.7760009765625,2178.0,2230.0,2169.0,2221.0,4289000
2016-10-24,1913.744140625,2215.0,2223.0,2191.0,2201.0,1904000
2016-10-25,1947.439697265625,2254.0,2263.0,2202.0,2217.0,1628000
2016-10-26,1973.35986328125,2284.0,2291.0,2244.0,2260.0,1606000
2016-10-27,1959.5357666015625,2268.0,2302.0,2263.0,2293.0,1978000
2016-10-28,1949.167724609375,2256.0,2291.0,2237.0,2281.0,4324000
2016-10-31,1938.7996826171875,2244.0,2281.0,2232.0,2244.0,2539000
2016-11-01,1948.3035888671875,2255.0,2267.0,2233.0,2240.0,1863000
2016-11-02,1924.11181640625,2227.0,2244.0,2218.0,2240.0,2284000
2016-11-04,1950.0316162109373,2257.0,2266.0,2224.0,2224.0,3329000
2016-11-07,1948.3035888671875,2255.0,2275.0,2248.0,2275.0,1872000
2016-11-08,1950.8955078125,2258.0,2275.0,2242.0,2264.0,1529000
2016-11-09,1893.0084228515625,2191.0,2269.0,2157.0,2259.0,2718000
2016-11-10,1962.9912109375,2272.0,2279.0,2221.0,2236.0,2573000
2016-11-11,1887.8243408203125,2185.0,2266.0,2169.0,2257.0,4997000
2016-11-14,1867.0885009765625,2161.0,2197.0,2149.0,2188.0,4281000
2016-11-15,1825.6168212890625,2113.0,2148.0,2095.0,2144.0,4281000
2016-11-16,1880.9124755859373,2177.0,2185.0,2111.0,2124.0,3304000
2016-11-17,1864.49658203125,2158.0,2198.0,2148.0,2189.0,2603000
2016-11-18,1884.3682861328125,2181.0,2182.0,2143.0,2158.0,1976000
2016-11-21,1836.8486328125,2126.0,2160.0,2108.0,2150.0,4303000
2016-11-22,1893.0084228515625,2191.0,2200.0,2119.0,2126.0,3493000
2016-11-24,1909.4237060546875,2210.0,2246.0,2197.0,2210.0,3741000
2016-11-25,1915.4722900390625,2217.0,2218.0,2192.0,2210.0,1617000
2016-11-28,1888.6881103515625,2186.0,2216.0,2177.0,2205.0,1964000
2016-11-29,1935.34423828125,2240.0,2260.0,2199.0,2208.0,2722000
2016-11-30,1937.93603515625,2243.0,2251.0,2215.0,2237.0,2031000
2016-12-01,1927.56787109375,2231.0,2255.0,2222.0,2255.0,2120000
2016-12-02,1897.328125,2196.0,2221.0,2187.0,2219.0,1264000
2016-12-05,1892.144287109375,2190.0,2216.0,2166.0,2184.0,2214000
2016-12-06,1905.9678955078125,2206.0,2228.0,2195.0,2218.0,2476000
2016-12-07,1891.2802734375,2189.0,2207.0,2176.0,2207.0,1570000
2016-12-08,1932.7520751953125,2237.0,2242.0,2193.0,2212.0,2374000
2016-12-09,1940.5281982421875,2246.0,2266.0,2228.0,2230.0,2686000
2016-12-12,1945.7119140625,2252.0,2258.0,2216.0,2237.0,2184000
2016-12-13,1935.34423828125,2240.0,2255.0,2217.0,2255.0,1987000
2016-12-14,1937.93603515625,2243.0,2278.0,2242.0,2252.0,1592000
2016-12-15,1934.4798583984373,2239.0,2276.0,2235.0,2257.0,1850000
2016-12-16,1892.144287109375,2190.0,2227.0,2176.0,2225.0,3360000
2016-12-19,1945.7119140625,2252.0,2253.0,2186.0,2187.0,1869000
2016-12-20,1978.5435791015625,2290.0,2292.0,2252.0,2253.0,1981000
2016-12-21,1983.727783203125,2296.0,2333.0,2290.0,2296.0,2011000
2016-12-22,1976.815185546875,2288.0,2319.0,2274.0,2304.0,1023000
2016-12-26,1986.3193359375,2299.0,2305.0,2279.0,2280.0,746000
2016-12-27,1994.0953369140625,2308.0,2322.0,2287.0,2298.0,1065000
2016-12-28,2003.5989990234373,2319.0,2328.0,2302.0,2313.0,1144000
2016-12-29,1994.0953369140625,2308.0,2325.0,2295.0,2302.0,1318000
2016-12-30,1979.4075927734373,2291.0,2305.0,2271.0,2300.0,1060000
2017-01-04,1996.6875,2311.0,2326.0,2279.0,2286.0,1545000
2017-01-05,1978.5435791015625,2290.0,2325.0,2275.0,2323.0,1779000
2017-01-06,1948.3035888671875,2255.0,2269.0,2201.0,2201.0,5157000
2017-01-10,1891.2802734375,2189.0,2225.0,2156.0,2225.0,4523000
2017-01-11,1900.7841796875,2200.0,2212.0,2183.0,2183.0,1822000
2017-01-12,1873.1363525390625,2168.0,2187.0,2164.0,2186.0,1700000
2017-01-13,1900.7841796875,2200.0,2202.0,2175.0,2175.0,1459000
2017-01-16,1877.45654296875,2173.0,2207.0,2164.0,2200.0,1356000
2017-01-17,1849.80859375,2141.0,2175.0,2118.0,2162.0,2146000
2017-01-18,1869.680419921875,2164.0,2170.0,2133.0,2152.0,1948000
2017-01-19,1854.1285400390625,2146.0,2165.0,2145.0,2151.0,1241000
2017-01-20,1845.4888916015625,2136.0,2144.0,2118.0,2127.0,1079000
2017-01-23,1815.2489013671875,2101.0,2132.0,2096.0,2129.0,1609000
2017-01-24,1809.20068359375,2094.0,2111.0,2091.0,2096.0,1235000
2017-01-25,1818.704345703125,2105.0,2122.0,2086.0,2117.0,1749000
2017-01-26,1861.0404052734373,2154.0,2168.0,2118.0,2119.0,2255000
2017-01-27,1876.592041015625,2172.0,2194.0,2166.0,2177.0,1882000
2017-01-30,1842.89697265625,2133.0,2150.0,2123.0,2150.0,1667000
2017-01-31,1827.3448486328125,2115.0,2120.0,2103.0,2113.0,1596000
2017-02-01,1840.3046875,2130.0,2136.0,2097.0,2114.0,1440000
2017-02-02,1815.2489013671875,2101.0,2130.0,2097.0,2130.0,1434000
2017-02-03,1801.4251708984375,2085.0,2115.0,2078.0,2104.0,1198000
2017-02-06,1785.009033203125,2066.0,2093.0,2054.0,2092.0,1947000
2017-02-07,1747.857421875,2023.0,2052.0,2019.0,2050.0,1672000
2017-02-08,1757.361328125,2034.0,2046.0,2016.0,2022.0,1699000
2017-02-09,1766.8653564453125,2045.0,2054.0,2019.0,2035.0,1333000
2017-02-10,1802.289306640625,2086.0,2095.0,2054.0,2065.0,1188000
2017-02-13,1861.0404052734373,2154.0,2162.0,2108.0,2108.0,3388000
2017-02-14,1861.0404052734373,2154.0,2167.0,2148.0,2153.0,1873000
2017-02-15,1860.17626953125,2153.0,2177.0,2143.0,2174.0,1879000
2017-02-16,1905.1046142578125,2205.0,2212.0,2161.0,2169.0,2950000
2017-02-17,1910.2882080078125,2211.0,2212.0,2185.0,2194.0,1665000
2017-02-20,1937.93603515625,2243.0,2244.0,2218.0,2228.0,2472000
2017-02-21,1990.6395263671875,2304.0,2325.0,2261.0,2265.0,4925000
2017-02-22,2005.32763671875,2321.0,2328.0,2297.0,2304.0,2456000
2017-02-23,2013.103515625,2330.0,2333.0,2321.0,2327.0,2043000
2017-02-24,2035.370361328125,2340.0,2439.0,2301.0,2306.0,4018000
2017-02-27,2065.81396484375,2375.0,2394.0,2330.0,2330.0,3853000
2017-02-28,2065.81396484375,2375.0,2395.0,2371.0,2383.0,2852000
2017-03-01,2052.767333984375,2360.0,2386.0,2337.0,2380.0,2890000
2017-03-02,2059.7255859375,2368.0,2383.0,2353.0,2362.0,1677000
2017-03-03,2015.3646240234373,2317.0,2348.0,2297.0,2331.0,4376000
2017-03-06,2037.980224609375,2343.0,2346.0,2306.0,2313.0,2615000
2017-03-07,2036.2398681640625,2341.0,2348.0,2319.0,2332.0,1301000
2017-03-08,2005.797119140625,2306.0,2343.0,2302.0,2337.0,1955000
2017-03-09,2015.3646240234373,2317.0,2327.0,2307.0,2310.0,1493000
2017-03-10,2043.198486328125,2349.0,2350.0,2324.0,2335.0,1979000
2017-03-13,2031.891357421875,2336.0,2365.0,2330.0,2335.0,1594000
2017-03-14,2052.767333984375,2360.0,2362.0,2335.0,2335.0,1173000
2017-03-15,2054.506591796875,2362.0,2363.0,2348.0,2360.0,888000
2017-03-16,2029.2816162109373,2333.0,2337.0,2261.0,2292.0,5735000
2017-03-17,2073.642333984375,2384.0,2389.0,2337.0,2337.0,3046000
2017-03-21,2121.482421875,2439.0,2452.0,2415.0,2423.0,3093000
2017-03-22,2087.56005859375,2400.0,2425.0,2388.0,2403.0,1758000
2017-03-23,2049.28759765625,2356.0,2397.0,2352.0,2386.0,2123000
2017-03-24,2044.9378662109373,2351.0,2377.0,2345.0,2369.0,1960000
2017-03-27,2028.412109375,2332.0,2355.0,2321.0,2340.0,1689000
2017-03-28,2059.7255859375,2368.0,2371.0,2341.0,2350.0,1623000
2017-03-29,2095.387451171875,2409.0,2421.0,2369.0,2380.0,2190000
2017-03-30,2063.205078125,2372.0,2408.0,2360.0,2407.0,1337000
2017-03-31,2121.482421875,2439.0,2478.0,2406.0,2419.0,3976000
2017-04-03,2144.967041015625,2466.0,2479.0,2446.0,2455.0,2127000
2017-04-04,2152.796142578125,2475.0,2493.0,2461.0,2472.0,2008000
2017-04-05,2174.541259765625,2500.0,2513.0,2456.0,2487.0,3515000
2017-04-06,2130.18115234375,2449.0,2507.0,2448.0,2500.0,1922000
2017-04-07,2165.8427734375,2490.0,2506.0,2458.0,2473.0,2344000
2017-04-10,2171.0615234375,2496.0,2522.0,2476.0,2515.0,1493000
2017-04-11,2167.582763671875,2492.0,2509.0,2473.0,2477.0,1366000
2017-04-12,2177.150634765625,2503.0,2503.0,2450.0,2470.0,2202000
2017-04-13,2178.020263671875,2504.0,2580.0,2463.0,2565.0,5625000
2017-04-14,2161.494140625,2485.0,2530.0,2480.0,2530.0,2770000
2017-04-17,2169.322265625,2494.0,2519.0,2486.0,2490.0,2297000
2017-04-18,2154.535400390625,2477.0,2525.0,2461.0,2522.0,2508000
2017-04-19,2165.8427734375,2490.0,2503.0,2470.0,2477.0,2625000
2017-04-20,2244.126220703125,2580.0,2586.0,2487.0,2515.0,5723000
2017-04-21,2206.724365234375,2537.0,2578.0,2527.0,2568.0,3186000
2017-04-24,2223.250732421875,2556.0,2566.0,2543.0,2564.0,1605000
2017-04-25,2214.552490234375,2546.0,2554.0,2527.0,2547.0,1727000
2017-04-26,2189.327880859375,2517.0,2538.0,2504.0,2536.0,1977000
2017-04-27,2191.0673828125,2519.0,2537.0,2494.0,2498.0,1882000
2017-04-28,2186.71826171875,2514.0,2534.0,2504.0,2528.0,1486000
2017-05-01,2153.66552734375,2476.0,2508.0,2468.0,2495.0,1568000
2017-05-02,2164.10302734375,2488.0,2511.0,2480.0,2497.0,1561000
2017-05-08,2312.841552734375,2659.0,2663.0,2544.0,2550.0,5274000
2017-05-09,2314.581787109375,2661.0,2688.0,2644.0,2665.0,2540000
2017-05-10,2313.7119140625,2660.0,2675.0,2634.0,2674.0,1787000
2017-05-11,2341.545654296875,2692.0,2694.0,2662.0,2662.0,1581000
2017-05-12,2381.5576171875,2738.0,2775.0,2722.0,2723.0,2940000
2017-05-15,2455.4921875,2823.0,2830.0,2742.0,2742.0,4215000
2017-05-16,2481.586669921875,2853.0,2853.0,2809.0,2837.0,2527000
2017-05-17,2516.379150390625,2893.0,2894.0,2843.0,2853.0,2206000
2017-05-18,2513.770263671875,2890.0,2893.0,2860.0,2860.0,1638000
2017-05-19,2481.586669921875,2853.0,2906.0,2830.0,2895.0,2557000
2017-05-22,2528.556396484375,2907.0,2917.0,2844.0,2852.0,2505000
2017-05-23,2521.597900390625,2899.0,2938.0,2894.0,2922.0,1894000
2017-05-24,2498.982421875,2873.0,2913.0,2862.0,2901.0,2606000
2017-05-25,2488.544921875,2861.0,2893.0,2839.0,2844.0,2264000
2017-05-26,2464.18994140625,2833.0,2890.0,2814.0,2890.0,2955000
2017-05-29,2484.19580078125,2856.0,2865.0,2827.0,2842.0,1795000
2017-05-30,2495.50390625,2869.0,2901.0,2863.0,2872.0,1807000
2017-05-31,2507.680908203125,2883.0,2905.0,2873.0,2877.0,2963000
2017-06-01,2519.85888671875,2897.0,2916.0,2878.0,2897.0,1576000
2017-06-02,2521.597900390625,2899.0,2918.0,2872.0,2918.0,2212000
2017-06-05,2652.93994140625,3050.0,3055.0,2909.0,2909.0,3234000
2017-06-06,2657.289306640625,3055.0,3090.0,3015.0,3090.0,2497000
2017-06-07,2609.448974609375,3000.0,3055.0,2980.0,3045.0,3018000
2017-06-08,2552.04150390625,2934.0,2997.0,2928.0,2990.0,2124000
2017-06-09,2499.852783203125,2874.0,2925.0,2866.0,2902.0,3101000
2017-06-12,2532.03564453125,2911.0,2915.0,2839.0,2882.0,2106000
2017-06-13,2510.290283203125,2886.0,2913.0,2877.0,2892.0,1402000
2017-06-14,2522.468017578125,2900.0,2913.0,2869.0,2882.0,1552000
2017-06-15,2579.875244140625,2966.0,2975.0,2887.0,2896.0,2114000
2017-06-16,2527.68603515625,2906.0,2960.0,2900.0,2960.0,2394000
2017-06-19,2577.26611328125,2963.0,2965.0,2910.0,2910.0,1584000
2017-06-20,2593.792724609375,2982.0,2988.0,2942.0,2979.0,1500000
2017-06-21,2582.485107421875,2969.0,3015.0,2967.0,2997.0,1385000
2017-06-22,2554.651123046875,2937.0,2967.0,2903.0,2945.0,2305000
2017-06-23,2522.468017578125,2900.0,2938.0,2883.0,2919.0,1719000
2017-06-26,2546.822509765625,2928.0,2934.0,2884.0,2896.0,1065000
2017-06-27,2554.651123046875,2937.0,2948.0,2917.0,2941.0,1068000
2017-06-28,2473.75830078125,2844.0,2914.0,2842.0,2912.0,2203000
2017-06-29,2481.586669921875,2853.0,2856.0,2797.0,2840.0,2093000
2017-06-30,2441.574951171875,2807.0,2820.0,2788.0,2808.0,2156000
2017-07-03,2436.35595703125,2801.0,2821.0,2787.0,2821.0,1542000
2017-07-04,2428.52734375,2792.0,2828.0,2787.0,2825.0,960000
2017-07-05,2499.852783203125,2874.0,2893.0,2820.0,2820.0,4108000
2017-07-06,2362.421630859375,2716.0,2770.0,2696.0,2756.0,7534000
2017-07-07,2358.072509765625,2711.0,2757.0,2699.0,2727.0,3315000
2017-07-10,2378.948486328125,2735.0,2753.0,2701.0,2712.0,2095000
2017-07-11,2376.338134765625,2732.0,2755.0,2732.0,2755.0,1468000
2017-07-12,2407.65234375,2768.0,2794.0,2745.0,2753.0,4205000
2017-07-13,2413.74072265625,2775.0,2791.0,2758.0,2778.0,1957000
2017-07-14,2382.42724609375,2739.0,2774.0,2738.0,2774.0,1463000
2017-07-17,2382.42724609375,2739.0,2739.0,2739.0,2739.0,0
2017-07-18,2382.42724609375,2739.0,2751.0,2716.0,2742.0,1705000
2017-07-19,2415.48046875,2777.0,2786.0,2717.0,2717.0,2277000
2017-07-20,2412.87060546875,2774.0,2790.0,2754.0,2777.0,1582000
2017-07-21,2408.521728515625,2769.0,2778.0,2756.0,2765.0,1760000
2017-07-24,2438.095458984375,2803.0,2805.0,2762.0,2770.0,1776000
2017-07-25,2472.887939453125,2843.0,2851.0,2802.0,2808.0,2002000
2017-07-26,2469.408935546875,2839.0,2870.0,2829.0,2868.0,1538000
2017-07-27,2469.408935546875,2839.0,2848.0,2830.0,2839.0,1133000
2017-07-28,2478.977294921875,2850.0,2865.0,2834.0,2847.0,1291000
2017-07-31,2452.882568359375,2820.0,2839.0,2813.0,2839.0,1316000
2017-08-01,2477.23779296875,2848.0,2853.0,2816.0,2819.0,1095000
2017-08-02,2469.408935546875,2839.0,2861.0,2831.0,2842.0,1282000
2017-08-03,2570.3076171875,2955.0,2955.0,2890.0,2895.0,3549000
2017-08-04,2618.14794921875,3010.0,3020.0,2969.0,2969.0,3043000
2017-08-07,2593.792724609375,2982.0,3005.0,2971.0,3000.0,1434000
2017-08-08,2626.845703125,3020.0,3025.0,2997.0,3000.0,1072000
2017-08-09,2639.89306640625,3035.0,3075.0,3005.0,3035.0,1584000
2017-08-10,2700.780029296875,3105.0,3110.0,3045.0,3050.0,1768000
2017-08-11,2700.780029296875,3105.0,3105.0,3105.0,3105.0,0
2017-08-14,2687.732666015625,3090.0,3115.0,3065.0,3090.0,1445000
2017-08-15,2692.081787109375,3095.0,3145.0,3090.0,3115.0,1374000
2017-08-16,2652.93994140625,3050.0,3095.0,3040.0,3085.0,1366000
2017-08-17,2670.33642578125,3070.0,3140.0,3060.0,3110.0,1766000
2017-08-18,2657.289306640625,3055.0,3075.0,3035.0,3060.0,1157000
2017-08-21,2618.14794921875,3010.0,3070.0,2995.0,3045.0,1381000
2017-08-22,2635.5439453125,3030.0,3045.0,2995.0,3025.0,711000
2017-08-23,2644.241943359375,3040.0,3080.0,3035.0,3035.0,996000
2017-08-24,2657.289306640625,3055.0,3075.0,3035.0,3050.0,699000
2017-08-25,2665.987548828125,3065.0,3085.0,3060.0,3085.0,584000
2017-08-28,2679.03466796875,3080.0,3130.0,3050.0,3085.0,1337000
2017-08-29,2671.34033203125,3055.0,3120.0,3040.0,3110.0,1480000
2017-08-30,2666.968017578125,3050.0,3085.0,3045.0,3070.0,1103000
2017-08-31,2666.968017578125,3050.0,3055.0,3015.0,3040.0,1133000
2017-09-01,2623.24658203125,3000.0,3060.0,2999.0,3060.0,1223000
2017-09-04,2631.99169921875,3010.0,3010.0,2975.0,3005.0,1013000
2017-09-05,2653.851806640625,3035.0,3045.0,3000.0,3025.0,1390000
2017-09-06,2693.2001953125,3080.0,3080.0,3020.0,3030.0,1111000
2017-09-07,2758.78125,3155.0,3160.0,3075.0,3090.0,2152000
2017-09-08,2802.501953125,3205.0,3235.0,3180.0,3195.0,1427000
2017-09-11,2894.315673828125,3310.0,3315.0,3215.0,3240.0,1710000
2017-09-12,2933.664794921875,3355.0,3380.0,3300.0,3320.0,1511000
2017-09-13,2973.013671875,3400.0,3400.0,3330.0,3350.0,1180000
2017-09-14,2946.78076171875,3370.0,3455.0,3355.0,3400.0,1644000
2017-09-15,2920.548828125,3340.0,3345.0,3260.0,3330.0,2841000
2017-09-18,2920.548828125,3340.0,3340.0,3340.0,3340.0,0
2017-09-19,2964.268798828125,3390.0,3400.0,3320.0,3340.0,1288000
2017-09-20,2911.80419921875,3330.0,3420.0,3310.0,3420.0,2605000
2017-09-21,2911.80419921875,3330.0,3355.0,3305.0,3355.0,1284000
2017-09-22,2916.176513671875,3335.0,3340.0,3290.0,3305.0,823000
2017-09-25,2951.153076171875,3375.0,3390.0,3340.0,3350.0,997000
2017-09-26,2946.78076171875,3370.0,3395.0,3360.0,3375.0,757000
2017-09-27,2933.664794921875,3355.0,3370.0,3330.0,3370.0,893000
2017-09-28,2907.431884765625,3325.0,3365.0,3315.0,3350.0,1354000
2017-09-29,2898.687255859375,3315.0,3335.0,3305.0,3325.0,1246000
2017-10-02,2911.80419921875,3330.0,3340.0,3305.0,3340.0,726000
2017-10-03,2911.80419921875,3330.0,3370.0,3320.0,3345.0,1358000
2017-10-04,2824.362548828125,3230.0,3345.0,3220.0,3330.0,2886000
2017-10-05,2854.967041015625,3265.0,3310.0,3135.0,3235.0,2986000
2017-10-06,2815.61865234375,3220.0,3305.0,3200.0,3285.0,1421000
2017-10-09,2815.61865234375,3220.0,3220.0,3220.0,3220.0,0
2017-10-10,2854.967041015625,3265.0,3265.0,3215.0,3225.0,1314000
2017-10-11,2881.199951171875,3295.0,3310.0,3270.0,3280.0,971000
2017-10-12,2889.9443359375,3305.0,3335.0,3290.0,3325.0,1105000
2017-10-13,2903.0595703125,3320.0,3320.0,3280.0,3305.0,860000
2017-10-16,2846.22314453125,3255.0,3325.0,3255.0,3320.0,1966000
2017-10-17,2846.22314453125,3255.0,3280.0,3250.0,3280.0,1522000
2017-10-18,2846.22314453125,3255.0,3285.0,3235.0,3255.0,1394000
2017-10-19,2841.851318359375,3250.0,3255.0,3230.0,3240.0,1008000
2017-10-20,2859.339111328125,3270.0,3290.0,3235.0,3250.0,1237000
2017-10-23,2894.315673828125,3310.0,3340.0,3290.0,3310.0,1087000
2017-10-24,2881.199951171875,3295.0,3315.0,3290.0,3310.0,715000
2017-10-25,2846.22314453125,3255.0,3300.0,3250.0,3290.0,1052000
2017-10-26,2850.59521484375,3260.0,3290.0,3250.0,3275.0,776000
2017-10-27,2894.315673828125,3310.0,3315.0,3290.0,3305.0,974000
2017-10-30,2889.9443359375,3305.0,3320.0,3285.0,3320.0,936000
2017-10-31,2920.548828125,3340.0,3350.0,3290.0,3315.0,1063000
2017-11-01,2964.268798828125,3390.0,3400.0,3340.0,3370.0,1154000
2017-11-02,2968.64111328125,3395.0,3410.0,3360.0,3395.0,965000
2017-11-03,2968.64111328125,3395.0,3395.0,3395.0,3395.0,0
2017-11-06,2968.64111328125,3395.0,3410.0,3370.0,3375.0,801000
2017-11-07,2986.129638671875,3415.0,3435.0,3390.0,3400.0,1190000
2017-11-08,2977.385498046875,3405.0,3475.0,3400.0,3445.0,1110000
2017-11-09,2990.50146484375,3420.0,3475.0,3400.0,3415.0,1244000
2017-11-10,2959.897216796875,3385.0,3435.0,3385.0,3400.0,843000
2017-11-13,2955.525146484375,3380.0,3415.0,3370.0,3400.0,827000
2017-11-14,2929.29248046875,3350.0,3405.0,3340.0,3405.0,820000
2017-11-15,2859.339111328125,3270.0,3370.0,3265.0,3370.0,1051000
2017-11-16,2894.315673828125,3310.0,3325.0,3235.0,3245.0,993000
2017-11-17,2946.78076171875,3370.0,3405.0,3355.0,3370.0,1286000
2017-11-20,2981.757568359375,3410.0,3415.0,3345.0,3370.0,863000
2017-11-21,3025.478271484375,3460.0,3475.0,3410.0,3430.0,971000
2017-11-22,2999.24560546875,3430.0,3500.0,3430.0,3490.0,774000
2017-11-23,2999.24560546875,3430.0,3430.0,3430.0,3430.0,0
2017-11-24,3051.71044921875,3490.0,3500.0,3415.0,3420.0,751000
2017-11-27,3091.059814453125,3535.0,3545.0,3500.0,3530.0,885000
2017-11-28,3200.36181640625,3660.0,3660.0,3545.0,3545.0,2009000
2017-11-29,3117.291748046875,3565.0,3570.0,3525.0,3570.0,2561000
2017-11-30,3064.826904296875,3505.0,3505.0,3400.0,3475.0,2533000
2017-12-01,3064.826904296875,3505.0,3565.0,3460.0,3560.0,1182000
2017-12-04,3056.0830078125,3495.0,3535.0,3490.0,3530.0,753000
2017-12-05,3139.15185546875,3590.0,3595.0,3460.0,3495.0,1299000
2017-12-06,3042.966552734375,3480.0,3565.0,3480.0,3560.0,1436000
2017-12-07,3121.663818359375,3570.0,3585.0,3535.0,3545.0,1234000
2017-12-08,3182.872802734375,3640.0,3640.0,3570.0,3570.0,1443000
2017-12-11,3195.9892578125,3655.0,3665.0,3595.0,3660.0,635000
2017-12-12,3143.524169921875,3595.0,3690.0,3585.0,3660.0,1319000
2017-12-13,3104.175537109375,3550.0,3575.0,3540.0,3565.0,961000
2017-12-14,3069.19873046875,3510.0,3560.0,3505.0,3560.0,1031000
2017-12-15,3108.5478515625,3555.0,3585.0,3515.0,3525.0,1555000
2017-12-18,3126.036376953125,3575.0,3590.0,3545.0,3580.0,855000
2017-12-19,3121.663818359375,3570.0,3575.0,3545.0,3570.0,499000
2017-12-20,3099.803466796875,3545.0,3570.0,3525.0,3560.0,748000
2017-12-21,3029.850830078125,3465.0,3535.0,3455.0,3535.0,1334000
2017-12-22,3025.478271484375,3460.0,3485.0,3430.0,3450.0,1316000
2017-12-25,3029.850830078125,3465.0,3500.0,3455.0,3500.0,622000
2017-12-26,3034.22216796875,3470.0,3485.0,3460.0,3480.0,423000
2017-12-27,3042.966552734375,3480.0,3485.0,3460.0,3480.0,619000
2017-12-28,3121.663818359375,3570.0,3580.0,3485.0,3500.0,1220000
2017-12-29,3069.19873046875,3510.0,3575.0,3505.0,3565.0,849000
2018-01-01,3069.19873046875,3510.0,3510.0,3510.0,3510.0,0
2018-01-02,3069.19873046875,3510.0,3510.0,3510.0,3510.0,0
2018-01-03,3069.19873046875,3510.0,3510.0,3510.0,3510.0,0
2018-01-04,3117.291748046875,3565.0,3570.0,3520.0,3565.0,1191000
2018-01-05,3108.5478515625,3555.0,3575.0,3540.0,3575.0,879000
2018-01-08,3108.5478515625,3555.0,3555.0,3555.0,3555.0,0
2018-01-09,3112.920166015625,3560.0,3565.0,3500.0,3565.0,1606000
2018-01-10,3051.71044921875,3490.0,3560.0,3420.0,3560.0,2204000
2018-01-11,3086.687255859375,3530.0,3625.0,3510.0,3590.0,2711000
2018-01-12,3012.362060546875,3445.0,3530.0,3425.0,3520.0,2489000
2018-01-15,3104.175537109375,3550.0,3555.0,3435.0,3440.0,1625000
2018-01-16,3126.036376953125,3575.0,3575.0,3520.0,3545.0,892000
2018-01-17,3112.920166015625,3560.0,3560.0,3485.0,3505.0,1171000
2018-01-18,3130.408203125,3580.0,3630.0,3580.0,3580.0,1406000
2018-01-19,3174.128662109375,3630.0,3695.0,3600.0,3610.0,2109000
2018-01-22,3126.036376953125,3575.0,3655.0,3560.0,3645.0,1179000
2018-01-23,3117.291748046875,3565.0,3595.0,3555.0,3590.0,1388000
2018-01-24,3091.059814453125,3535.0,3590.0,3520.0,3590.0,1416000
2018-01-25,3095.431396484375,3540.0,3555.0,3530.0,3555.0,856000
2018-01-26,3165.384765625,3620.0,3645.0,3560.0,3565.0,1570000
2018-01-29,3152.268310546875,3605.0,3650.0,3600.0,3650.0,1381000
2018-01-30,3230.966064453125,3695.0,3735.0,3640.0,3655.0,2031000
2018-01-31,3187.2451171875,3645.0,3710.0,3640.0,3695.0,1297000
2018-02-01,3169.75732421875,3625.0,3630.0,3540.0,3610.0,2353000
2018-02-02,3165.384765625,3620.0,3625.0,3590.0,3625.0,1373000
2018-02-05,3147.896240234375,3600.0,3630.0,3565.0,3580.0,1744000
2018-02-06,2968.64111328125,3395.0,3510.0,3325.0,3500.0,2295000
2018-02-07,2986.129638671875,3415.0,3575.0,3410.0,3500.0,2113000
2018-02-08,2990.50146484375,3420.0,3490.0,3415.0,3470.0,1407000
2018-02-09,2981.757568359375,3410.0,3420.0,3335.0,3350.0,1374000
2018-02-12,2981.757568359375,3410.0,3410.0,3410.0,3410.0,0
2018-02-13,3016.734130859375,3450.0,3495.0,3415.0,3440.0,1322000
2018-02-14,3012.362060546875,3445.0,3475.0,3400.0,3470.0,1268000
2018-02-15,3021.106201171875,3455.0,3480.0,3445.0,3470.0,720000
2018-02-16,3082.31494140625,3525.0,3545.0,3475.0,3500.0,943000
2018-02-19,3147.896240234375,3600.0,3605.0,3560.0,3575.0,538000
2018-02-20,3130.408203125,3580.0,3620.0,3560.0,3605.0,780000
2018-02-21,3147.896240234375,3600.0,3635.0,3585.0,3605.0,765000
2018-02-22,3108.5478515625,3555.0,3610.0,3540.0,3600.0,878000
2018-02-23,3086.687255859375,3530.0,3565.0,3490.0,3565.0,682000
2018-02-26,3137.931396484375,3570.0,3580.0,3515.0,3530.0,886000
2018-02-27,3234.617919921875,3680.0,3710.0,3635.0,3680.0,1731000
2018-02-28,3221.43408203125,3665.0,3745.0,3665.0,3680.0,1489000
2018-03-01,3190.66943359375,3630.0,3705.0,3600.0,3690.0,1079000
2018-03-02,3256.592529296875,3705.0,3715.0,3580.0,3590.0,1411000
2018-03-05,3296.146484375,3750.0,3785.0,3710.0,3725.0,1753000
2018-03-06,3366.46435546875,3830.0,3880.0,3740.0,3770.0,1736000
2018-03-07,3384.04345703125,3850.0,3865.0,3805.0,3810.0,1109000
2018-03-08,3384.04345703125,3850.0,3930.0,3830.0,3905.0,1387000
2018-03-09,3375.253662109375,3840.0,3915.0,3800.0,3885.0,1179000
2018-03-12,3340.0947265625,3800.0,3875.0,3770.0,3860.0,1457000
2018-03-13,3282.9619140625,3735.0,3745.0,3635.0,3660.0,2235000
2018-03-14,3247.802978515625,3695.0,3765.0,3695.0,3750.0,991000
2018-03-15,3296.146484375,3750.0,3780.0,3695.0,3725.0,1038000
2018-03-16,3357.67431640625,3820.0,3835.0,3785.0,3800.0,1736000
2018-03-19,3322.515380859375,3780.0,3820.0,3770.0,3810.0,819000
2018-03-20,3256.592529296875,3705.0,3810.0,3695.0,3785.0,1206000
2018-03-21,3256.592529296875,3705.0,3705.0,3705.0,3705.0,0
2018-03-22,3300.54150390625,3755.0,3760.0,3695.0,3700.0,1326000
2018-03-23,3151.115478515625,3585.0,3730.0,3575.0,3710.0,2301000
2018-03-26,3151.115478515625,3585.0,3600.0,3545.0,3560.0,1271000
2018-03-27,3186.27490234375,3625.0,3655.0,3585.0,3610.0,1702000
2018-03-28,3041.244384765625,3460.0,3545.0,3420.0,3505.0,3764000
2018-03-29,3093.982421875,3520.0,3530.0,3445.0,3475.0,2074000
2018-03-30,3137.931396484375,3570.0,3585.0,3500.0,3540.0,1620000
2018-04-02,3111.562255859375,3540.0,3595.0,3540.0,3580.0,887000
2018-04-03,3129.141845703125,3560.0,3585.0,3495.0,3500.0,1120000
2018-04-04,3155.5107421875,3590.0,3605.0,3540.0,3585.0,1380000
2018-04-05,3168.695556640625,3605.0,3645.0,3585.0,3630.0,1529000
2018-04-06,3129.141845703125,3560.0,3620.0,3560.0,3610.0,1109000
2018-04-09,3133.536865234375,3565.0,3590.0,3545.0,3585.0,1077000
2018-04-10,3107.167236328125,3535.0,3580.0,3520.0,3560.0,1330000
2018-04-11,3032.45458984375,3450.0,3565.0,3425.0,3560.0,2715000
2018-04-12,3190.66943359375,3630.0,3680.0,3560.0,3575.0,5347000
2018-04-13,3173.090087890625,3610.0,3675.0,3575.0,3650.0,3496000
2018-04-16,3300.54150390625,3755.0,3765.0,3615.0,3635.0,2398000
2018-04-17,3252.19775390625,3700.0,3795.0,3695.0,3750.0,2131000
2018-04-18,3300.54150390625,3755.0,3795.0,3715.0,3720.0,1889000
2018-04-19,3247.802978515625,3695.0,3760.0,3670.0,3755.0,1675000
2018-04-20,3274.17236328125,3725.0,3730.0,3670.0,3700.0,1492000
2018-04-23,3243.40771484375,3690.0,3715.0,3665.0,3695.0,1319000
2018-04-24,3296.146484375,3750.0,3760.0,3700.0,3720.0,1280000
2018-04-25,3265.38232421875,3715.0,3765.0,3705.0,3730.0,1055000
2018-04-26,3304.936279296875,3760.0,3765.0,3680.0,3695.0,1183000
2018-04-27,3300.54150390625,3755.0,3815.0,3750.0,3780.0,1204000
2018-04-30,3300.54150390625,3755.0,3755.0,3755.0,3755.0,0
2018-05-01,3313.725830078125,3770.0,3780.0,3695.0,3705.0,1254000
2018-05-02,3340.0947265625,3800.0,3830.0,3755.0,3800.0,978000
2018-05-03,3340.0947265625,3800.0,3800.0,3800.0,3800.0,0
2018-05-04,3340.0947265625,3800.0,3800.0,3800.0,3800.0,0
2018-05-07,3467.545654296875,3945.0,3970.0,3840.0,3850.0,1833000
2018-05-08,3410.412841796875,3880.0,3935.0,3870.0,3890.0,1247000
2018-05-09,3353.279541015625,3815.0,3885.0,3810.0,3850.0,1277000
2018-05-10,3335.69970703125,3795.0,3820.0,3760.0,3815.0,992000
2018-05-11,3366.46435546875,3830.0,3835.0,3770.0,3785.0,1246000
2018-05-14,3375.253662109375,3840.0,3865.0,3830.0,3840.0,777000
2018-05-15,3388.4384765625,3855.0,3875.0,3815.0,3875.0,1201000
2018-05-16,3366.46435546875,3830.0,3850.0,3820.0,3835.0,642000
2018-05-17,3335.69970703125,3795.0,3850.0,3795.0,3850.0,892000
2018-05-18,3335.69970703125,3795.0,3800.0,3725.0,3785.0,1145000
2018-05-21,3322.515380859375,3780.0,3800.0,3760.0,3780.0,634000
2018-05-22,3287.3564453125,3740.0,3770.0,3725.0,3750.0,863000
2018-05-23,3265.38232421875,3715.0,3750.0,3710.0,3720.0,986000
2018-05-24,3243.40771484375,3690.0,3730.0,3665.0,3710.0,1599000
2018-05-25,3212.643798828125,3655.0,3685.0,3650.0,3675.0,1158000
2018-05-28,3247.802978515625,3695.0,3710.0,3625.0,3645.0,1318000
2018-05-29,3265.38232421875,3715.0,3725.0,3680.0,3695.0,1225000
2018-05-30,3243.40771484375,3690.0,3725.0,3680.0,3700.0,1227000
2018-05-31,3252.19775390625,3700.0,3735.0,3685.0,3725.0,2059000
2018-06-01,3208.248779296875,3650.0,3695.0,3630.0,3680.0,1213000
2018-06-04,3234.617919921875,3680.0,3715.0,3670.0,3705.0,950000
2018-06-05,3322.515380859375,3780.0,3810.0,3720.0,3725.0,1775000
2018-06-06,3348.88427734375,3810.0,3820.0,3725.0,3770.0,1630000
2018-06-07,3388.4384765625,3855.0,3895.0,3800.0,3845.0,1962000
2018-06-08,3384.04345703125,3850.0,3890.0,3835.0,3870.0,1223000
2018-06-11,3445.5712890625,3920.0,3935.0,3870.0,3870.0,1148000
2018-06-12,3507.099853515625,3990.0,4000.0,3930.0,3945.0,1095000
2018-06-13,3612.576171875,4110.0,4120.0,4005.0,4005.0,1517000
2018-06-14,3546.6533203125,4035.0,4090.0,4020.0,4090.0,1759000
2018-06-15,3559.837890625,4050.0,4095.0,4035.0,4075.0,1476000
2018-06-18,3507.099853515625,3990.0,4060.0,3990.0,4050.0,1166000
2018-06-19,3458.756591796875,3935.0,4020.0,3920.0,3985.0,1325000
2018-06-20,3507.099853515625,3990.0,4025.0,3940.0,3990.0,1748000
2018-06-21,3485.125,3965.0,4000.0,3940.0,3970.0,1205000
2018-06-22,3485.125,3965.0,3980.0,3945.0,3945.0,987000
2018-06-25,3427.99169921875,3900.0,3965.0,3890.0,3960.0,971000
2018-06-26,3370.85888671875,3835.0,3885.0,3825.0,3880.0,1321000
2018-06-27,3414.807861328125,3885.0,3890.0,3820.0,3825.0,1095000
2018-06-28,3375.253662109375,3840.0,3850.0,3800.0,3850.0,1152000
2018-06-29,3427.99169921875,3900.0,3905.0,3835.0,3860.0,1263000
2018-07-02,3318.12060546875,3775.0,3915.0,3765.0,3905.0,1150000
2018-07-03,3304.936279296875,3760.0,3805.0,3730.0,3750.0,1473000
2018-07-04,3362.0693359375,3825.0,3840.0,3735.0,3810.0,1425000
2018-07-05,2953.347412109375,3360.0,3560.0,3325.0,3550.0,8047000
2018-07-06,2817.1064453125,3205.0,3360.0,3170.0,3335.0,5643000
2018-07-09,2821.50146484375,3210.0,3260.0,3185.0,3240.0,2164000
2018-07-10,2856.659912109375,3250.0,3270.0,3130.0,3200.0,3067000
2018-07-11,3006.08544921875,3420.0,3425.0,3300.0,3350.0,4536000
2018-07-12,2979.716064453125,3390.0,3480.0,3370.0,3420.0,2407000
2018-07-13,3028.060302734375,3445.0,3465.0,3330.0,3370.0,2932000
2018-07-16,3028.060302734375,3445.0,3445.0,3445.0,3445.0,0
2018-07-17,3080.798095703125,3505.0,3535.0,3415.0,3440.0,1950000
2018-07-18,3102.772705078125,3530.0,3535.0,3485.0,3500.0,1850000
2018-07-19,3120.351806640625,3550.0,3585.0,3520.0,3535.0,2133000
2018-07-20,3098.377197265625,3525.0,3565.0,3490.0,3540.0,2396000
2018-07-23,3098.377197265625,3525.0,3540.0,3510.0,3525.0,1903000
2018-07-24,3067.61328125,3490.0,3545.0,3475.0,3525.0,1907000
2018-07-25,3080.798095703125,3505.0,3520.0,3445.0,3455.0,1194000
2018-07-26,3164.30078125,3600.0,3615.0,3485.0,3495.0,1909000
2018-07-27,3164.30078125,3600.0,3645.0,3585.0,3635.0,1316000
2018-07-30,3164.30078125,3600.0,3615.0,3565.0,3580.0,1050000
2018-07-31,3151.115478515625,3585.0,3590.0,3535.0,3565.0,1636000
2018-08-01,3124.746826171875,3555.0,3570.0,3545.0,3550.0,1136000
2018-08-02,3129.141845703125,3560.0,3585.0,3525.0,3525.0,2097000
2018-08-03,3164.30078125,3600.0,3635.0,3580.0,3625.0,1662000
2018-08-06,3133.536865234375,3565.0,3610.0,3555.0,3600.0,909000
2018-08-07,3155.5107421875,3590.0,3590.0,3545.0,3550.0,969000
2018-08-08,3151.115478515625,3585.0,3600.0,3550.0,3580.0,1320000
2018-08-09,3089.587890625,3515.0,3590.0,3515.0,3585.0,1482000
2018-08-10,3115.95703125,3545.0,3560.0,3510.0,3510.0,1279000
2018-08-13,3054.428955078125,3475.0,3535.0,3470.0,3525.0,1382000
2018-08-14,3129.141845703125,3560.0,3575.0,3495.0,3510.0,1161000
2018-08-15,3014.875244140625,3430.0,3550.0,3425.0,3550.0,1666000
2018-08-16,2922.5830078125,3325.0,3375.0,3255.0,3360.0,3601000
2018-08-17,2918.1884765625,3320.0,3340.0,3270.0,3320.0,2024000
2018-08-20,2913.793701171875,3315.0,3335.0,3295.0,3315.0,1049000
2018-08-21,2874.23876953125,3270.0,3305.0,3260.0,3300.0,1165000
2018-08-22,2887.424072265625,3285.0,3315.0,3210.0,3245.0,1451000
2018-08-23,2887.424072265625,3285.0,3310.0,3265.0,3265.0,819000
2018-08-24,2861.054931640625,3255.0,3280.0,3220.0,3235.0,1135000
2018-08-27,2905.004150390625,3305.0,3315.0,3260.0,3265.0,1164000
2018-08-28,2905.004150390625,3305.0,3330.0,3280.0,3320.0,1244000
2018-08-29,2904.208251953125,3285.0,3325.0,3280.0,3310.0,985000
2018-08-30,2890.946533203125,3270.0,3315.0,3250.0,3260.0,1576000
2018-08-31,2917.469482421875,3300.0,3305.0,3250.0,3270.0,1151000
2018-09-03,2899.78759765625,3280.0,3330.0,3265.0,3310.0,1002000
2018-09-04,2921.89013671875,3305.0,3335.0,3285.0,3310.0,1001000
2018-09-05,2917.469482421875,3300.0,3365.0,3300.0,3315.0,1533000
2018-09-06,2860.00390625,3235.0,3285.0,3230.0,3275.0,1206000
2018-09-07,2802.53857421875,3170.0,3240.0,3160.0,3225.0,1565000
2018-09-10,2780.436279296875,3145.0,3205.0,3145.0,3190.0,853000
2018-09-11,2793.697998046875,3160.0,3170.0,3140.0,3145.0,651000
2018-09-12,2829.061279296875,3200.0,3215.0,3150.0,3160.0,984000
2018-09-13,2890.946533203125,3270.0,3300.0,3210.0,3220.0,1228000
2018-09-14,2882.10595703125,3260.0,3290.0,3250.0,3275.0,846000
2018-09-17,2882.10595703125,3260.0,3260.0,3260.0,3260.0,0
2018-09-18,2917.469482421875,3300.0,3305.0,3195.0,3210.0,1348000
2018-09-19,2961.673583984375,3350.0,3375.0,3320.0,3330.0,1145000
2018-09-20,3019.138671875,3415.0,3425.0,3330.0,3370.0,1307000
2018-09-21,2988.196044921875,3380.0,3430.0,3345.0,3430.0,1387000
2018-09-24,2988.196044921875,3380.0,3380.0,3380.0,3380.0,0
2018-09-25,2992.616455078125,3385.0,3400.0,3350.0,3360.0,1431000
2018-09-26,3072.183837890625,3475.0,3490.0,3350.0,3350.0,2033000
2018-09-27,2961.673583984375,3350.0,3480.0,3350.0,3470.0,1981000
2018-09-28,2988.196044921875,3380.0,3410.0,3370.0,3380.0,1306000
2018-10-01,2970.514404296875,3360.0,3390.0,3340.0,3370.0,1045000
2018-10-02,2966.093994140625,3355.0,3400.0,3350.0,3390.0,1612000
2018-10-03,2966.093994140625,3355.0,3390.0,3295.0,3350.0,2511000
2018-10-04,2842.322509765625,3215.0,3285.0,3070.0,3155.0,6056000
2018-10-05,2842.322509765625,3215.0,3220.0,3115.0,3165.0,3879000
2018-10-08,2842.322509765625,3215.0,3215.0,3215.0,3215.0,0
2018-10-09,2846.742919921875,3220.0,3245.0,3105.0,3240.0,4503000
2018-10-10,2943.991943359375,3330.0,3380.0,3240.0,3255.0,3957000
2018-10-11,2917.469482421875,3300.0,3320.0,3210.0,3230.0,2502000
2018-10-12,2890.946533203125,3270.0,3365.0,3265.0,3280.0,2057000
2018-10-15,2811.37939453125,3180.0,3270.0,3180.0,3270.0,1529000
2018-10-16,2727.391845703125,3085.0,3170.0,3040.0,3170.0,2128000
2018-10-17,2745.073486328125,3105.0,3140.0,3075.0,3130.0,1715000
2018-10-18,2722.9716796875,3080.0,3125.0,3070.0,3100.0,1456000
2018-10-19,2696.44921875,3050.0,3050.0,2982.0,3040.0,1978000
2018-10-22,2776.016357421875,3140.0,3150.0,3000.0,3030.0,2013000
2018-10-23,2661.085693359375,3010.0,3110.0,3010.0,3110.0,1613000
2018-10-24,2665.505859375,3015.0,3065.0,2970.0,3050.0,2075000
2018-10-25,2534.662109375,2867.0,2939.0,2861.0,2927.0,2805000
2018-10-26,2493.994384765625,2821.0,2918.0,2797.0,2895.0,2197000
2018-10-29,2486.037841796875,2812.0,2855.0,2801.0,2817.0,1769000
2018-10-30,2547.0390625,2881.0,2903.0,2800.0,2800.0,3235000
2018-10-31,2635.44775390625,2981.0,2988.0,2862.0,2892.0,2208000
2018-11-01,2610.69287109375,2953.0,3015.0,2952.0,2988.0,1473000
2018-11-02,2683.187744140625,3035.0,3040.0,2968.0,2990.0,1637000
2018-11-05,2596.547607421875,2937.0,2966.0,2923.0,2950.0,1821000
2018-11-06,2570.02490234375,2907.0,2934.0,2888.0,2932.0,1976000
2018-11-07,2651.360595703125,2999.0,3050.0,2935.0,2935.0,2060000
2018-11-08,2665.505859375,3015.0,3045.0,2984.0,3025.0,1234000
2018-11-09,2665.505859375,3015.0,3060.0,3000.0,3010.0,925000
2018-11-12,2615.113525390625,2958.0,3005.0,2951.0,2986.0,1666000
2018-11-13,2576.2138671875,2914.0,2924.0,2865.0,2901.0,1577000
2018-11-14,2584.1708984375,2923.0,2942.0,2891.0,2920.0,1251000
2018-11-15,2632.794921875,2978.0,2982.0,2901.0,2915.0,1327000
2018-11-16,2596.547607421875,2937.0,3030.0,2921.0,2987.0,1485000
2018-11-19,2608.040771484375,2950.0,2960.0,2929.0,2937.0,840000
2018-11-20,2557.648193359375,2893.0,2931.0,2886.0,2931.0,986000
2018-11-21,2575.32958984375,2913.0,2923.0,2846.0,2850.0,1120000
2018-11-22,2623.070068359375,2967.0,2968.0,2907.0,2915.0,894000
2018-11-23,2623.070068359375,2967.0,2967.0,2967.0,2967.0,0
2018-11-26,2661.085693359375,3010.0,3050.0,2963.0,3010.0,1482000
2018-11-27,2687.60791015625,3040.0,3050.0,3010.0,3020.0,878000
2018-11-28,2758.33447265625,3120.0,3130.0,3060.0,3070.0,1326000
2018-11-29,2784.85693359375,3150.0,3170.0,3110.0,3155.0,1252000
2018-11-30,2700.869384765625,3055.0,3155.0,3055.0,3150.0,1736000
2018-12-03,2722.9716796875,3080.0,3105.0,3055.0,3080.0,884000
2018-12-04,2644.2880859375,2991.0,3075.0,2991.0,3050.0,1254000
2018-12-05,2731.811767578125,3090.0,3110.0,2951.0,2954.0,1867000
2018-12-06,2637.2158203125,2983.0,3080.0,2963.0,3075.0,1920000
2018-12-07,2692.0283203125,3045.0,3045.0,2961.0,3010.0,1283000
2018-12-10,2589.47509765625,2929.0,3005.0,2920.0,3000.0,1214000
2018-12-11,2593.010986328125,2933.0,2984.0,2908.0,2979.0,1616000
2018-12-12,2588.591064453125,2928.0,2943.0,2866.0,2893.0,2672000
2018-12-13,2585.054443359375,2924.0,2956.0,2908.0,2928.0,1354000
2018-12-14,2529.357666015625,2861.0,2924.0,2848.0,2924.0,1779000
2018-12-17,2557.648193359375,2893.0,2904.0,2836.0,2863.0,1928000
2018-12-18,2480.73291015625,2806.0,2866.0,2805.0,2816.0,1224000
2018-12-19,2509.90771484375,2839.0,2847.0,2808.0,2817.0,1390000
2018-12-20,2419.7314453125,2737.0,2838.0,2711.0,2815.0,1964000
2018-12-21,2330.439208984375,2636.0,2711.0,2618.0,2694.0,2320000
2018-12-24,2330.439208984375,2636.0,2636.0,2636.0,2636.0,0
2018-12-25,2215.50830078125,2506.0,2556.0,2479.0,2536.0,1502000
2018-12-26,2238.494140625,2532.0,2587.0,2465.0,2531.0,1963000
2018-12-27,2384.36767578125,2697.0,2737.0,2630.0,2650.0,1533000
2018-12-28,2347.23681640625,2655.0,2696.0,2614.0,2680.0,1904000
2018-12-31,2347.23681640625,2655.0,2655.0,2655.0,2655.0,0
2019-01-04,2303.916748046875,2606.0,2606.0,2550.0,2580.0,2057000
2019-01-07,2347.23681640625,2655.0,2698.0,2647.0,2693.0,1391000
2019-01-08,2359.613525390625,2669.0,2728.0,2665.0,2705.0,2403000
2019-01-09,2373.75927734375,2685.0,2720.0,2661.0,2719.0,1706000
2019-01-10,2127.10009765625,2406.0,2530.0,2403.0,2494.0,6211000
2019-01-11,2040.4605712890625,2308.0,2390.0,2288.0,2390.0,5983000
2019-01-15,2071.403076171875,2343.0,2357.0,2288.0,2315.0,2807000
2019-01-16,2043.9964599609373,2312.0,2344.0,2295.0,2314.0,3332000
2019-01-17,1988.2994384765625,2249.0,2319.0,2231.0,2300.0,5205000
2019-01-18,2063.4462890625,2334.0,2347.0,2220.0,2240.0,3657000
2019-01-21,2127.10009765625,2406.0,2430.0,2348.0,2379.0,4775000
2019-01-22,2136.824951171875,2417.0,2459.0,2402.0,2429.0,3353000
2019-01-23,2064.33056640625,2335.0,2400.0,2322.0,2400.0,2731000
2019-01-24,2083.781005859375,2357.0,2396.0,2335.0,2354.0,2715000
2019-01-25,2072.287353515625,2344.0,2373.0,2313.0,2320.0,1691000
2019-01-28,2150.086669921875,2432.0,2445.0,2335.0,2340.0,3172000
2019-01-29,2209.320068359375,2499.0,2503.0,2401.0,2407.0,4609000
2019-01-30,2240.262939453125,2534.0,2572.0,2499.0,2500.0,4289000
2019-01-31,2272.08935546875,2570.0,2580.0,2543.0,2551.0,2114000
2019-02-01,2338.395751953125,2645.0,2650.0,2571.0,2594.0,2421000
2019-02-04,2387.020263671875,2700.0,2707.0,2635.0,2645.0,2504000
2019-02-05,2387.904541015625,2701.0,2724.0,2684.0,2700.0,1823000
2019-02-06,2398.513916015625,2713.0,2741.0,2690.0,2692.0,1108000
2019-02-07,2371.10693359375,2682.0,2715.0,2681.0,2705.0,1824000
2019-02-08,2266.78515625,2564.0,2633.0,2545.0,2619.0,2654000
2019-02-12,2340.1640625,2647.0,2653.0,2595.0,2596.0,1227000
2019-02-13,2363.150390625,2673.0,2686.0,2622.0,2646.0,1402000
2019-02-14,2344.58447265625,2652.0,2699.0,2648.0,2687.0,779000
2019-02-15,2370.222900390625,2681.0,2688.0,2628.0,2636.0,1198000
2019-02-18,2383.483642578125,2696.0,2710.0,2672.0,2706.0,1092000
2019-02-19,2378.179443359375,2690.0,2696.0,2672.0,2678.0,651000
2019-02-20,2360.49755859375,2670.0,2684.0,2660.0,2676.0,1374000
2019-02-21,2369.33837890625,2680.0,2684.0,2647.0,2650.0,1311000
2019-02-22,2349.888916015625,2658.0,2693.0,2641.0,2680.0,2296000
2019-02-25,2371.9912109375,2683.0,2690.0,2658.0,2667.0,1085000
2019-02-26,2375.197021484375,2667.0,2686.0,2666.0,2682.0,788000
2019-02-27,2319.090087890625,2604.0,2674.0,2599.0,2658.0,2073000
2019-02-28,2352.932373046875,2642.0,2669.0,2601.0,2604.0,2063000
2019-03-01,2376.978271484375,2669.0,2677.0,2621.0,2627.0,1550000
2019-03-04,2396.571044921875,2691.0,2718.0,2673.0,2679.0,1332000
2019-03-05,2346.698486328125,2635.0,2682.0,2626.0,2666.0,1477000
2019-03-06,2354.713623046875,2644.0,2648.0,2618.0,2640.0,1627000
2019-03-07,2325.32421875,2611.0,2621.0,2584.0,2618.0,1382000
2019-03-08,2305.7314453125,2589.0,2600.0,2552.0,2576.0,1504000
2019-03-11,2330.667724609375,2617.0,2625.0,2571.0,2595.0,719000
2019-03-12,2384.103271484375,2677.0,2696.0,2627.0,2635.0,1244000
2019-03-13,2344.917236328125,2633.0,2668.0,2627.0,2659.0,813000
2019-03-14,2367.181884765625,2658.0,2675.0,2633.0,2664.0,773000
2019-03-15,2393.89990234375,2688.0,2694.0,2656.0,2668.0,1057000
2019-03-18,2409.039306640625,2705.0,2716.0,2693.0,2704.0,506000
2019-03-19,2396.571044921875,2691.0,2709.0,2670.0,2709.0,419000
2019-03-20,2347.589111328125,2636.0,2681.0,2627.0,2663.0,1394000
2019-03-22,2347.589111328125,2636.0,2655.0,2630.0,2640.0,1297000
2019-03-25,2275.451171875,2555.0,2623.0,2550.0,2612.0,965000
2019-03-26,2386.774658203125,2680.0,2683.0,2580.0,2582.0,1044000
2019-03-27,2395.6806640625,2690.0,2718.0,2671.0,2671.0,961000
2019-03-28,2401.91455078125,2697.0,2702.0,2646.0,2676.0,773000
2019-03-29,2497.20751953125,2804.0,2826.0,2721.0,2724.0,3128000
2019-04-01,2510.566650390625,2819.0,2881.0,2813.0,2834.0,1273000
2019-04-02,2411.71142578125,2708.0,2827.0,2699.0,2815.0,1901000
2019-04-03,2404.5869140625,2700.0,2727.0,2678.0,2710.0,1291000
2019-04-04,2422.398193359375,2720.0,2730.0,2670.0,2696.0,1255000
2019-04-05,2407.258056640625,2703.0,2779.0,2694.0,2743.0,1552000
2019-04-08,2370.744140625,2662.0,2711.0,2660.0,2705.0,664000
2019-04-09,2320.871337890625,2606.0,2655.0,2583.0,2650.0,1620000
2019-04-10,2334.22998046875,2621.0,2649.0,2583.0,2584.0,1142000
2019-04-11,2061.710205078125,2315.0,2358.0,2190.0,2267.0,12235000
2019-04-12,2034.992431640625,2285.0,2337.0,2253.0,2337.0,5562000
2019-04-15,2023.4146728515625,2272.0,2288.0,2226.0,2270.0,4812000
2019-04-16,1941.4808349609373,2180.0,2224.0,2180.0,2203.0,6603000
2019-04-17,1984.229248046875,2228.0,2238.0,2154.0,2164.0,3774000
2019-04-18,1918.325927734375,2154.0,2250.0,2147.0,2250.0,4801000
2019-04-19,1888.0455322265625,2120.0,2164.0,2104.0,2136.0,4581000
2019-04-22,1886.264404296875,2118.0,2139.0,2105.0,2119.0,2476000
2019-04-23,1861.3280029296875,2090.0,2095.0,2045.0,2090.0,3549000
2019-04-24,1885.3739013671875,2117.0,2168.0,2112.0,2122.0,3259000
2019-04-25,1898.7325439453125,2132.0,2142.0,2119.0,2125.0,1701000
2019-04-26,1882.7020263671875,2114.0,2130.0,2091.0,2105.0,2138000
2019-05-07,1846.18798828125,2073.0,2118.0,2068.0,2115.0,2565000
2019-05-08,1831.048095703125,2056.0,2070.0,2031.0,2031.0,2417000
2019-05-09,1834.6103515625,2060.0,2070.0,2041.0,2056.0,2586000
2019-05-10,1799.8773193359375,2021.0,2079.0,2003.0,2058.0,3038000
2019-05-13,1814.126953125,2037.0,2062.0,1991.0,2020.0,2790000
2019-05-14,1784.7374267578125,2004.0,2035.0,1980.0,1982.0,1836000
2019-05-15,1764.254150390625,1981.0,2032.0,1980.0,2019.0,2041000
2019-05-16,1758.91064453125,1975.0,1992.0,1934.0,1991.0,2127000
2019-05-17,1801.65869140625,2023.0,2029.0,1968.0,1982.0,2786000
2019-05-20,1801.65869140625,2023.0,2075.0,2013.0,2043.0,1612000
2019-05-21,1784.7374267578125,2004.0,2016.0,1979.0,1996.0,1642000
2019-05-22,1773.1600341796875,1991.0,2035.0,1985.0,2008.0,2119000
2019-05-23,1747.332763671875,1962.0,1997.0,1961.0,1977.0,1852000
2019-05-24,1758.91064453125,1975.0,1983.0,1942.0,1950.0,2021000
2019-05-27,1769.5975341796875,1987.0,1987.0,1956.0,1975.0,1048000
2019-05-28,1807.00244140625,2029.0,2042.0,1993.0,2003.0,3326000
2019-05-29,1761.582275390625,1978.0,2018.0,1978.0,2010.0,1818000
2019-05-30,1774.9407958984375,1993.0,1994.0,1951.0,1970.0,1303000
2019-05-31,1751.785888671875,1967.0,1997.0,1966.0,1975.0,1337000
2019-06-03,1713.490478515625,1924.0,1959.0,1922.0,1950.0,1391000
2019-06-04,1650.2586669921875,1853.0,1938.0,1852.0,1935.0,3775000
2019-06-05,1703.694091796875,1913.0,1924.0,1869.0,1904.0,3590000
2019-06-06,1698.3507080078125,1907.0,1942.0,1902.0,1904.0,1278000
2019-06-07,1679.6480712890625,1886.0,1918.0,1868.0,1906.0,2209000
2019-06-10,1692.1163330078125,1900.0,1944.0,1887.0,1911.0,2207000
2019-06-11,1734.8646240234375,1948.0,1953.0,1885.0,1901.0,2189000
2019-06-12,1742.8798828125,1957.0,1980.0,1942.0,1955.0,1654000
2019-06-13,1716.162353515625,1927.0,1977.0,1914.0,1950.0,2090000
2019-06-14,1739.317626953125,1953.0,1959.0,1921.0,1943.0,1840000
2019-06-17,1711.70947265625,1922.0,1954.0,1921.0,1954.0,861000
2019-06-18,1679.6480712890625,1886.0,1927.0,1874.0,1918.0,1337000
2019-06-19,1714.3809814453125,1925.0,1929.0,1904.0,1910.0,1334000
2019-06-20,1713.490478515625,1924.0,1942.0,1915.0,1927.0,936000
2019-06-21,1693.00732421875,1901.0,1924.0,1901.0,1922.0,1760000
2019-06-24,1686.772705078125,1894.0,1894.0,1865.0,1881.0,1324000
2019-06-25,1677.866943359375,1884.0,1914.0,1873.0,1889.0,1268000
2019-06-26,1677.866943359375,1884.0,1888.0,1866.0,1870.0,1374000
2019-06-27,1693.8975830078125,1902.0,1902.0,1866.0,1869.0,1581000
2019-06-28,1733.08349609375,1946.0,1950.0,1903.0,1919.0,1786000
2019-07-01,1744.6610107421875,1959.0,1997.0,1949.0,1970.0,1506000
2019-07-02,1747.332763671875,1962.0,1989.0,1951.0,1982.0,1190000
2019-07-03,1756.238525390625,1972.0,1989.0,1959.0,1981.0,1706000
2019-07-04,1801.65869140625,2023.0,2024.0,1970.0,1974.0,1876000
2019-07-05,1802.5491943359373,2024.0,2037.0,2009.0,2030.0,1411000
2019-07-08,1810.5645751953125,2033.0,2037.0,2014.0,2037.0,1121000
2019-07-09,1814.126953125,2037.0,2073.0,2016.0,2050.0,2593000
2019-07-10,1782.9561767578125,2002.0,2031.0,1995.0,2029.0,2016000
2019-07-11,1742.8798828125,1957.0,1999.0,1872.0,1884.0,8179000
2019-07-12,1823.0328369140625,2047.0,2047.0,1971.0,1975.0,4060000
2019-07-16,1778.5035400390625,1997.0,2076.0,1997.0,2062.0,3664000
2019-07-17,1758.91064453125,1975.0,2011.0,1964.0,2007.0,4180000
2019-07-18,1756.238525390625,1972.0,1987.0,1944.0,1975.0,4954000
2019-07-19,1777.6126708984375,1996.0,2005.0,1962.0,1983.0,3356000
2019-07-22,1711.70947265625,1922.0,1981.0,1917.0,1977.0,3059000
2019-07-23,1749.1141357421875,1964.0,1964.0,1900.0,1915.0,3560000
2019-07-24,1750.0045166015625,1965.0,1975.0,1952.0,1972.0,1491000
2019-07-25,1734.8646240234375,1948.0,1968.0,1943.0,1962.0,1696000
2019-07-26,1743.7703857421875,1958.0,1961.0,1922.0,1942.0,1677000
2019-07-29,1764.254150390625,1981.0,1984.0,1958.0,1958.0,1750000
2019-07-30,1734.8646240234375,1948.0,2001.0,1942.0,1985.0,1657000
2019-07-31,1730.4117431640625,1943.0,1958.0,1934.0,1941.0,2027000
2019-08-01,1725.958740234375,1938.0,1958.0,1927.0,1936.0,1605000
2019-08-02,1673.4141845703125,1879.0,1913.0,1870.0,1911.0,2812000
2019-08-05,1651.1495361328125,1854.0,1888.0,1809.0,1872.0,3162000
2019-08-06,1691.2255859375,1899.0,1906.0,1782.0,1788.0,2583000
2019-08-07,1669.8515625,1875.0,1882.0,1851.0,1879.0,2023000
2019-08-08,1640.46240234375,1842.0,1866.0,1837.0,1856.0,1291000
2019-08-09,1656.4927978515625,1860.0,1862.0,1838.0,1842.0,1023000
2019-08-13,1629.7752685546875,1830.0,1865.0,1818.0,1852.0,1850000
2019-08-14,1619.08837890625,1818.0,1854.0,1810.0,1852.0,1807000
2019-08-15,1627.103759765625,1827.0,1833.0,1779.0,1784.0,2224000
2019-08-16,1590.58935546875,1786.0,1825.0,1783.0,1811.0,2123000
2019-08-19,1595.04248046875,1791.0,1795.0,1765.0,1778.0,1562000
2019-08-20,1615.52587890625,1814.0,1815.0,1788.0,1798.0,1394000
2019-08-21,1603.0574951171875,1800.0,1807.0,1777.0,1785.0,1549000
2019-08-22,1603.9481201171875,1801.0,1810.0,1795.0,1800.0,1510000
2019-08-23,1600.385986328125,1797.0,1806.0,1794.0,1801.0,882000
2019-08-26,1547.841064453125,1738.0,1760.0,1736.0,1750.0,2164000
2019-08-27,1572.77783203125,1766.0,1770.0,1752.0,1764.0,1561000
2019-08-28,1600.385986328125,1797.0,1804.0,1765.0,1767.0,2058000
2019-08-29,1609.56298828125,1789.0,1800.0,1756.0,1786.0,1160300
2019-08-30,1647.35009765625,1831.0,1837.0,1797.0,1800.0,1775600
2019-09-02,1628.4564208984375,1810.0,1864.0,1810.0,1849.0,1036700
2019-09-03,1632.955078125,1815.0,1824.0,1801.0,1810.0,633000
2019-09-04,1694.134765625,1883.0,1883.0,1820.0,1837.0,2713800
2019-09-05,1731.921875,1925.0,1942.0,1901.0,1903.0,2473100
2019-09-06,1758.0133056640625,1954.0,1990.0,1936.0,1965.0,2283900
2019-09-09,1765.2108154296875,1962.0,1967.0,1948.0,1966.0,1024400
2019-09-10,1789.5028076171875,1989.0,2010.0,1973.0,1991.0,1430200
2019-09-11,1858.7796630859373,2066.0,2066.0,2001.0,2010.0,2192300
2019-09-12,1830.8890380859373,2035.0,2085.0,2031.0,2081.0,1553700
2019-09-13,1842.585205078125,2048.0,2061.0,2027.0,2061.0,1594300
2019-09-17,1853.3814697265625,2060.0,2063.0,2028.0,2037.0,913100
2019-09-18,1834.4879150390625,2039.0,2067.0,2032.0,2061.0,1105500
2019-09-19,1877.673583984375,2087.0,2087.0,2057.0,2059.0,1778900
2019-09-20,1840.78564453125,2046.0,2097.0,2035.0,2090.0,1608700
2019-09-24,1849.78271484375,2056.0,2077.0,2041.0,2065.0,1124600
2019-09-25,1829.089599609375,2033.0,2085.0,2029.0,2085.0,977300
2019-09-26,1874.9742431640625,2084.0,2088.0,2059.0,2080.0,1634300
2019-09-27,1835.3873291015625,2040.0,2087.0,2022.0,2070.0,997300
2019-09-30,1815.5941162109373,2018.0,2034.0,2010.0,2020.0,1000200
2019-10-01,1832.6884765625,2037.0,2061.0,2030.0,2036.0,1007700
2019-10-02,1840.78564453125,2046.0,2057.0,2027.0,2030.0,1314600
2019-10-03,1861.4788818359373,2069.0,2089.0,2026.0,2031.0,1944400
2019-10-04,1829.089599609375,2033.0,2065.0,2016.0,2064.0,1702100
2019-10-07,1829.089599609375,2033.0,2046.0,2022.0,2028.0,983500
2019-10-08,1860.5792236328125,2068.0,2070.0,2028.0,2028.0,1397900
2019-10-09,1816.4937744140625,2019.0,2060.0,2016.0,2058.0,1460600
2019-10-10,1790.4024658203125,1990.0,2026.0,1976.0,2010.0,1906600
2019-10-11,1890.269287109375,2101.0,2126.0,2029.0,2030.0,5198200
2019-10-15,2047.716796875,2276.0,2276.0,2125.0,2127.0,5223500
2019-10-16,2032.4217529296875,2259.0,2345.0,2226.0,2321.0,3593100
2019-10-17,2054.014404296875,2283.0,2291.0,2240.0,2246.0,1821500
2019-10-18,2066.60986328125,2297.0,2312.0,2260.0,2266.0,1788500
2019-10-21,2093.60107421875,2327.0,2336.0,2291.0,2298.0,1551400
2019-10-23,2134.087646484375,2372.0,2399.0,2325.0,2350.0,2418300
2019-10-24,2095.40087890625,2329.0,2393.0,2326.0,2374.0,1706000
2019-10-25,2134.987548828125,2373.0,2389.0,2353.0,2357.0,1439900
2019-10-28,2180.872314453125,2424.0,2451.0,2411.0,2412.0,1761700
2019-10-29,2188.06982421875,2432.0,2461.0,2425.0,2436.0,1645600
2019-10-30,2176.3740234375,2419.0,2459.0,2413.0,2444.0,2735100
2019-10-31,2181.771728515625,2425.0,2447.0,2401.0,2429.0,1717500
2019-11-01,2148.48291015625,2388.0,2413.0,2369.0,2404.0,1334500
2019-11-05,2246.55029296875,2497.0,2506.0,2421.0,2424.0,2104500
2019-11-06,2285.2373046875,2540.0,2612.0,2502.0,2601.0,3217600
2019-11-07,2255.547119140625,2507.0,2535.0,2496.0,2534.0,1449800
2019-11-08,2246.55029296875,2497.0,2546.0,2496.0,2546.0,1511300
2019-11-11,2222.258544921875,2470.0,2519.0,2462.0,2512.0,1114800
2019-11-12,2257.346923828125,2509.0,2513.0,2477.0,2509.0,1383300
2019-11-13,2280.73876953125,2535.0,2549.0,2511.0,2525.0,1455100
2019-11-14,2205.164306640625,2451.0,2520.0,2428.0,2510.0,1511400
2019-11-15,2219.559326171875,2467.0,2485.0,2437.0,2460.0,963600
2019-11-18,2194.36767578125,2439.0,2449.0,2421.0,2424.0,726000
2019-11-19,2193.468505859375,2438.0,2458.0,2432.0,2449.0,733800
2019-11-20,2179.072265625,2422.0,2434.0,2392.0,2400.0,1005000
2019-11-21,2125.090576171875,2362.0,2404.0,2339.0,2395.0,2032800
2019-11-22,2205.164306640625,2451.0,2456.0,2387.0,2394.0,1581900
2019-11-25,2245.65087890625,2496.0,2543.0,2471.0,2496.0,1383100
2019-11-26,2231.2548828125,2480.0,2516.0,2480.0,2496.0,1366600
2019-11-27,2217.759521484375,2465.0,2475.0,2446.0,2462.0,1206800
2019-11-28,2284.337890625,2539.0,2577.0,2469.0,2501.0,2193700
2019-11-29,2242.951416015625,2493.0,2555.0,2471.0,2555.0,1488500
2019-12-02,2247.449951171875,2498.0,2559.0,2495.0,2500.0,1179200
2019-12-03,2254.647705078125,2506.0,2530.0,2490.0,2496.0,898500
2019-12-04,2227.65673828125,2476.0,2520.0,2472.0,2499.0,1388200
2019-12-05,2257.346923828125,2509.0,2525.0,2467.0,2471.0,1161400
2019-12-06,2251.049072265625,2502.0,2509.0,2485.0,2509.0,535700
2019-12-09,2242.051513671875,2492.0,2539.0,2486.0,2529.0,843100
2019-12-10,2296.033935546875,2552.0,2563.0,2511.0,2521.0,1288400
2019-12-11,2281.638671875,2536.0,2569.0,2518.0,2529.0,1167100
2019-12-12,2268.14306640625,2521.0,2546.0,2517.0,2535.0,668600
2019-12-13,2287.936279296875,2543.0,2560.0,2525.0,2559.0,1015300
2019-12-16,2278.039794921875,2532.0,2547.0,2513.0,2540.0,737700
2019-12-17,2288.83642578125,2544.0,2547.0,2517.0,2534.0,967100
2019-12-18,2276.240478515625,2530.0,2579.0,2524.0,2555.0,1148800
2019-12-19,2295.134033203125,2551.0,2579.0,2539.0,2558.0,1006700
2019-12-20,2278.939208984375,2533.0,2556.0,2521.0,2550.0,847800
2019-12-23,2313.128173828125,2571.0,2571.0,2533.0,2541.0,988500
2019-12-24,2304.131103515625,2561.0,2578.0,2557.0,2570.0,670700
2019-12-25,2276.240478515625,2530.0,2575.0,2528.0,2569.0,765900
2019-12-26,2288.83642578125,2544.0,2568.0,2535.0,2546.0,490000
2019-12-27,2307.72998046875,2565.0,2578.0,2545.0,2558.0,849400
2019-12-30,2299.6328125,2556.0,2573.0,2538.0,2555.0,679200
2020-01-06,2287.03662109375,2542.0,2554.0,2505.0,2506.0,907400
2020-01-07,2278.939208984375,2533.0,2559.0,2514.0,2535.0,1329400
2020-01-08,2295.134033203125,2551.0,2557.0,2470.0,2520.0,1561700
2020-01-09,2351.815185546875,2614.0,2640.0,2594.0,2600.0,1829900
2020-01-10,2364.410888671875,2628.0,2654.0,2590.0,2622.0,1577700
2020-01-14,1914.56103515625,2128.0,2172.0,2128.0,2128.0,3120300
2020-01-15,1856.980224609375,2064.0,2118.0,2020.0,2078.0,15668300
2020-01-16,1842.585205078125,2048.0,2094.0,2044.0,2089.0,4274900
2020-01-17,1813.794677734375,2016.0,2048.0,2013.0,2048.0,5124600
2020-01-20,1868.6763916015625,2077.0,2094.0,2034.0,2040.0,4797700
2020-01-21,1856.0804443359373,2063.0,2106.0,2058.0,2097.0,2732400
2020-01-22,1850.682373046875,2057.0,2080.0,2041.0,2043.0,2361000
2020-01-23,1827.290283203125,2031.0,2093.0,2031.0,2082.0,4121600
2020-01-24,1795.8006591796875,1996.0,2019.0,1975.0,2017.0,5452900
2020-01-27,1703.131591796875,1893.0,1908.0,1837.0,1886.0,5826400
2020-01-28,1715.7276611328125,1907.0,1920.0,1883.0,1893.0,2922600
2020-01-29,1707.6302490234375,1898.0,1901.0,1876.0,1895.0,2623900
2020-01-30,1668.04345703125,1854.0,1904.0,1844.0,1894.0,2602800
2020-01-31,1657.2470703125,1842.0,1866.0,1824.0,1829.0,3808200
2020-02-03,1625.757568359375,1807.0,1823.0,1786.0,1794.0,2807600
2020-02-04,1646.4505615234375,1830.0,1839.0,1801.0,1808.0,1844100
2020-02-05,1671.642333984375,1858.0,1867.0,1824.0,1834.0,2921200
2020-02-06,1695.93408203125,1885.0,1904.0,1871.0,1895.0,2756400
2020-02-07,1684.2379150390625,1872.0,1897.0,1860.0,1892.0,1975400
2020-02-10,1664.4444580078125,1850.0,1864.0,1841.0,1854.0,1762600
2020-02-12,1671.642333984375,1858.0,1888.0,1841.0,1883.0,1998500
2020-02-13,1675.240966796875,1862.0,1896.0,1861.0,1889.0,2389000
2020-02-14,1644.6512451171875,1828.0,1846.0,1816.0,1842.0,1534200
2020-02-17,1603.2650146484375,1782.0,1818.0,1775.0,1815.0,2186300
2020-02-18,1583.4715576171875,1760.0,1798.0,1760.0,1782.0,1473000
2020-02-19,1573.574951171875,1749.0,1766.0,1732.0,1750.0,2279800
2020-02-20,1566.37744140625,1741.0,1772.0,1737.0,1755.0,1642000
2020-02-21,1552.8817138671875,1726.0,1751.0,1721.0,1740.0,1505200
2020-02-25,1478.2066650390625,1643.0,1659.0,1628.0,1632.0,4038500
2020-02-26,1445.817626953125,1607.0,1616.0,1580.0,1600.0,4877600
2020-02-27,1403.2291259765625,1542.0,1583.0,1522.0,1571.0,3385500
2020-02-28,1344.9888916015625,1478.0,1537.0,1471.0,1486.0,4613800
2020-03-02,1324.0587158203125,1455.0,1473.0,1432.0,1433.0,4406900
2020-03-03,1310.4085693359375,1440.0,1491.0,1439.0,1480.0,3561900
2020-03-04,1308.5887451171875,1438.0,1452.0,1416.0,1422.0,2788800
2020-03-05,1314.9588623046875,1445.0,1459.0,1437.0,1450.0,2114600
2020-03-06,1259.4483642578125,1384.0,1437.0,1375.0,1422.0,3144600
2020-03-09,1188.4678955078125,1306.0,1349.0,1292.0,1330.0,3034500
2020-03-10,1171.1776123046875,1287.0,1294.0,1223.0,1250.0,4316300
2020-03-11,1156.6177978515625,1271.0,1310.0,1270.0,1298.0,2682600
2020-03-12,1096.5572509765625,1205.0,1259.0,1192.0,1255.0,4332900
2020-03-13,1050.1470947265625,1154.0,1192.0,1076.0,1105.0,4428400
2020-03-16,1021.9367065429688,1123.0,1176.0,1115.0,1170.0,2642500
2020-03-17,1041.046875,1144.0,1162.0,1068.0,1088.0,4240100
2020-03-18,976.4363403320312,1073.0,1156.0,1067.0,1146.0,5554700
2020-03-19,899.9959716796875,989.0,1103.0,969.0,1100.0,5948300
2020-03-23,920.0160522460938,1011.0,1032.0,969.0,992.0,8224000
2020-03-24,1034.677001953125,1137.0,1140.0,1045.0,1051.0,6463400
2020-03-25,1117.4874267578125,1228.0,1270.0,1176.0,1257.0,6101200
2020-03-26,1066.527099609375,1172.0,1210.0,1154.0,1210.0,4463900
2020-03-27,1094.7373046875,1203.0,1227.0,1175.0,1227.0,4002300
2020-03-30,1095.6473388671875,1204.0,1204.0,1146.0,1173.0,2610300
2020-03-31,1104.747314453125,1214.0,1252.0,1206.0,1234.0,3416900
2020-04-01,1027.3968505859375,1129.0,1204.0,1128.0,1200.0,4452400
2020-04-02,985.5364990234376,1083.0,1108.0,1079.0,1102.0,4188000
2020-04-03,970.9764404296876,1067.0,1095.0,1060.0,1076.0,3575800
2020-04-06,978.2564697265624,1075.0,1085.0,1030.0,1044.0,4566200
2020-04-07,990.9963989257812,1089.0,1136.0,1068.0,1122.0,3941100
2020-04-08,998.2767944335938,1097.0,1116.0,1055.0,1089.0,4036300
2020-04-09,998.2767944335938,1097.0,1103.0,1087.0,1097.0,3868400
2020-04-10,982.8064575195312,1080.0,1128.0,1052.0,1123.0,5508800
2020-04-13,942.7662963867188,1036.0,1088.0,1036.0,1083.0,3148800
2020-04-14,971.8863525390624,1068.0,1071.0,1032.0,1040.0,3302900
2020-04-15,1006.4666137695312,1106.0,1124.0,1074.0,1077.0,3855100
2020-04-16,990.086669921875,1088.0,1099.0,1072.0,1091.0,2944900
2020-04-17,1072.897216796875,1179.0,1185.0,1117.0,1121.0,5548400
2020-04-20,1095.6473388671875,1204.0,1219.0,1160.0,1169.0,4547500
2020-04-21,1077.447265625,1184.0,1214.0,1167.0,1198.0,3489000
2020-04-22,1039.2269287109375,1142.0,1170.0,1130.0,1162.0,3651300
2020-04-23,1071.0770263671875,1177.0,1183.0,1138.0,1142.0,3059800
2020-04-24,1043.7769775390625,1147.0,1169.0,1136.0,1168.0,2227700
2020-04-27,1086.547119140625,1194.0,1194.0,1159.0,1170.0,2883500
2020-04-28,1092.917236328125,1201.0,1227.0,1190.0,1224.0,2470100
2020-04-30,1175.7276611328125,1292.0,1295.0,1236.0,1247.0,6205000
2020-05-01,1193.927978515625,1312.0,1370.0,1235.0,1253.0,10909500
2020-05-07,1180.27783203125,1297.0,1336.0,1284.0,1300.0,5310000
2020-05-08,1243.068115234375,1366.0,1374.0,1316.0,1327.0,4550900
2020-05-11,1300.3985595703125,1429.0,1459.0,1375.0,1396.0,5706900
2020-05-12,1290.3885498046875,1418.0,1443.0,1387.0,1429.0,4161800
2020-05-13,1291.2987060546875,1419.0,1425.0,1368.0,1390.0,4033500
2020-05-14,1291.2987060546875,1419.0,1455.0,1404.0,1418.0,4813800
2020-05-15,1310.4085693359375,1440.0,1462.0,1417.0,1449.0,3649400
2020-05-18,1333.158935546875,1465.0,1473.0,1438.0,1455.0,3126200
2020-05-19,1351.3590087890625,1485.0,1507.0,1478.0,1499.0,3286600
2020-05-20,1366.8291015625,1502.0,1508.0,1463.0,1493.0,2801400
2020-05-21,1362.27880859375,1497.0,1518.0,1492.0,1515.0,2869200
2020-05-22,1358.6390380859375,1493.0,1516.0,1490.0,1499.0,2672600
2020-05-25,1428.7095947265625,1570.0,1570.0,1516.0,1520.0,3632900
2020-05-26,1479.669921875,1626.0,1646.0,1576.0,1600.0,4522100
2020-05-27,1488.77001953125,1636.0,1677.0,1581.0,1670.0,4767900
2020-05-28,1513.3399658203125,1663.0,1720.0,1630.0,1640.0,6758600
2020-05-29,1482.399658203125,1629.0,1662.0,1606.0,1641.0,6293700
2020-06-01,1482.399658203125,1629.0,1651.0,1595.0,1605.0,3101900
2020-06-02,1517.889892578125,1668.0,1687.0,1635.0,1646.0,3031600
2020-06-03,1498.7799072265625,1647.0,1719.0,1623.0,1700.0,5100900
2020-06-04,1455.099609375,1599.0,1660.0,1551.0,1656.0,6960900
2020-06-05,1451.4598388671875,1595.0,1608.0,1567.0,1597.0,3184400
2020-06-08,1482.399658203125,1629.0,1635.0,1601.0,1630.0,2896100
2020-06-09,1456.009521484375,1600.0,1639.0,1591.0,1619.0,2769800
2020-06-10,1444.1795654296875,1587.0,1611.0,1587.0,1603.0,1946900
2020-06-11,1360.458984375,1495.0,1561.0,1484.0,1558.0,5229500
2020-06-12,1372.2890625,1508.0,1512.0,1421.0,1435.0,6213500
2020-06-15,1313.138671875,1443.0,1501.0,1438.0,1498.0,3448200
2020-06-16,1382.2991943359375,1519.0,1529.0,1472.0,1472.0,4058300
2020-06-17,1435.9893798828125,1578.0,1592.0,1533.0,1570.0,4899800
2020-06-18,1433.2593994140625,1575.0,1575.0,1543.0,1559.0,2941700
2020-06-19,1439.629638671875,1582.0,1608.0,1572.0,1590.0,2919000
2020-06-22,1422.3392333984375,1563.0,1585.0,1542.0,1565.0,1791600
2020-06-23,1411.41943359375,1551.0,1584.0,1551.0,1580.0,2197400
2020-06-24,1461.4696044921875,1606.0,1632.0,1575.0,1580.0,5675700
2020-06-25,1410.50927734375,1550.0,1579.0,1533.0,1579.0,2910900
2020-06-26,1422.3392333984375,1563.0,1575.0,1546.0,1557.0,1887600
2020-06-29,1360.458984375,1495.0,1541.0,1485.0,1533.0,3233200
2020-06-30,1387.759033203125,1525.0,1556.0,1518.0,1530.0,2692500
2020-07-01,1365.0089111328125,1500.0,1548.0,1493.0,1532.0,2404700
2020-07-02,1334.0687255859375,1466.0,1502.0,1464.0,1500.0,3281900
2020-07-03,1318.5987548828125,1449.0,1461.0,1427.0,1450.0,4640400
2020-07-06,1371.3790283203125,1507.0,1507.0,1450.0,1450.0,3192400
2020-07-07,1345.8990478515625,1479.0,1504.0,1477.0,1494.0,2567400
2020-07-08,1308.5887451171875,1438.0,1474.0,1438.0,1474.0,2600800
2020-07-09,1318.5987548828125,1449.0,1461.0,1433.0,1447.0,3379100
2020-07-10,1247.6181640625,1371.0,1444.0,1338.0,1439.0,7706200
2020-07-13,1228.5081787109375,1350.0,1413.0,1333.0,1344.0,10628100
2020-07-14,1229.4180908203125,1351.0,1358.0,1310.0,1327.0,4992400
2020-07-15,1260.3583984375,1385.0,1385.0,1351.0,1351.0,2572800
2020-07-16,1297.6685791015625,1426.0,1458.0,1395.0,1395.0,3413600
2020-07-17,1290.3885498046875,1418.0,1459.0,1401.0,1456.0,3118500
2020-07-20,1271.2784423828125,1397.0,1411.0,1373.0,1404.0,2667800
2020-07-21,1263.998291015625,1389.0,1400.0,1372.0,1390.0,2158300
2020-07-22,1253.078369140625,1377.0,1389.0,1360.0,1361.0,1898800
2020-07-27,1247.6181640625,1371.0,1372.0,1320.0,1360.0,2640400
2020-07-28,1251.2584228515625,1375.0,1384.0,1359.0,1359.0,2082900
2020-07-29,1275.8284912109375,1402.0,1411.0,1345.0,1366.0,3617900
2020-07-30,1212.1279296875,1332.0,1406.0,1329.0,1400.0,2396200
2020-07-31,1152.9776611328125,1267.0,1323.0,1264.0,1320.0,2931800
2020-08-03,1140.237548828125,1253.0,1298.0,1245.0,1274.0,3192700
2020-08-04,1226.688232421875,1348.0,1358.0,1281.0,1281.0,3111000
2020-08-05,1340.438720703125,1473.0,1484.0,1427.0,1447.0,5535600
2020-08-06,1294.0286865234375,1422.0,1473.0,1415.0,1462.0,2725500
2020-08-07,1334.0687255859375,1466.0,1476.0,1413.0,1422.0,2982900
2020-08-11,1329.518798828125,1461.0,1488.0,1454.0,1466.0,2965300
2020-08-12,1385.9390869140625,1523.0,1527.0,1462.0,1462.0,3632700
2020-08-13,1384.1192626953125,1521.0,1566.0,1518.0,1557.0,3020800
2020-08-14,1398.67919921875,1537.0,1549.0,1491.0,1512.0,2932200
2020-08-17,1425.0693359375,1566.0,1593.0,1547.0,1567.0,3397500
2020-08-18,1416.87939453125,1557.0,1561.0,1535.0,1552.0,2215000
2020-08-19,1435.9893798828125,1578.0,1583.0,1548.0,1554.0,1851400
2020-08-20,1425.9794921875,1567.0,1577.0,1555.0,1575.0,1313100
2020-08-21,1439.629638671875,1582.0,1595.0,1568.0,1571.0,1621600
2020-08-24,1452.3697509765625,1596.0,1600.0,1557.0,1575.0,1596500
2020-08-25,1465.109619140625,1610.0,1630.0,1594.0,1599.0,2392000
2020-08-26,1479.669921875,1626.0,1630.0,1600.0,1619.0,1669100
2020-08-27,1469.6597900390625,1615.0,1659.0,1615.0,1630.0,2800100
2020-08-28,1482.439453125,1624.0,1676.0,1599.0,1614.0,3990500
2020-08-31,1515.30126953125,1660.0,1692.0,1641.0,1663.0,2908500
2020-09-01,1529.90673828125,1676.0,1677.0,1648.0,1670.0,1599900
2020-09-02,1531.732421875,1678.0,1680.0,1651.0,1670.0,1644700
2020-09-03,1606.5845947265625,1760.0,1779.0,1718.0,1718.0,5442500
2020-09-04,1602.020263671875,1755.0,1772.0,1713.0,1735.0,2699700
2020-09-07,1623.0155029296875,1778.0,1803.0,1756.0,1769.0,2824200
2020-09-08,1658.615966796875,1817.0,1821.0,1782.0,1791.0,3574300
2020-09-09,1602.020263671875,1755.0,1800.0,1732.0,1800.0,3392600
2020-09-10,1579.1995849609375,1730.0,1774.0,1711.0,1764.0,2560500
2020-09-11,1583.7635498046875,1735.0,1759.0,1727.0,1752.0,2057100
2020-09-14,1549.9888916015625,1698.0,1737.0,1684.0,1734.0,2562600
2020-09-15,1534.470947265625,1681.0,1698.0,1660.0,1698.0,1974500
2020-09-16,1507.9986572265625,1652.0,1669.0,1645.0,1666.0,1922200
2020-09-17,1537.2093505859375,1684.0,1694.0,1635.0,1641.0,2206300
2020-09-18,1577.373779296875,1728.0,1733.0,1702.0,1703.0,2185300
2020-09-23,1605.6717529296875,1759.0,1765.0,1713.0,1727.0,2198700
2020-09-24,1614.800048828125,1769.0,1803.0,1753.0,1783.0,2941200
2020-09-25,1623.9283447265625,1779.0,1785.0,1756.0,1769.0,1941700
2020-09-28,1652.22607421875,1810.0,1811.0,1782.0,1791.0,2339300
2020-09-29,1656.790283203125,1815.0,1831.0,1779.0,1819.0,2006300
2020-09-30,1588.3280029296875,1740.0,1807.0,1740.0,1804.0,2881600
2020-10-02,1606.5845947265625,1760.0,1805.0,1751.0,1784.0,2572700
2020-10-05,1635.795166015625,1792.0,1801.0,1772.0,1792.0,2491100
2020-10-06,1642.1849365234375,1799.0,1824.0,1790.0,1807.0,2089200
2020-10-07,1643.097900390625,1800.0,1802.0,1763.0,1772.0,1561400
2020-10-08,1636.7081298828125,1793.0,1808.0,1767.0,1780.0,3071400
2020-10-09,1808.3203125,1981.0,2055.0,1921.0,1971.0,14587700
2020-10-12,1878.608642578125,2058.0,2085.0,2026.0,2031.0,7373900
2020-10-13,1862.1773681640625,2040.0,2059.0,2024.0,2038.0,2961500
2020-10-14,1807.407470703125,1980.0,2019.0,1971.0,2016.0,3153600
2020-10-15,1814.710205078125,1988.0,2020.0,1954.0,1963.0,2244700
2020-10-16,1807.407470703125,1980.0,1991.0,1944.0,1990.0,2411000
2020-10-19,1886.8240966796875,2067.0,2099.0,2007.0,2020.0,5163600
2020-10-20,2025.5743408203125,2219.0,2260.0,2086.0,2100.0,9392400
2020-10-21,2085.821533203125,2285.0,2299.0,2240.0,2259.0,5740500
2020-10-22,2072.12890625,2270.0,2284.0,2241.0,2253.0,4046000
2020-10-23,2125.98583984375,2329.0,2351.0,2248.0,2254.0,4976200
2020-10-26,2136.939697265625,2341.0,2350.0,2327.0,2337.0,2859000
2020-10-27,2073.041748046875,2271.0,2309.0,2265.0,2300.0,3357200
2020-10-28,2064.826171875,2262.0,2288.0,2225.0,2241.0,2078400
2020-10-29,2047.482666015625,2243.0,2252.0,2193.0,2226.0,2629100
2020-10-30,1991.7996826171875,2182.0,2269.0,2163.0,2261.0,3014100
2020-11-02,1997.2767333984373,2188.0,2220.0,2170.0,2208.0,1777500
2020-11-04,1979.9324951171875,2169.0,2219.0,2139.0,2218.0,2340800
2020-11-05,1916.9473876953125,2100.0,2181.0,2036.0,2178.0,5197200
2020-11-06,1950.72216796875,2137.0,2150.0,2090.0,2112.0,2496500
2020-11-09,2044.744140625,2240.0,2250.0,2164.0,2174.0,3329000
2020-11-10,2060.261962890625,2257.0,2343.0,2228.0,2315.0,4472900
2020-11-11,2121.422119140625,2324.0,2327.0,2257.0,2289.0,2460300
2020-11-12,2088.56005859375,2288.0,2355.0,2266.0,2324.0,2749600
2020-11-13,2109.5546875,2311.0,2325.0,2285.0,2320.0,2136400
2020-11-16,2104.99072265625,2306.0,2362.0,2287.0,2350.0,3207900
2020-11-17,2079.431640625,2278.0,2314.0,2236.0,2299.0,2806200
2020-11-18,2040.1800537109373,2235.0,2278.0,2221.0,2278.0,1844200
2020-11-19,2063.000732421875,2260.0,2261.0,2208.0,2223.0,2058000
2020-11-20,2073.041748046875,2271.0,2295.0,2239.0,2266.0,2986100
2020-11-24,2095.8623046875,2296.0,2335.0,2277.0,2312.0,1684700
2020-11-25,2069.390380859375,2267.0,2320.0,2265.0,2315.0,1867500
2020-11-26,2074.867431640625,2273.0,2310.0,2242.0,2272.0,1638500
2020-11-27,2056.61083984375,2253.0,2299.0,2230.0,2242.0,2579800
2020-11-30,1959.8504638671875,2147.0,2237.0,2147.0,2231.0,3802100
2020-12-01,2010.969482421875,2203.0,2244.0,2124.0,2130.0,2033700
2020-12-02,1983.584228515625,2173.0,2194.0,2140.0,2165.0,2430100
2020-12-03,1882.2598876953125,2062.0,2112.0,2030.0,2085.0,4913400
2020-12-04,1827.4898681640625,2002.0,2050.0,1980.0,2039.0,4085100
2020-12-07,1766.3299560546875,1935.0,2002.0,1933.0,1964.0,3268300
2020-12-08,1758.11474609375,1926.0,1957.0,1891.0,1900.0,3286800
2020-12-09,1797.3663330078125,1969.0,1981.0,1901.0,1901.0,2028600
2020-12-10,1817.44873046875,1991.0,1999.0,1953.0,1969.0,2327800
2020-12-11,1828.4027099609373,2003.0,2004.0,1973.0,1978.0,1546700
2020-12-14,1875.8699951171875,2055.0,2069.0,2013.0,2016.0,2216100
2020-12-15,1857.61328125,2035.0,2072.0,2027.0,2058.0,1770900
2020-12-16,1851.2236328125,2028.0,2070.0,2018.0,2070.0,1220900
2020-12-17,1868.5673828125,2047.0,2048.0,2004.0,2030.0,1438100
2020-12-18,1852.136474609375,2029.0,2048.0,2014.0,2038.0,1648900
2020-12-21,1852.136474609375,2029.0,2056.0,1993.0,2039.0,1519400
2020-12-22,1818.3616943359373,1992.0,2032.0,1985.0,2010.0,1604700
2020-12-23,1851.2236328125,2028.0,2039.0,2006.0,2006.0,1500000
2020-12-24,1865.828857421875,2044.0,2059.0,2032.0,2032.0,1127100
2020-12-25,1864.9161376953125,2043.0,2069.0,2031.0,2045.0,838200
2020-12-28,1850.310791015625,2027.0,2064.0,2017.0,2057.0,1088800
2020-12-29,1914.2088623046875,2097.0,2097.0,2025.0,2031.0,1814500
2020-12-30,1921.5115966796875,2105.0,2122.0,2067.0,2093.0,1110800
2021-01-04,2004.578857421875,2196.0,2196.0,2121.0,2125.0,2644100
2021-01-05,2026.4874267578125,2220.0,2220.0,2168.0,2186.0,2276800
2021-01-06,2122.334716796875,2325.0,2348.0,2274.0,2292.0,4547500
2021-01-07,2127.811767578125,2331.0,2362.0,2328.0,2350.0,2635900
2021-01-08,2150.632568359375,2356.0,2365.0,2321.0,2361.0,2636700
2021-01-12,2269.300537109375,2486.0,2685.0,2476.0,2601.0,9286600
2021-01-13,2232.787353515625,2446.0,2524.0,2428.0,2449.0,3187200
2021-01-14,2163.411865234375,2370.0,2427.0,2361.0,2399.0,3474400
2021-01-15,2112.29345703125,2314.0,2379.0,2297.0,2374.0,2747300
2021-01-18,2126.89892578125,2330.0,2367.0,2278.0,2293.0,1791400
2021-01-19,2156.109619140625,2362.0,2385.0,2336.0,2372.0,1867000
2021-01-20,2154.283447265625,2360.0,2374.0,2323.0,2330.0,1543600
2021-01-21,2152.45849609375,2358.0,2387.0,2341.0,2375.0,2053900
2021-01-22,2170.714599609375,2378.0,2378.0,2321.0,2333.0,1348700
2021-01-25,2197.18701171875,2407.0,2425.0,2366.0,2391.0,1580300
2021-01-26,2153.370849609375,2359.0,2414.0,2354.0,2414.0,1097700
2021-01-27,2196.274169921875,2406.0,2460.0,2383.0,2409.0,2075100
2021-01-28,2249.218505859375,2464.0,2467.0,2368.0,2373.0,2261900
2021-01-29,2282.9931640625,2501.0,2523.0,2464.0,2467.0,3084500
2021-02-01,2323.15771484375,2545.0,2549.0,2472.0,2475.0,2135400
2021-02-02,2317.680908203125,2539.0,2579.0,2526.0,2535.0,1912900
2021-02-03,2346.891357421875,2571.0,2589.0,2545.0,2572.0,2376500
2021-02-04,2325.896484375,2548.0,2594.0,2541.0,2571.0,1308200
2021-02-05,2369.712158203125,2596.0,2596.0,2552.0,2561.0,1597100
2021-02-08,2312.20361328125,2533.0,2602.0,2521.0,2598.0,2056300
2021-02-09,2343.240234375,2567.0,2573.0,2495.0,2546.0,1735700
2021-02-10,2321.33203125,2543.0,2566.0,2526.0,2542.0,1279000
2021-02-12,2342.326904296875,2566.0,2572.0,2535.0,2540.0,896000
2021-02-15,2330.460205078125,2553.0,2571.0,2544.0,2570.0,788700
2021-02-16,2308.552734375,2529.0,2570.0,2525.0,2570.0,1089600
2021-02-17,2338.67626953125,2562.0,2575.0,2535.0,2535.0,1342100
2021-02-18,2364.2353515625,2590.0,2614.0,2566.0,2575.0,1640800
2021-02-19,2288.470458984375,2507.0,2583.0,2505.0,2570.0,1581700
2021-02-22,2295.772705078125,2515.0,2543.0,2457.0,2501.0,1332200
2021-02-24,2199.01220703125,2409.0,2483.0,2401.0,2454.0,2703400
2021-02-25,2237.67236328125,2431.0,2439.0,2379.0,2407.0,1517700
2021-02-26,2207.297119140625,2398.0,2468.0,2393.0,2396.0,1856700
2021-03-01,2297.503662109375,2496.0,2499.0,2401.0,2430.0,1852600
2021-03-02,2340.765380859375,2543.0,2568.0,2486.0,2496.0,2057300
2021-03-03,2393.232666015625,2600.0,2640.0,2528.0,2593.0,3546700
2021-03-04,2377.584716796875,2583.0,2640.0,2564.0,2600.0,1856100
2021-03-05,2331.560791015625,2533.0,2595.0,2488.0,2585.0,2656400
2021-03-08,2345.3681640625,2548.0,2619.0,2536.0,2570.0,1576700
2021-03-09,2457.666015625,2670.0,2688.0,2568.0,2586.0,2945600
2021-03-10,2448.46142578125,2660.0,2705.0,2610.0,2699.0,1880300
2021-03-11,2485.280029296875,2700.0,2704.0,2638.0,2670.0,1722000
2021-03-12,2457.666015625,2670.0,2700.0,2663.0,2700.0,1439200
2021-03-15,2530.383544921875,2749.0,2751.0,2693.0,2715.0,2038400
2021-03-16,2545.111083984375,2765.0,2804.0,2748.0,2767.0,1777500
2021-03-17,2577.32763671875,2800.0,2800.0,2726.0,2750.0,1203600
2021-03-18,2584.69140625,2808.0,2829.0,2770.0,2799.0,1862500
2021-03-19,2529.462890625,2748.0,2779.0,2722.0,2749.0,2014100
2021-03-22,2534.06494140625,2753.0,2766.0,2723.0,2745.0,1294800
2021-03-23,2454.90478515625,2667.0,2752.0,2659.0,2732.0,1984200
2021-03-24,2409.80126953125,2618.0,2688.0,2602.0,2674.0,1916500
2021-03-25,2462.267822265625,2675.0,2699.0,2605.0,2606.0,1514400
2021-03-26,2382.18701171875,2588.0,2703.0,2494.0,2700.0,6177600
2021-03-29,2366.5390625,2571.0,2627.0,2547.0,2600.0,2642900
2021-03-30,2398.755615234375,2606.0,2613.0,2530.0,2536.0,1819600
2021-03-31,2409.80126953125,2618.0,2626.0,2552.0,2584.0,1424500
2021-04-01,2383.107666015625,2589.0,2639.0,2581.0,2632.0,1346400
2021-04-02,2388.630126953125,2595.0,2612.0,2524.0,2571.0,2020800
2021-04-05,2435.574462890625,2646.0,2658.0,2603.0,2626.0,1337000
2021-04-06,2389.55078125,2596.0,2663.0,2577.0,2656.0,1567000
2021-04-07,2387.7099609375,2594.0,2626.0,2568.0,2623.0,1503600
2021-04-08,2390.47119140625,2597.0,2628.0,2554.0,2589.0,1550400
2021-04-09,2359.175048828125,2563.0,2610.0,2555.0,2581.0,1444700
2021-04-12,2308.54931640625,2508.0,2587.0,2482.0,2584.0,2123300
2021-04-13,2304.866943359375,2504.0,2506.0,2455.0,2480.0,2248800
2021-04-14,2358.2548828125,2562.0,2578.0,2467.0,2498.0,2880900
2021-04-15,2245.036376953125,2439.0,2479.0,2378.0,2412.0,6778400
2021-04-16,2225.70654296875,2418.0,2469.0,2392.0,2456.0,3313700
2021-04-19,2118.0107421875,2301.0,2407.0,2296.0,2385.0,5342000
2021-04-20,2139.181884765625,2324.0,2343.0,2280.0,2292.0,3079000
2021-04-21,2088.555908203125,2269.0,2306.0,2231.0,2300.0,2760000
2021-04-22,2111.567626953125,2294.0,2295.0,2220.0,2280.0,2932900
2021-04-23,2096.83984375,2278.0,2318.0,2269.0,2282.0,1670600
2021-04-26,2124.454345703125,2308.0,2323.0,2264.0,2282.0,1800600
2021-04-27,2094.999267578125,2276.0,2306.0,2269.0,2300.0,1983500
2021-04-28,2125.37451171875,2309.0,2347.0,2289.0,2303.0,5701000
2021-04-30,2117.09033203125,2300.0,2346.0,2300.0,2321.0,1864500
2021-05-06,2165.875732421875,2353.0,2368.0,2300.0,2310.0,2174700
2021-05-07,2152.989013671875,2339.0,2377.0,2336.0,2358.0,2242500
2021-05-10,2150.2275390625,2336.0,2361.0,2311.0,2351.0,1624300
2021-05-11,2095.91943359375,2277.0,2341.0,2263.0,2326.0,1754900
2021-05-12,2020.440673828125,2195.0,2269.0,2162.0,2250.0,2866400
2021-05-13,2019.5203857421875,2194.0,2211.0,2151.0,2153.0,1956600
2021-05-14,2021.3607177734373,2196.0,2218.0,2178.0,2210.0,1321900
2021-05-17,2028.724853515625,2204.0,2224.0,2191.0,2222.0,1013500
2021-05-18,2063.702880859375,2242.0,2260.0,2210.0,2215.0,1219600
2021-05-19,2009.3948974609373,2183.0,2216.0,2175.0,2200.0,1610500
2021-05-20,1977.1785888671875,2148.0,2158.0,2124.0,2148.0,1816800
2021-05-21,2004.79248046875,2178.0,2184.0,2150.0,2152.0,1489900
2021-05-24,2001.110595703125,2174.0,2211.0,2169.0,2198.0,975600
2021-05-25,1988.2239990234373,2160.0,2180.0,2146.0,2173.0,1116900
2021-05-26,1984.5419921875,2156.0,2172.0,2147.0,2158.0,1053800
2021-05-27,1944.961669921875,2113.0,2162.0,2097.0,2156.0,3650200
2021-05-28,1950.484619140625,2119.0,2156.0,2108.0,2149.0,1908200
2021-05-31,1913.6656494140625,2079.0,2120.0,2070.0,2095.0,1533900
2021-06-01,1932.9954833984373,2100.0,2108.0,2082.0,2098.0,990700
2021-06-02,1944.961669921875,2113.0,2128.0,2090.0,2110.0,1726100
2021-06-03,1945.8822021484373,2114.0,2150.0,2108.0,2122.0,1553100
2021-06-04,1932.9954833984373,2100.0,2105.0,2081.0,2092.0,1219300
2021-06-07,1932.9954833984373,2100.0,2118.0,2095.0,2108.0,1176400
2021-06-08,1942.200439453125,2110.0,2113.0,2075.0,2082.0,1238100
2021-06-09,1961.5303955078125,2131.0,2144.0,2106.0,2118.0,2017000
2021-06-10,1942.200439453125,2110.0,2167.0,2106.0,2159.0,2042700
2021-06-11,1932.0751953125,2099.0,2129.0,2091.0,2129.0,2105100
2021-06-14,1932.9954833984373,2100.0,2126.0,2092.0,2124.0,1390000
2021-06-15,1940.359130859375,2108.0,2113.0,2090.0,2091.0,1390600
2021-06-16,1947.7232666015625,2116.0,2144.0,2107.0,2110.0,1618300
2021-06-17,1932.0751953125,2099.0,2130.0,2092.0,2123.0,1736300
2021-06-18,1906.3017578125,2071.0,2105.0,2062.0,2100.0,2857000
2021-06-21,1870.4033203125,2032.0,2042.0,2002.0,2027.0,2290500
2021-06-22,1916.4271240234373,2082.0,2102.0,2059.0,2082.0,2226700
2021-06-23,1956.0074462890625,2125.0,2147.0,2081.0,2082.0,2588700
2021-06-24,1980.860107421875,2152.0,2183.0,2124.0,2124.0,2704600
2021-06-25,2054.498291015625,2232.0,2266.0,2199.0,2202.0,4052800
2021-06-28,2143.7841796875,2329.0,2342.0,2252.0,2255.0,4202200
2021-06-29,2167.71630859375,2355.0,2398.0,2331.0,2392.0,4191800
2021-06-30,2144.704833984375,2330.0,2379.0,2329.0,2368.0,3323300
2021-07-01,2129.97705078125,2314.0,2328.0,2278.0,2328.0,2529800
2021-07-02,2133.6591796875,2318.0,2351.0,2300.0,2313.0,2283500
2021-07-05,2042.5318603515625,2219.0,2369.0,2197.0,2368.0,5879200
2021-07-06,1955.087158203125,2124.0,2210.0,2112.0,2200.0,4907000
2021-07-07,1936.677734375,2104.0,2153.0,2077.0,2117.0,3858600
2021-07-08,1905.38134765625,2070.0,2113.0,2066.0,2097.0,3372400
2021-07-09,1896.176513671875,2060.0,2063.0,2020.0,2045.0,2901500
2021-07-12,1926.552490234375,2093.0,2115.0,2083.0,2102.0,2173900
2021-07-13,1973.4967041015625,2144.0,2144.0,2096.0,2105.0,2114100
2021-07-14,1977.1785888671875,2148.0,2189.0,2132.0,2145.0,3305200
2021-07-15,1964.291748046875,2134.0,2156.0,2128.0,2140.0,1866500
2021-07-16,1941.2802734375,2109.0,2120.0,2096.0,2115.0,1709700
2021-07-19,1907.222412109375,2072.0,2100.0,2058.0,2072.0,1650500
2021-07-20,1899.858642578125,2064.0,2082.0,2041.0,2049.0,1586000
2021-07-21,1923.790771484375,2090.0,2109.0,2074.0,2106.0,1657000
2021-07-26,2005.713134765625,2179.0,2263.0,2156.0,2169.0,7771200
2021-07-27,1990.0650634765625,2162.0,2188.0,2155.0,2172.0,2714200
2021-07-28,1948.6434326171875,2117.0,2148.0,2107.0,2126.0,2321800
2021-07-29,2026.884033203125,2202.0,2247.0,2188.0,2217.0,3853900
2021-07-30,2042.5318603515625,2219.0,2225.0,2173.0,2185.0,2636300
2021-08-02,2048.9755859375,2226.0,2230.0,2202.0,2219.0,1889000
2021-08-03,2047.1341552734373,2224.0,2227.0,2174.0,2196.0,2011300
2021-08-04,2037.9296875,2214.0,2219.0,2174.0,2200.0,1544900
2021-08-05,1989.1444091796875,2161.0,2205.0,2156.0,2205.0,1698500
2021-08-06,1998.3492431640625,2171.0,2173.0,2114.0,2172.0,1566100
2021-08-10,2032.4071044921875,2208.0,2218.0,2167.0,2186.0,1489100
2021-08-11,2091.317138671875,2272.0,2288.0,2226.0,2231.0,2213600
2021-08-12,2088.555908203125,2269.0,2297.0,2250.0,2266.0,1429100
2021-08-13,2127.215576171875,2311.0,2311.0,2273.0,2280.0,1630800
2021-08-16,2118.0107421875,2301.0,2323.0,2271.0,2304.0,1390400
2021-08-17,2081.192138671875,2261.0,2310.0,2261.0,2310.0,1031400
2021-08-18,2083.033203125,2263.0,2272.0,2223.0,2241.0,1169500
2021-08-19,2076.589599609375,2256.0,2292.0,2250.0,2262.0,1016500
2021-08-20,2035.16845703125,2211.0,2285.0,2203.0,2263.0,1561700
2021-08-23,2052.6572265625,2230.0,2252.0,2222.0,2225.0,985100
2021-08-24,2101.44189453125,2283.0,2283.0,2243.0,2249.0,1740600
2021-08-25,2110.64697265625,2293.0,2353.0,2288.0,2307.0,1653000
2021-08-26,2118.0107421875,2301.0,2310.0,2292.0,2308.0,1227200
2021-08-27,2131.818115234375,2316.0,2335.0,2294.0,2299.0,1501900
2021-08-30,2222.81005859375,2394.0,2395.0,2316.0,2317.0,3211400
2021-08-31,2189.384765625,2358.0,2405.0,2329.0,2399.0,2310500
2021-09-01,2208.883056640625,2379.0,2398.0,2352.0,2364.0,1544400
2021-09-02,2192.169677734375,2361.0,2374.0,2337.0,2374.0,1199900
2021-09-03,2257.164306640625,2431.0,2452.0,2346.0,2351.0,2773000
2021-09-06,2307.30322265625,2485.0,2492.0,2442.0,2470.0,1816100
2021-09-07,2324.944580078125,2504.0,2505.0,2466.0,2483.0,1488900
2021-09-08,2309.159912109375,2487.0,2491.0,2451.0,2466.0,1423600
2021-09-09,2297.08935546875,2474.0,2496.0,2459.0,2487.0,1142900
2021-09-10,2358.369873046875,2540.0,2559.0,2476.0,2477.0,2874900
2021-09-13,2375.082763671875,2558.0,2562.0,2523.0,2537.0,1231900
2021-09-14,2391.7958984375,2576.0,2615.0,2561.0,2571.0,2008000
2021-09-15,2399.223876953125,2584.0,2592.0,2539.0,2558.0,1583600
2021-09-16,2367.655029296875,2550.0,2609.0,2549.0,2599.0,2434200
2021-09-17,2410.36572265625,2596.0,2597.0,2545.0,2560.0,1947300
2021-09-21,2383.439453125,2567.0,2580.0,2455.0,2503.0,2043200
2021-09-22,2330.515625,2510.0,2547.0,2497.0,2517.0,2132700
2021-09-24,2366.726318359375,2549.0,2561.0,2531.0,2550.0,1509800
2021-09-27,2383.439453125,2567.0,2594.0,2553.0,2560.0,1078800
2021-09-28,2323.087646484375,2502.0,2546.0,2492.0,2543.0,1659400
2021-09-29,2298.9462890625,2476.0,2480.0,2432.0,2452.0,1934600
2021-09-30,2321.230224609375,2500.0,2515.0,2423.0,2465.0,2357700
2021-10-01,2268.30615234375,2443.0,2472.0,2437.0,2450.0,1480500
2021-10-04,2226.5244140625,2398.0,2486.0,2386.0,2480.0,1477000
2021-10-05,2170.814697265625,2338.0,2354.0,2278.0,2337.0,2582800
2021-10-06,2118.819091796875,2282.0,2373.0,2256.0,2363.0,2406600
2021-10-07,2083.536376953125,2244.0,2287.0,2235.0,2282.0,1878300
2021-10-08,2131.81787109375,2296.0,2326.0,2275.0,2283.0,1477000
2021-10-11,2160.60107421875,2327.0,2352.0,2298.0,2318.0,1315500
2021-10-12,2098.392578125,2260.0,2304.0,2248.0,2300.0,1995600
2021-10-13,2070.537353515625,2230.0,2273.0,2222.0,2257.0,1619800
2021-10-14,2121.604736328125,2285.0,2291.0,2220.0,2247.0,2560300
2021-10-15,2139.24609375,2304.0,2310.0,2125.0,2152.0,7416700
2021-10-18,2127.17578125,2291.0,2356.0,2275.0,2329.0,2956400
2021-10-19,2143.888427734375,2309.0,2341.0,2265.0,2304.0,2224800
2021-10-20,2155.0302734375,2321.0,2350.0,2308.0,2327.0,2084100
2021-10-21,2116.033447265625,2279.0,2337.0,2268.0,2318.0,1716500
2021-10-22,2055.681640625,2214.0,2272.0,2206.0,2264.0,2935000
2021-10-25,2042.6827392578125,2200.0,2210.0,2147.0,2164.0,3114100
2021-10-26,2083.536376953125,2244.0,2273.0,2203.0,2222.0,2249600
2021-10-27,2103.03466796875,2265.0,2282.0,2222.0,2233.0,1881900
2021-10-28,2085.3935546875,2246.0,2269.0,2228.0,2246.0,1242200
2021-10-29,2077.96533203125,2238.0,2256.0,2203.0,2239.0,1869600
2021-11-01,2117.890869140625,2281.0,2293.0,2265.0,2280.0,1618200
2021-11-02,2113.248291015625,2276.0,2297.0,2253.0,2285.0,1180700
2021-11-04,2026.8984375,2183.0,2243.0,2151.0,2243.0,4703300
2021-11-05,1977.688232421875,2130.0,2161.0,2083.0,2150.0,4994800
2021-11-08,1977.688232421875,2130.0,2145.0,2120.0,2142.0,1549300
2021-11-09,1972.1175537109373,2124.0,2158.0,2106.0,2154.0,1598100
2021-11-10,1953.5478515625,2104.0,2131.0,2093.0,2127.0,1312800
2021-11-11,1951.6904296875,2102.0,2105.0,2075.0,2094.0,1249400
2021-11-12,1956.3328857421875,2107.0,2124.0,2089.0,2097.0,1649200
2021-11-15,1940.5484619140625,2090.0,2109.0,2075.0,2100.0,2152900
2021-11-16,1929.40673828125,2078.0,2113.0,2075.0,2099.0,1470400
2021-11-17,1907.122802734375,2054.0,2084.0,2041.0,2080.0,1942300
2021-11-18,1879.26806640625,2024.0,2047.0,2007.0,2039.0,2602600
2021-11-19,1872.7686767578125,2017.0,2032.0,2003.0,2019.0,1776900
2021-11-22,1890.41015625,2036.0,2046.0,2014.0,2017.0,1772100
2021-11-24,1873.697265625,2018.0,2058.0,2005.0,2057.0,1558000
2021-11-25,1854.1988525390625,1997.0,2017.0,1991.0,2005.0,1601700
2021-11-26,1807.7740478515625,1947.0,1992.0,1925.0,1987.0,2493800
2021-11-29,1761.3497314453125,1897.0,1916.0,1864.0,1880.0,3681900
2021-11-30,1703.783203125,1835.0,1921.0,1835.0,1900.0,4556400
2021-12-01,1662.929443359375,1791.0,1814.0,1777.0,1800.0,5515300
2021-12-02,1639.71728515625,1766.0,1780.0,1742.0,1769.0,3426800
2021-12-03,1624.861328125,1750.0,1764.0,1723.0,1749.0,4418500
2021-12-06,1624.861328125,1750.0,1765.0,1706.0,1715.0,4277800
2021-12-07,1710.282470703125,1842.0,1846.0,1774.0,1780.0,4637100
2021-12-08,1729.781005859375,1863.0,1889.0,1840.0,1882.0,3042200
2021-12-09,1717.7105712890625,1850.0,1873.0,1843.0,1855.0,1693600
2021-12-10,1689.855712890625,1820.0,1847.0,1805.0,1846.0,2297700
2021-12-13,1697.2835693359375,1828.0,1860.0,1827.0,1835.0,1740900
2021-12-14,1685.2132568359375,1815.0,1832.0,1804.0,1829.0,1587800
2021-12-15,1694.4981689453125,1825.0,1847.0,1821.0,1826.0,1133100
2021-12-16,1701.926025390625,1833.0,1841.0,1818.0,1825.0,1239000
2021-12-17,1647.145263671875,1774.0,1816.0,1760.0,1800.0,3914400
2021-12-20,1624.861328125,1750.0,1769.0,1734.0,1749.0,2596700
2021-12-21,1648.073486328125,1775.0,1786.0,1749.0,1749.0,2457100
2021-12-22,1644.359619140625,1771.0,1791.0,1761.0,1776.0,1741600
2021-12-23,1649.0020751953125,1776.0,1796.0,1767.0,1792.0,1357700
2021-12-24,1630.4322509765625,1756.0,1789.0,1743.0,1780.0,1578900
2021-12-27,1604.4344482421875,1728.0,1742.0,1708.0,1740.0,2662500
2021-12-28,1615.5762939453125,1740.0,1745.0,1725.0,1737.0,2243200
2021-12-29,1625.789794921875,1751.0,1772.0,1735.0,1735.0,2157300
2021-12-30,1628.5751953125,1754.0,1768.0,1727.0,1756.0,1667100
2022-01-04,1648.073486328125,1775.0,1779.0,1742.0,1762.0,2251500
2022-01-05,1635.0748291015625,1761.0,1796.0,1751.0,1793.0,2069000
2022-01-06,1602.5775146484375,1726.0,1775.0,1717.0,1763.0,3065900
2022-01-07,1600.720458984375,1724.0,1752.0,1700.0,1752.0,3248000
2022-01-11,1528.2979736328125,1646.0,1668.0,1596.0,1658.0,7495300
2022-01-12,1558.9384765625,1679.0,1696.0,1662.0,1668.0,2876000
2022-01-13,1538.5115966796875,1657.0,1690.0,1636.0,1678.0,2652100
2022-01-14,1511.5853271484375,1628.0,1656.0,1615.0,1655.0,2467600
2022-01-17,1500.4432373046875,1616.0,1640.0,1614.0,1625.0,1596700
2022-01-18,1480.0164794921875,1594.0,1634.0,1587.0,1630.0,2482200
2022-01-19,1420.593017578125,1530.0,1586.0,1525.0,1569.0,3972500
2022-01-20,1425.235595703125,1535.0,1545.0,1497.0,1523.0,3485500
2022-01-21,1391.809814453125,1499.0,1523.0,1475.0,1508.0,3235800
2022-01-24,1449.376220703125,1561.0,1569.0,1500.0,1504.0,3577000
2022-01-25,1467.017578125,1580.0,1585.0,1549.0,1570.0,3089600
2022-01-26,1500.4432373046875,1616.0,1629.0,1582.0,1594.0,3705700
2022-01-27,1441.9483642578125,1553.0,1619.0,1533.0,1578.0,4139000
2022-01-28,1467.9461669921875,1581.0,1593.0,1547.0,1580.0,2597600
2022-01-31,1519.01318359375,1636.0,1643.0,1581.0,1586.0,2727000
2022-02-01,1535.72607421875,1654.0,1688.0,1649.0,1666.0,2601700
2022-02-02,1595.1495361328125,1718.0,1740.0,1684.0,1694.0,4247400
2022-02-03,1608.1485595703125,1732.0,1747.0,1695.0,1701.0,3466500
2022-02-04,1641.57421875,1768.0,1778.0,1730.0,1731.0,2861100
2022-02-07,1636.931884765625,1763.0,1766.0,1732.0,1749.0,1882200
2022-02-08,1619.2904052734375,1744.0,1764.0,1727.0,1750.0,1937600
2022-02-09,1611.8623046875,1736.0,1761.0,1722.0,1757.0,1549200
2022-02-10,1620.2188720703125,1745.0,1762.0,1728.0,1753.0,1753000
2022-02-14,1639.71728515625,1766.0,1772.0,1714.0,1722.0,2359600
2022-02-15,1614.64794921875,1739.0,1765.0,1726.0,1765.0,2237000
2022-02-16,1612.791015625,1737.0,1770.0,1725.0,1764.0,1568900
2022-02-17,1605.3629150390625,1729.0,1742.0,1716.0,1731.0,1644800
2022-02-18,1618.36181640625,1743.0,1752.0,1706.0,1715.0,1913400
2022-02-21,1637.8599853515625,1764.0,1777.0,1726.0,1728.0,1822800
2022-02-22,1613.7193603515625,1738.0,1744.0,1712.0,1740.0,1728900
2022-02-24,1596.0780029296875,1719.0,1762.0,1693.0,1760.0,3281200
2022-02-25,1607.3511962890625,1711.0,1714.0,1687.0,1708.0,1595400
2022-02-28,1586.683837890625,1689.0,1712.0,1663.0,1705.0,2556600
2022-03-01,1575.41064453125,1677.0,1734.0,1675.0,1712.0,2762900
2022-03-02,1545.3492431640625,1645.0,1667.0,1625.0,1660.0,2551800
2022-03-03,1554.7432861328125,1655.0,1683.0,1639.0,1677.0,2093800
2022-03-04,1519.04541015625,1617.0,1654.0,1597.0,1648.0,2521700
2022-03-07,1424.163818359375,1516.0,1579.0,1491.0,1577.0,4856800
2022-03-08,1383.7685546875,1473.0,1530.0,1472.0,1497.0,3789800
2022-03-09,1396.920654296875,1487.0,1511.0,1453.0,1475.0,2053500
2022-03-10,1474.892578125,1570.0,1576.0,1525.0,1530.0,3387300
2022-03-11,1415.7091064453125,1507.0,1551.0,1493.0,1536.0,2803700
2022-03-14,1416.6483154296875,1508.0,1526.0,1477.0,1489.0,2063100
2022-03-15,1415.7091064453125,1507.0,1536.0,1492.0,1495.0,1997700
2022-03-16,1422.284912109375,1514.0,1527.0,1502.0,1507.0,2195800
2022-03-17,1466.437744140625,1561.0,1581.0,1529.0,1543.0,3012800
2022-03-18,1439.1944580078125,1532.0,1568.0,1519.0,1541.0,2891800
2022-03-22,1407.254150390625,1498.0,1532.0,1492.0,1528.0,3793100
2022-03-23,1447.6492919921875,1541.0,1559.0,1520.0,1534.0,2568400
2022-03-24,1428.8609619140625,1521.0,1527.0,1501.0,1511.0,2132300
2022-03-25,1413.830078125,1505.0,1545.0,1504.0,1537.0,2035800
2022-03-28,1364.980224609375,1453.0,1498.0,1451.0,1495.0,4527900
2022-03-29,1395.9810791015625,1486.0,1492.0,1419.0,1437.0,6307400
2022-03-30,1379.071533203125,1468.0,1497.0,1448.0,1489.0,3361100
2022-03-31,1344.3128662109375,1431.0,1457.0,1431.0,1450.0,4412800
2022-04-01,1354.646484375,1442.0,1455.0,1428.0,1435.0,3612200
2022-04-04,1379.071533203125,1468.0,1488.0,1455.0,1459.0,3454400
2022-04-05,1327.4031982421875,1413.0,1424.0,1385.0,1421.0,8017100
2022-04-06,1293.583984375,1377.0,1422.0,1373.0,1418.0,4298900
2022-04-07,1218.4302978515625,1297.0,1353.0,1293.0,1351.0,6597600
2022-04-08,1190.2476806640625,1267.0,1305.0,1258.0,1302.0,6056500
2022-04-11,1172.3985595703125,1248.0,1268.0,1233.0,1259.0,4578200
2022-04-12,1141.397705078125,1215.0,1254.0,1212.0,1250.0,4710300
2022-04-13,1138.5794677734375,1212.0,1220.0,1186.0,1200.0,5329400
2022-04-14,1166.7620849609375,1242.0,1258.0,1230.0,1250.0,6105300
2022-04-15,1107.57861328125,1179.0,1208.0,1172.0,1180.0,15074100
2022-04-18,1106.6390380859375,1178.0,1199.0,1169.0,1181.0,6629500
2022-04-19,1138.5794677734375,1212.0,1221.0,1174.0,1177.0,6652300
2022-04-20,1147.0343017578125,1221.0,1252.0,1213.0,1241.0,5679300
2022-04-21,1165.82275390625,1241.0,1241.0,1220.0,1225.0,4798400
2022-04-22,1135.76123046875,1209.0,1233.0,1204.0,1216.0,5889600
2022-04-25,1093.4871826171875,1164.0,1185.0,1162.0,1173.0,6554200
2022-04-26,1075.6383056640625,1145.0,1173.0,1144.0,1169.0,6003300
2022-04-27,1070.9410400390625,1140.0,1147.0,1109.0,1115.0,6076400
2022-04-28,1098.184326171875,1169.0,1169.0,1149.0,1161.0,4574900
2022-05-02,1115.0941162109375,1187.0,1195.0,1157.0,1167.0,4174500
2022-05-06,1121.669921875,1194.0,1197.0,1163.0,1179.0,4297100
2022-05-09,1115.0941162109375,1187.0,1221.0,1182.0,1183.0,5030800
2022-05-10,1187.4293212890625,1264.0,1269.0,1171.0,1179.0,9582000
2022-05-11,1173.338134765625,1249.0,1270.0,1237.0,1259.0,4717700
2022-05-12,1118.8515625,1191.0,1229.0,1184.0,1223.0,5499400
2022-05-13,1150.7918701171875,1225.0,1234.0,1189.0,1190.0,4967300
2022-05-16,1158.307373046875,1233.0,1251.0,1215.0,1250.0,3773800
2022-05-17,1189.3082275390625,1266.0,1266.0,1221.0,1222.0,4815900
2022-05-18,1223.1273193359375,1302.0,1307.0,1257.0,1277.0,6296000
2022-05-19,1202.460205078125,1280.0,1289.0,1237.0,1243.0,5157700
2022-05-20,1198.7025146484375,1276.0,1305.0,1268.0,1297.0,4289100
2022-05-23,1245.6737060546875,1326.0,1338.0,1286.0,1300.0,7503700
2022-05-24,1207.1573486328125,1285.0,1321.0,1283.0,1320.0,6388000
2022-05-25,1209.0362548828125,1287.0,1296.0,1264.0,1275.0,3985500
2022-05-26,1227.8245849609375,1307.0,1327.0,1288.0,1297.0,4646900
2022-05-27,1243.794677734375,1324.0,1329.0,1309.0,1326.0,5093800
2022-05-30,1271.0379638671875,1353.0,1378.0,1324.0,1330.0,6438400
2022-05-31,1287.947509765625,1371.0,1383.0,1329.0,1353.0,22654800
2022-06-01,1304.857177734375,1389.0,1392.0,1361.0,1373.0,5068900
2022-06-02,1302.978271484375,1387.0,1396.0,1372.0,1385.0,3602700
2022-06-03,1353.70703125,1441.0,1465.0,1417.0,1443.0,9517500
2022-06-06,1342.4339599609375,1429.0,1439.0,1402.0,1417.0,4769500
2022-06-07,1352.767822265625,1440.0,1442.0,1418.0,1433.0,4867400
2022-06-08,1332.1004638671875,1418.0,1439.0,1408.0,1439.0,5553300
2022-06-09,1329.2822265625,1415.0,1426.0,1395.0,1406.0,3712200
2022-06-10,1302.0389404296875,1386.0,1408.0,1373.0,1406.0,4374700
2022-06-13,1270.0986328125,1352.0,1363.0,1334.0,1341.0,3613600
2022-06-14,1277.61376953125,1360.0,1363.0,1314.0,1323.0,3511900
2022-06-15,1259.7650146484375,1341.0,1359.0,1341.0,1355.0,2416700
2022-06-16,1276.674560546875,1359.0,1389.0,1356.0,1370.0,3405100
2022-06-17,1260.704345703125,1342.0,1342.0,1323.0,1330.0,4170000
2022-06-20,1254.12841796875,1335.0,1361.0,1321.0,1350.0,2246600
2022-06-21,1254.12841796875,1335.0,1353.0,1333.0,1347.0,2486300
2022-06-22,1242.855224609375,1323.0,1345.0,1307.0,1345.0,4046600
2022-06-23,1249.4312744140625,1330.0,1344.0,1319.0,1319.0,2734800
2022-06-24,1288.8870849609375,1372.0,1376.0,1341.0,1341.0,2905100
2022-06-27,1292.644775390625,1376.0,1395.0,1364.0,1395.0,2103800
2022-06-28,1304.857177734375,1389.0,1389.0,1365.0,1370.0,1995400
2022-06-29,1300.1600341796875,1384.0,1386.0,1359.0,1369.0,4163300
2022-06-30,1299.2205810546875,1383.0,1394.0,1373.0,1394.0,2223200
2022-07-01,1123.548828125,1196.0,1234.0,1185.0,1212.0,16351500
2022-07-04,1159.246826171875,1234.0,1256.0,1218.0,1219.0,8555700
2022-07-05,1145.1553955078125,1219.0,1254.0,1207.0,1250.0,6179100
2022-07-06,1170.5198974609375,1246.0,1250.0,1219.0,1220.0,4596400
2022-07-07,1163.9439697265625,1239.0,1249.0,1225.0,1234.0,3172300
2022-07-08,1191.187255859375,1268.0,1293.0,1266.0,1284.0,5017300
2022-07-11,1192.1265869140625,1269.0,1298.0,1254.0,1272.0,5323700
2022-07-12,1160.1861572265625,1235.0,1268.0,1223.0,1258.0,4673800
2022-07-13,1199.641845703125,1277.0,1277.0,1244.0,1259.0,4986000
2022-07-14,1209.9755859375,1288.0,1293.0,1263.0,1270.0,2845200
2022-07-15,1195.88427734375,1273.0,1296.0,1270.0,1277.0,2851400
2022-07-19,1210.9150390625,1289.0,1306.0,1276.0,1302.0,2640400
2022-07-20,1248.4918212890625,1329.0,1339.0,1300.0,1308.0,3124600
2022-07-21,1279.492919921875,1362.0,1364.0,1317.0,1321.0,2620700
2022-07-22,1287.008056640625,1370.0,1374.0,1338.0,1341.0,1986900
2022-07-25,1298.281005859375,1382.0,1385.0,1361.0,1365.0,1867300
2022-07-26,1276.674560546875,1359.0,1371.0,1342.0,1362.0,2325800
2022-07-27,1247.5523681640625,1328.0,1337.0,1320.0,1330.0,4086300
2022-07-28,1243.794677734375,1324.0,1342.0,1318.0,1338.0,2982100
2022-07-29,1246.6131591796875,1327.0,1334.0,1314.0,1331.0,2479300
2022-08-01,1289.8262939453125,1373.0,1374.0,1334.0,1336.0,2456100
2022-08-02,1271.0379638671875,1353.0,1370.0,1341.0,1370.0,2575100
2022-08-03,1219.369873046875,1298.0,1359.0,1294.0,1352.0,5256600
2022-08-04,1221.24853515625,1300.0,1307.0,1275.0,1306.0,2909600
2022-08-05,1211.854248046875,1290.0,1315.0,1281.0,1299.0,2252500
2022-08-08,1212.7938232421875,1291.0,1297.0,1269.0,1285.0,2165800
2022-08-09,1209.0362548828125,1287.0,1315.0,1286.0,1300.0,1372100
2022-08-10,1225.94580078125,1305.0,1306.0,1282.0,1285.0,1889200
2022-08-12,1228.7640380859375,1308.0,1311.0,1295.0,1311.0,3251200
2022-08-15,1220.3092041015625,1299.0,1321.0,1292.0,1321.0,2904500
2022-08-16,1216.551513671875,1295.0,1304.0,1287.0,1303.0,1561000
2022-08-17,1239.09765625,1319.0,1323.0,1297.0,1306.0,3366600
2022-08-18,1231.5821533203125,1311.0,1314.0,1297.0,1310.0,2318700
2022-08-19,1233.4610595703125,1313.0,1333.0,1310.0,1313.0,2734200
2022-08-22,1234.4005126953125,1314.0,1316.0,1292.0,1305.0,1594800
2022-08-23,1250.37060546875,1331.0,1336.0,1305.0,1307.0,2009700
2022-08-24,1256.0072021484375,1337.0,1348.0,1327.0,1329.0,2498900
2022-08-25,1237.21875,1317.0,1338.0,1313.0,1338.0,2353700
2022-08-26,1232.521728515625,1312.0,1328.0,1312.0,1320.0,1820200
2022-08-29,1208.0968017578125,1286.0,1291.0,1267.0,1276.0,6489900
2022-08-30,1216.68505859375,1275.0,1287.0,1261.0,1269.0,2617100
2022-08-31,1240.5416259765625,1300.0,1301.0,1272.0,1280.0,2350400
2022-09-01,1213.822265625,1272.0,1295.0,1271.0,1286.0,1940700
2022-09-02,1200.462646484375,1258.0,1280.0,1245.0,1273.0,2564300
2022-09-05,1191.874267578125,1249.0,1274.0,1249.0,1262.0,2051100
2022-09-06,1200.462646484375,1258.0,1279.0,1250.0,1257.0,1935200
2022-09-07,1173.7431640625,1230.0,1266.0,1221.0,1261.0,3334500
2022-09-08,1214.776611328125,1273.0,1284.0,1253.0,1253.0,3116900
2022-09-09,1210.00537109375,1268.0,1272.0,1261.0,1264.0,2148900
2022-09-12,1237.6788330078125,1297.0,1299.0,1275.0,1278.0,1964900
2022-09-13,1260.5811767578125,1321.0,1324.0,1290.0,1298.0,3267300
2022-09-14,1237.6788330078125,1297.0,1304.0,1282.0,1282.0,2319800
2022-09-15,1235.7703857421875,1295.0,1305.0,1285.0,1302.0,1189600
2022-09-16,1240.5416259765625,1300.0,1307.0,1286.0,1294.0,1792400
2022-09-20,1225.2733154296875,1284.0,1295.0,1273.0,1294.0,1940900
2022-09-21,1195.6912841796875,1253.0,1273.0,1246.0,1266.0,2419000
2022-09-22,1195.6912841796875,1253.0,1265.0,1247.0,1260.0,1953400
2022-09-26,1178.5145263671875,1235.0,1247.0,1226.0,1237.0,1910700
2022-09-27,1180.4229736328125,1237.0,1247.0,1231.0,1239.0,1921300
2022-09-28,1154.657958984375,1210.0,1227.0,1187.0,1224.0,3337800
2022-09-29,1175.65185546875,1232.0,1243.0,1213.0,1223.0,2591000
2022-09-30,1153.7037353515625,1209.0,1240.0,1206.0,1218.0,2414400
2022-10-03,1150.8409423828125,1206.0,1211.0,1175.0,1198.0,2827200
2022-10-04,1195.6912841796875,1253.0,1255.0,1225.0,1225.0,2482200
2022-10-05,1157.5206298828125,1213.0,1258.0,1213.0,1250.0,3363100
2022-10-06,1163.246337890625,1219.0,1236.0,1215.0,1221.0,1989800
2022-10-07,1140.3441162109375,1195.0,1210.0,1194.0,1200.0,3503100
2022-10-11,1135.5726318359375,1190.0,1198.0,1173.0,1190.0,2851300
2022-10-12,1124.1214599609375,1178.0,1196.0,1175.0,1191.0,2442900
2022-10-13,1142.2525634765625,1197.0,1199.0,1177.0,1179.0,2847800
2022-10-14,1230.0447998046875,1289.0,1328.0,1253.0,1280.0,13144100
2022-10-17,1247.2215576171875,1307.0,1329.0,1258.0,1270.0,5308200
2022-10-18,1266.306884765625,1327.0,1335.0,1308.0,1325.0,3760100
2022-10-19,1252.947021484375,1313.0,1337.0,1313.0,1327.0,3571100
2022-10-20,1297.7972412109375,1360.0,1364.0,1315.0,1317.0,6397300
2022-10-21,1352.1903076171875,1417.0,1422.0,1367.0,1367.0,6923700
2022-10-24,1346.46484375,1411.0,1454.0,1408.0,1432.0,5551900
2022-10-25,1342.6478271484375,1407.0,1419.0,1382.0,1410.0,3798300
2022-10-26,1350.281982421875,1415.0,1426.0,1396.0,1409.0,2570500
2022-10-27,1342.6478271484375,1407.0,1412.0,1395.0,1409.0,2667300
2022-10-28,1337.876220703125,1402.0,1419.0,1400.0,1416.0,4393200
2022-10-31,1336.9222412109375,1401.0,1419.0,1384.0,1416.0,2521500
2022-11-01,1384.63525390625,1451.0,1457.0,1404.0,1415.0,3977700
2022-11-02,1379.864013671875,1446.0,1468.0,1432.0,1460.0,3440600
2022-11-04,1331.1966552734375,1395.0,1416.0,1380.0,1416.0,3968800
2022-11-07,1368.4129638671875,1434.0,1445.0,1405.0,1406.0,2766100
2022-11-08,1355.05322265625,1420.0,1445.0,1419.0,1442.0,1792700
2022-11-09,1345.510498046875,1410.0,1424.0,1403.0,1418.0,1408700
2022-11-10,1314.97412109375,1378.0,1399.0,1378.0,1394.0,1968100
2022-11-11,1352.1903076171875,1417.0,1442.0,1407.0,1435.0,2781300
2022-11-14,1397.9951171875,1465.0,1475.0,1427.0,1427.0,4508300
2022-11-15,1384.63525390625,1451.0,1469.0,1431.0,1469.0,2778300
2022-11-16,1377.9554443359375,1444.0,1454.0,1424.0,1451.0,1559700
2022-11-17,1383.68115234375,1450.0,1452.0,1438.0,1440.0,1466400
2022-11-18,1383.68115234375,1450.0,1461.0,1437.0,1459.0,1869300
2022-11-21,1384.63525390625,1451.0,1453.0,1426.0,1450.0,1870100
2022-11-22,1401.8121337890625,1469.0,1472.0,1453.0,1458.0,2117700
2022-11-24,1433.3026123046875,1502.0,1508.0,1480.0,1488.0,4210400
2022-11-25,1419.9429931640625,1488.0,1516.0,1481.0,1512.0,1807900
2022-11-28,1408.491943359375,1476.0,1491.0,1464.0,1489.0,1588200
2022-11-29,1411.3546142578125,1479.0,1479.0,1462.0,1471.0,1730300
2022-11-30,1382.726806640625,1449.0,1474.0,1448.0,1470.0,2304800
2022-12-01,1388.4522705078125,1455.0,1463.0,1436.0,1455.0,3330800
2022-12-02,1349.3275146484375,1414.0,1439.0,1404.0,1438.0,3141300
2022-12-05,1369.3670654296875,1435.0,1435.0,1406.0,1411.0,2140400
2022-12-06,1356.961669921875,1422.0,1429.0,1408.0,1421.0,1754400
2022-12-07,1354.098876953125,1419.0,1443.0,1413.0,1415.0,1536900
2022-12-08,1397.9951171875,1465.0,1467.0,1430.0,1431.0,2927500
2022-12-09,1420.8973388671875,1489.0,1497.0,1474.0,1474.0,2337700
2022-12-12,1470.5189208984375,1541.0,1547.0,1491.0,1496.0,4451100
2022-12-13,1459.06787109375,1529.0,1556.0,1529.0,1537.0,2879100
2022-12-14,1445.7081298828125,1515.0,1547.0,1511.0,1540.0,1779600
2022-12-15,1455.250732421875,1525.0,1541.0,1517.0,1527.0,1799500
2022-12-16,1438.07421875,1507.0,1525.0,1502.0,1517.0,1795400
2022-12-19,1411.3546142578125,1479.0,1498.0,1478.0,1495.0,1685300
2022-12-20,1393.2237548828125,1460.0,1491.0,1438.0,1465.0,2780300
2022-12-21,1410.400390625,1478.0,1505.0,1446.0,1451.0,2299900
2022-12-22,1413.2633056640625,1481.0,1485.0,1456.0,1476.0,1919100
2022-12-23,1410.400390625,1478.0,1490.0,1460.0,1468.0,1365800
2022-12-26,1422.8056640625,1491.0,1501.0,1482.0,1491.0,1426800
2022-12-27,1509.6436767578125,1582.0,1590.0,1520.0,1521.0,4829900
2022-12-28,1500.10107421875,1572.0,1585.0,1554.0,1579.0,2313500
2022-12-29,1474.3360595703125,1545.0,1559.0,1534.0,1550.0,1764300
2022-12-30,1494.3756103515625,1566.0,1578.0,1552.0,1555.0,1744900
2023-01-04,1507.7353515625,1580.0,1585.0,1548.0,1556.0,3051100
2023-01-05,1510.5980224609375,1583.0,1587.0,1557.0,1575.0,3228300
2023-01-06,1490.558349609375,1562.0,1591.0,1558.0,1577.0,3148600
2023-01-10,1344.5562744140625,1409.0,1485.0,1403.0,1485.0,11862200
2023-01-11,1341.6934814453125,1406.0,1444.0,1402.0,1433.0,6148000
2023-01-12,1304.477294921875,1367.0,1419.0,1366.0,1410.0,4543800
2023-01-13,1281.5748291015625,1343.0,1386.0,1342.0,1364.0,4084200
2023-01-16,1266.306884765625,1327.0,1351.0,1321.0,1336.0,3336000
2023-01-17,1293.0260009765625,1355.0,1370.0,1334.0,1349.0,3265400
2023-01-18,1317.8370361328125,1381.0,1398.0,1350.0,1361.0,2602800
2023-01-19,1328.3338623046875,1392.0,1406.0,1380.0,1385.0,2381600
2023-01-20,1317.8370361328125,1381.0,1387.0,1372.0,1380.0,2059300
2023-01-23,1334.0594482421875,1398.0,1402.0,1381.0,1399.0,2037100
2023-01-24,1325.4710693359375,1389.0,1412.0,1386.0,1412.0,1700900
2023-01-25,1369.3670654296875,1435.0,1439.0,1387.0,1389.0,3092100
2023-01-26,1356.961669921875,1422.0,1445.0,1419.0,1445.0,1645000
2023-01-27,1363.6414794921875,1429.0,1434.0,1419.0,1425.0,1300100
2023-01-30,1367.4586181640625,1433.0,1440.0,1418.0,1430.0,2130700
2023-01-31,1368.4129638671875,1434.0,1444.0,1424.0,1442.0,1332100
2023-02-01,1348.373291015625,1413.0,1445.0,1412.0,1435.0,1642900
2023-02-02,1365.550048828125,1431.0,1435.0,1418.0,1420.0,2027100
2023-02-03,1327.379638671875,1391.0,1432.0,1388.0,1431.0,1947300
2023-02-06,1338.830810546875,1403.0,1409.0,1395.0,1400.0,1461900
2023-02-07,1318.791015625,1382.0,1406.0,1379.0,1392.0,1744800
2023-02-08,1311.1572265625,1374.0,1377.0,1353.0,1370.0,2706400
2023-02-09,1322.6082763671875,1386.0,1399.0,1377.0,1387.0,1859400
2023-02-10,1317.8370361328125,1381.0,1391.0,1377.0,1381.0,1181900
2023-02-13,1370.3212890625,1436.0,1440.0,1394.0,1395.0,3552300
2023-02-14,1354.098876953125,1419.0,1452.0,1415.0,1447.0,1872100
2023-02-15,1335.968017578125,1400.0,1421.0,1388.0,1419.0,1950100
2023-02-16,1335.968017578125,1400.0,1428.0,1399.0,1420.0,1819400
2023-02-17,1332.15087890625,1396.0,1404.0,1392.0,1395.0,1563600
2023-02-20,1339.784912109375,1404.0,1405.0,1390.0,1397.0,1360300
2023-02-21,1336.9222412109375,1401.0,1418.0,1398.0,1418.0,1325500
2023-02-22,1309.2486572265625,1372.0,1396.0,1371.0,1390.0,1849800
2023-02-24,1313.065673828125,1376.0,1380.0,1365.0,1378.0,3234200
2023-02-27,1337.274169921875,1381.0,1385.0,1359.0,1367.0,1922600
2023-02-28,1327.5906982421875,1371.0,1380.0,1361.0,1372.0,1287400
2023-03-01,1299.5089111328125,1342.0,1365.0,1337.0,1365.0,2989700
2023-03-02,1283.047119140625,1325.0,1335.0,1310.0,1332.0,3874500
2023-03-03,1279.173828125,1321.0,1339.0,1320.0,1332.0,2989800
2023-03-06,1322.7490234375,1366.0,1369.0,1326.0,1329.0,2982500
2023-03-07,1336.3057861328125,1380.0,1414.0,1377.0,1388.0,3853300
2023-03-08,1347.92578125,1392.0,1394.0,1371.0,1376.0,1175500
2023-03-09,1365.3558349609375,1410.0,1411.0,1394.0,1395.0,2231800
2023-03-10,1350.830810546875,1395.0,1411.0,1389.0,1405.0,1878800
2023-03-13,1417.6461181640625,1464.0,1464.0,1394.0,1394.0,4674700
2023-03-14,1366.32421875,1411.0,1453.0,1391.0,1444.0,3162400
2023-03-15,1360.51416015625,1405.0,1431.0,1390.0,1431.0,2424100
2023-03-16,1370.1976318359375,1415.0,1419.0,1381.0,1383.0,1539600
2023-03-17,1372.1341552734375,1417.0,1433.0,1408.0,1424.0,1221300
2023-03-20,1353.73583984375,1398.0,1417.0,1394.0,1410.0,1481100
2023-03-22,1364.387451171875,1409.0,1418.0,1393.0,1410.0,1104700
2023-03-23,1369.2291259765625,1414.0,1415.0,1392.0,1400.0,1108600
2023-03-24,1376.0076904296875,1421.0,1430.0,1406.0,1414.0,1436800
2023-03-27,1375.0391845703125,1420.0,1436.0,1417.0,1430.0,1092800
2023-03-28,1373.1025390625,1418.0,1428.0,1411.0,1418.0,1382100
2023-03-29,1392.46923828125,1438.0,1438.0,1411.0,1419.0,2009900
2023-03-30,1400.2159423828125,1446.0,1449.0,1433.0,1435.0,1074400
2023-03-31,1456.379638671875,1504.0,1533.0,1446.0,1450.0,4043000
2023-04-03,1461.2213134765625,1509.0,1556.0,1498.0,1512.0,3163000
2023-04-04,1467.03125,1515.0,1515.0,1492.0,1514.0,2251700
2023-04-05,1406.9945068359375,1453.0,1510.0,1437.0,1510.0,4833100
2023-04-06,1396.342529296875,1442.0,1471.0,1437.0,1446.0,1929600
2023-04-07,1370.1976318359375,1415.0,1444.0,1409.0,1433.0,2382800
2023-04-10,1362.4508056640625,1407.0,1439.0,1401.0,1427.0,1936400
2023-04-11,1408.9310302734375,1455.0,1469.0,1428.0,1430.0,3086700
2023-04-12,1431.2027587890625,1478.0,1480.0,1442.0,1442.0,2511200
2023-04-13,1436.04443359375,1483.0,1486.0,1455.0,1478.0,3445300
2023-04-14,1437.0128173828125,1484.0,1530.0,1461.0,1470.0,6613600
2023-04-17,1379.880859375,1425.0,1476.0,1422.0,1470.0,3813900
2023-04-18,1411.836181640625,1458.0,1459.0,1420.0,1420.0,2568700
2023-04-19,1392.46923828125,1438.0,1469.0,1434.0,1469.0,2167400
2023-04-20,1394.406005859375,1440.0,1447.0,1427.0,1438.0,1545900
2023-04-21,1365.3558349609375,1410.0,1438.0,1408.0,1434.0,2629300
2023-04-24,1359.5457763671875,1404.0,1415.0,1401.0,1410.0,1949300
2023-04-25,1354.7042236328125,1399.0,1423.0,1397.0,1404.0,2512000
2023-04-26,1334.3690185546875,1378.0,1404.0,1376.0,1402.0,3396500
2023-04-27,1362.4508056640625,1407.0,1421.0,1381.0,1388.0,7128100
2023-04-28,1380.8492431640625,1426.0,1432.0,1412.0,1432.0,2859000
2023-05-01,1367.29248046875,1412.0,1441.0,1403.0,1434.0,2552600
2023-05-02,1346.95751953125,1391.0,1408.0,1378.0,1408.0,3422900
2023-05-08,1378.9124755859375,1424.0,1424.0,1388.0,1396.0,3852700
2023-05-09,1366.32421875,1411.0,1426.0,1400.0,1421.0,2738300
2023-05-10,1362.4508056640625,1407.0,1428.0,1403.0,1416.0,1626400
2023-05-11,1386.6591796875,1432.0,1445.0,1412.0,1413.0,2833200
2023-05-12,1398.279296875,1444.0,1452.0,1429.0,1451.0,2333900
2023-05-15,1392.46923828125,1438.0,1456.0,1438.0,1452.0,1469200
2023-05-16,1400.2159423828125,1446.0,1446.0,1430.0,1438.0,1329800
2023-05-17,1410.8677978515625,1457.0,1467.0,1440.0,1454.0,1855700
2023-05-18,1456.379638671875,1504.0,1532.0,1489.0,1494.0,4694400
2023-05-19,1447.6644287109375,1495.0,1518.0,1493.0,1511.0,2007800
2023-05-22,1461.2213134765625,1509.0,1520.0,1497.0,1505.0,2790400
2023-05-23,1468.9678955078125,1517.0,1522.0,1498.0,1513.0,2338500
2023-05-24,1420.5511474609375,1467.0,1502.0,1447.0,1498.0,4258900
2023-05-25,1370.1976318359375,1415.0,1460.0,1415.0,1460.0,3555300
2023-05-26,1367.29248046875,1412.0,1431.0,1401.0,1418.0,2982700
2023-05-29,1380.8492431640625,1426.0,1434.0,1415.0,1430.0,2000800
2023-05-30,1353.73583984375,1398.0,1425.0,1393.0,1425.0,2840700
2023-05-31,1325.654052734375,1369.0,1393.0,1368.0,1392.0,3276000
2023-06-01,1333.400634765625,1377.0,1387.0,1363.0,1366.0,1921900
2023-06-02,1365.3558349609375,1410.0,1410.0,1367.0,1371.0,2694500
2023-06-05,1349.862548828125,1394.0,1414.0,1381.0,1414.0,5124700
2023-06-06,1346.4732666015625,1390.5,1404.0,1384.0,1393.5,2605700
2023-06-07,1333.8848876953125,1377.5,1402.5,1377.5,1399.0,2602700
2023-06-08,1322.264892578125,1365.5,1383.5,1356.5,1372.0,2650200
2023-06-09,1345.020751953125,1389.0,1394.5,1375.0,1390.0,2507500
2023-06-12,1344.5367431640625,1388.5,1399.5,1386.0,1398.5,1585900
2023-06-13,1330.9798583984375,1374.5,1399.5,1374.0,1398.0,2706300
2023-06-14,1351.799072265625,1396.0,1398.5,1375.5,1380.0,2194400
2023-06-15,1350.830810546875,1395.0,1408.5,1388.0,1397.0,2201100
2023-06-16,1345.020751953125,1389.0,1394.0,1375.0,1394.0,2856900
2023-06-19,1338.7265625,1382.5,1396.0,1373.5,1394.0,2346700
2023-06-20,1342.5999755859375,1386.5,1388.0,1380.5,1383.0,1229100
2023-06-21,1349.3782958984375,1393.5,1395.0,1381.5,1384.0,1792200
2023-06-22,1337.274169921875,1381.0,1399.0,1381.0,1389.5,2591500
2023-06-23,1339.210693359375,1383.0,1395.0,1372.0,1389.5,2414200
2023-06-26,1347.441650390625,1391.5,1398.5,1384.5,1388.0,2937800
2023-06-27,1341.631591796875,1385.5,1395.5,1378.5,1393.5,2403800
2023-06-28,1371.64990234375,1416.5,1416.5,1389.5,1390.0,3267300
2023-06-29,1385.69091796875,1431.0,1436.0,1410.0,1423.0,2933300
2023-06-30,1377.4599609375,1422.5,1436.5,1404.5,1434.0,3209300
2023-07-03,1375.0391845703125,1420.0,1441.5,1419.0,1431.0,1961100
2023-07-04,1404.08935546875,1450.0,1451.5,1420.0,1428.0,4169200
2023-07-05,1356.15673828125,1400.5,1433.5,1398.5,1432.0,6442200
2023-07-06,1331.464111328125,1375.0,1403.5,1370.5,1400.5,5545600
2023-07-07,1329.043212890625,1372.5,1381.0,1364.0,1375.0,3550300
2023-07-10,1619.5445556640625,1672.5,1672.5,1588.0,1635.0,26425800
2023-07-11,1658.76220703125,1713.0,1774.5,1651.5,1668.0,27421800
2023-07-12,1720.2515869140625,1776.5,1799.0,1720.0,1729.0,13695400
2023-07-13,1646.173828125,1700.0,1786.5,1688.5,1761.5,10090200
2023-07-14,1617.1236572265625,1670.0,1699.5,1632.5,1698.0,8620700
2023-07-18,1627.2911376953125,1680.5,1709.0,1657.5,1680.5,4832600
2023-07-19,1636.974609375,1690.5,1691.5,1658.0,1670.0,3007300
2023-07-20,1645.2054443359375,1699.0,1712.0,1675.5,1695.0,2905800
2023-07-21,1712.5047607421875,1768.5,1769.5,1700.0,1700.0,6610600
2023-07-24,1748.3333740234375,1805.5,1823.5,1771.5,1782.5,6847500
2023-07-25,1739.1341552734375,1796.0,1838.0,1786.5,1816.5,4568000
2023-07-26,1740.1025390625,1797.0,1798.0,1763.0,1777.0,2520100
2023-07-27,1739.618408203125,1796.5,1801.5,1777.0,1795.0,1959800
2023-07-28,1762.3741455078125,1820.0,1820.0,1779.0,1795.0,3317600
2023-07-31,1786.0985107421875,1844.5,1866.5,1834.5,1839.5,4394900
2023-08-01,1827.2529296875,1887.0,1900.0,1869.0,1873.0,4137500
2023-08-02,1802.075927734375,1861.0,1895.0,1846.5,1895.0,3218600
2023-08-03,1820.9586181640625,1880.5,1911.5,1873.5,1901.0,4316400
2023-08-04,1844.1988525390625,1904.5,1942.0,1882.0,1900.0,4900100
2023-08-07,1837.904541015625,1898.0,1917.0,1884.0,1917.0,3141100
2023-08-08,1880.0272216796875,1941.5,1985.0,1926.5,1955.0,4883800
2023-08-09,1903.75146484375,1966.0,1978.0,1908.0,1923.5,3847700
2023-08-10,1916.823974609375,1979.5,1979.5,1934.0,1951.0,2993700
2023-08-14,1921.1815185546875,1984.0,2000.0,1980.0,1984.0,2727200
2023-08-15,1911.9822998046875,1974.5,1982.5,1912.0,1980.0,4480000
2023-08-16,1902.2989501953125,1964.5,1985.0,1940.5,1964.0,2208400
2023-08-17,1854.8504638671875,1915.5,1959.5,1872.5,1945.0,4275700
2023-08-18,1835.9678955078125,1896.0,1903.5,1872.5,1883.0,2992100
2023-08-21,1835.483642578125,1895.5,1904.5,1872.5,1881.5,1873400
2023-08-22,1827.737060546875,1887.5,1915.0,1873.0,1908.5,2204300
2023-08-23,1855.3345947265625,1916.0,1934.0,1882.0,1887.5,1967900
2023-08-24,1857.7554931640625,1918.5,1924.0,1900.0,1912.0,1786200
2023-08-25,1838.3887939453125,1898.5,1913.5,1878.0,1890.0,2572400
2023-08-28,1806.9176025390625,1866.0,1900.5,1821.5,1890.0,5333100
2023-08-29,1805.949462890625,1865.0,1880.0,1848.0,1866.0,3640100
2023-08-30,1829.44140625,1869.0,1911.0,1850.5,1873.5,4173900
2023-08-31,1838.740478515625,1878.5,1878.5,1816.5,1845.0,4323800
2023-09-01,1867.1265869140625,1907.5,1917.0,1869.0,1874.0,2045100
2023-09-04,1883.2774658203125,1924.0,1946.5,1903.0,1910.5,2938000
2023-09-05,1878.3831787109373,1919.0,1958.0,1913.0,1933.0,2374800
2023-09-06,1868.5948486328125,1909.0,1920.0,1895.0,1904.0,2032500
2023-09-07,1875.9361572265625,1916.5,1938.0,1889.0,1900.0,2113900
2023-09-08,1853.912353515625,1894.0,1917.5,1879.0,1903.5,2206100
2023-09-11,1849.507568359375,1889.5,1909.0,1876.0,1903.5,1758500
2023-09-12,1887.192626953125,1928.0,1932.0,1889.0,1889.5,2121000
2023-09-13,1909.7059326171875,1951.0,1978.5,1942.5,1955.0,3757500
2023-09-14,1911.174072265625,1952.5,1988.0,1949.0,1985.0,1881600
2023-09-15,1910.6846923828125,1952.0,1963.5,1912.5,1946.5,2630500
2023-09-19,1911.174072265625,1952.5,1952.5,1929.0,1940.5,1917400
2023-09-20,1886.7032470703125,1927.5,1953.5,1925.5,1931.0,1464300
2023-09-21,1876.4256591796875,1917.0,1942.0,1898.0,1927.0,1503500
2023-09-22,1864.6796875,1905.0,1915.5,1890.0,1896.5,1383100
2023-09-25,1890.6187744140625,1931.5,1942.0,1902.0,1919.5,1829800
2023-09-26,1927.8143310546875,1969.5,1997.5,1948.0,1971.5,4005500
2023-09-27,1919.0047607421875,1960.5,1985.5,1947.0,1952.0,2993200
2023-09-28,1882.298583984375,1923.0,1958.0,1903.0,1958.0,2271400
2023-09-29,1894.533935546875,1935.5,1959.5,1912.0,1916.5,3458900
2023-10-02,1853.912353515625,1894.0,1940.0,1881.5,1940.0,2888800
2023-10-03,1808.885986328125,1848.0,1897.5,1845.5,1897.5,3015500
2023-10-04,1740.8570556640625,1778.5,1817.5,1771.5,1800.0,5368300
2023-10-05,1728.132080078125,1765.5,1785.0,1734.5,1785.0,3933500
2023-10-06,1749.1771240234375,1787.0,1808.5,1763.0,1775.0,2721100
2023-10-10,1779.031494140625,1817.5,1823.0,1790.5,1809.0,2580000
2023-10-11,1756.0289306640625,1794.0,1814.0,1788.0,1810.0,3112100
2023-10-12,1751.624267578125,1789.5,1809.5,1779.5,1809.5,3295500
2023-10-13,1774.1373291015625,1812.5,1818.0,1770.5,1795.5,3790700
2023-10-16,1932.218994140625,1974.0,2080.0,1961.0,1990.0,16432400
2023-10-17,1931.729736328125,1973.5,2034.0,1937.0,2008.5,5971100
2023-10-18,1993.396240234375,2036.5,2043.0,1962.5,2000.0,7008200
2023-10-19,1967.9466552734373,2010.5,2034.0,1989.5,2030.0,4689200
2023-10-20,1958.6475830078125,2001.0,2025.5,1988.5,2020.0,3519000
2023-10-23,1927.8143310546875,1969.5,2001.5,1948.0,1998.0,3276100
2023-10-24,1979.692626953125,2022.5,2034.0,1984.5,2000.0,4395800
2023-10-25,1984.0972900390625,2027.0,2049.0,2005.0,2006.5,2736400
2023-10-26,1964.0311279296875,2006.5,2053.0,1995.0,2022.0,3307800
2023-10-27,2022.2718505859373,2066.0,2068.0,1999.0,2009.0,3437900
2023-10-30,2002.2056884765625,2045.5,2079.5,2035.5,2058.0,3110800
2023-10-31,2076.59716796875,2121.5,2144.0,2071.5,2076.0,5727500
2023-11-01,2067.29833984375,2112.0,2134.5,2096.0,2122.0,3270900
2023-11-02,2055.552490234375,2100.0,2125.5,2088.0,2112.0,3166700
2023-11-06,2132.88037109375,2179.0,2198.5,2147.0,2149.0,5777000
2023-11-07,2122.602294921875,2168.5,2209.5,2154.0,2180.0,3181900
2023-11-08,2118.19775390625,2164.0,2179.5,2115.5,2170.0,3763900
2023-11-09,2140.22119140625,2186.5,2197.0,2161.5,2176.0,2450200
2023-11-10,2132.88037109375,2179.0,2192.5,2143.0,2163.5,2169200
2023-11-13,2072.681884765625,2117.5,2183.5,2105.0,2181.5,4543100
2023-11-14,2023.7401123046875,2067.5,2117.0,2057.0,2100.0,3914600
2023-11-15,2049.67919921875,2094.0,2106.0,2065.0,2087.0,2406700
2023-11-16,2023.7401123046875,2067.5,2084.5,2046.0,2080.0,2113100
2023-11-17,2043.3170166015625,2087.5,2099.5,2055.0,2056.0,1924900
2023-11-20,2039.8909912109373,2084.0,2096.0,2067.5,2080.0,2066400
2023-11-21,2093.72705078125,2139.0,2152.5,2073.0,2083.0,3218400
2023-11-22,2171.544189453125,2218.5,2237.0,2113.0,2139.0,5067200
2023-11-24,2184.758544921875,2232.0,2242.0,2191.0,2235.0,2744100
2023-11-27,2214.61279296875,2262.5,2269.5,2222.5,2230.0,2566100
2023-11-28,2268.44873046875,2317.5,2332.5,2255.0,2265.5,4208900
2023-11-29,2278.237060546875,2327.5,2356.5,2303.5,2320.0,3006000
2023-11-30,2287.046630859375,2336.5,2339.0,2251.5,2306.5,4800900
2023-12-01,2293.8984375,2343.5,2360.0,2318.0,2319.0,2801200
2023-12-04,2314.943603515625,2365.0,2394.0,2328.0,2356.0,3336600
2023-12-05,2260.128662109375,2309.0,2388.0,2287.5,2388.0,4930700
2023-12-06,2233.210693359375,2281.5,2332.0,2268.0,2300.0,3727600
2023-12-07,2156.861572265625,2203.5,2247.5,2203.5,2237.0,3421700
2023-12-08,2157.35107421875,2204.0,2236.5,2168.0,2220.5,3584800
2023-12-11,2184.26904296875,2231.5,2236.0,2184.5,2217.0,3111600
2023-12-12,2303.197265625,2353.0,2367.0,2274.5,2281.5,6199600
2023-12-13,2256.70263671875,2305.5,2364.0,2304.5,2355.0,2877600
2023-12-14,2255.7236328125,2304.5,2332.0,2246.0,2329.5,3860100
2023-12-15,2311.02783203125,2361.0,2362.0,2312.5,2331.0,3562000
2023-12-18,2284.599609375,2334.0,2350.0,2297.5,2348.0,2990000
2023-12-19,2296.8349609375,2346.5,2346.5,2303.0,2330.0,2249900
2023-12-20,2291.451416015625,2341.0,2360.0,2324.0,2344.0,2164300
2023-12-21,2249.361572265625,2298.0,2335.5,2292.0,2309.0,2197200
2023-12-22,2257.681640625,2306.5,2359.5,2296.0,2298.5,2075500
2023-12-25,2281.173583984375,2330.5,2334.0,2286.0,2307.0,1502900
2023-12-26,2288.025634765625,2337.5,2343.0,2304.5,2331.0,1648100
2023-12-27,2339.414306640625,2390.0,2403.0,2343.0,2343.5,3570600
2023-12-28,2328.15771484375,2378.5,2381.0,2342.0,2373.0,1654800
2023-12-29,2309.559814453125,2359.5,2396.5,2349.0,2366.5,2317800
2024-01-04,2264.0439453125,2313.0,2313.0,2313.0,2313.0,327500
2024-01-05,2212.655029296875,2260.5,2313.0,2238.0,2313.0,5079000
2024-01-09,2302.7080078125,2352.5,2352.5,2260.0,2260.0,5146600
2024-01-10,2319.837646484375,2370.0,2381.5,2339.0,2372.5,2752800
2024-01-11,2408.422119140625,2460.5,2463.5,2393.0,2399.0,6415600
2024-01-12,2459.810791015625,2513.0,2526.0,2438.0,2460.0,5357600
2024-01-15,2458.83203125,2512.0,2584.0,2477.5,2563.0,3470200
2024-01-16,2311.517578125,2361.5,2449.5,2331.0,2444.5,8422700
2024-01-17,2289.00439453125,2338.5,2404.0,2335.0,2382.0,7005500
2024-01-18,2327.178955078125,2377.5,2393.0,2361.0,2388.5,3629300
2024-01-19,2303.197265625,2353.0,2406.0,2347.5,2393.0,3546600
2024-01-22,2287.535888671875,2337.0,2367.0,2331.5,2352.0,2869500
2024-01-23,2326.689453125,2377.0,2386.0,2325.0,2360.0,4930000
2024-01-24,2291.451416015625,2341.0,2355.0,2313.5,2348.0,3880900
2024-01-25,2278.726318359375,2328.0,2341.5,2303.0,2334.5,2452800
2024-01-26,2233.7001953125,2282.0,2324.0,2278.0,2319.0,3116000
2024-01-29,2229.78466796875,2278.0,2301.0,2277.5,2300.0,2132200
2024-01-30,2219.996337890625,2268.0,2280.5,2232.0,2270.0,3722500
2024-01-31,2254.25537109375,2303.0,2305.5,2264.0,2280.5,2874000
2024-02-01,2205.803466796875,2253.5,2316.5,2253.5,2285.0,3188800
2024-02-02,2205.803466796875,2253.5,2276.5,2246.0,2275.0,2743100
2024-02-05,2091.76904296875,2137.0,2209.5,2137.0,2203.5,8074300
2024-02-06,2052.12646484375,2096.5,2135.5,2084.0,2135.0,5800700
2024-02-07,2068.277099609375,2113.0,2129.0,2087.5,2105.5,3914300
2024-02-08,2076.107666015625,2121.0,2143.0,2095.0,2118.5,2067900
2024-02-09,2129.454345703125,2175.5,2184.0,2124.0,2131.5,3386900
2024-02-13,2108.898681640625,2154.5,2173.0,2143.5,2170.5,3439900
2024-02-14,2125.04931640625,2171.0,2176.5,2132.0,2142.0,3698600
2024-02-15,2161.266357421875,2208.0,2208.5,2161.0,2177.5,3073000
2024-02-16,2225.3798828125,2273.5,2283.0,2217.5,2227.0,4050900
2024-02-19,2322.77392578125,2373.0,2373.0,2294.5,2308.0,5198600
2024-02-20,2275.7900390625,2325.0,2386.0,2325.0,2375.0,3378100
2024-02-21,2264.533447265625,2313.5,2334.0,2280.5,2320.0,2787600
2024-02-22,2247.40380859375,2296.0,2338.5,2286.5,2335.0,2520500
2024-02-26,2245.446044921875,2294.0,2314.0,2267.0,2286.0,2236800
2024-02-27,2265.511962890625,2314.5,2330.0,2292.0,2310.0,3253800
2024-02-28,2280.32275390625,2309.5,2322.0,2287.0,2310.0,1717300
2024-02-29,2334.13427734375,2364.0,2364.0,2298.0,2308.0,2951200
2024-03-01,2377.578125,2408.0,2410.5,2343.0,2359.5,4103800
2024-03-04,2413.12353515625,2444.0,2457.0,2380.5,2398.0,3168800
2024-03-05,2352.89404296875,2383.0,2418.0,2362.5,2399.5,4551300
2024-03-06,2390.4140625,2421.0,2426.0,2387.0,2400.0,2299700
2024-03-07,2374.6162109375,2405.0,2457.5,2386.0,2421.0,2259500
2024-03-08,2359.805908203125,2390.0,2397.0,2364.0,2385.0,2113800
2024-03-11,2286.246826171875,2315.5,2366.5,2289.0,2344.0,2767100
2024-03-12,2195.90283203125,2224.0,2296.5,2183.5,2294.0,4485700
2024-03-13,2197.877685546875,2226.0,2254.5,2219.0,2242.0,2844800
2024-03-14,2253.663818359375,2282.5,2304.5,2243.5,2250.0,3744000
2024-03-15,2276.373291015625,2305.5,2308.5,2242.5,2250.0,2110500
2024-03-18,2290.690185546875,2320.0,2323.5,2279.5,2300.0,2482100
2024-03-19,2337.09619140625,2367.0,2377.5,2323.0,2324.0,2071500
2024-03-21,2397.32568359375,2428.0,2440.0,2372.5,2385.0,2640400
2024-03-22,2360.299560546875,2390.5,2435.5,2359.0,2430.0,2248100
2024-03-25,2363.261474609375,2393.5,2413.5,2372.0,2390.0,1769200
2024-03-26,2361.780517578125,2392.0,2407.0,2356.5,2393.0,1879100
2024-03-27,2429.90869140625,2461.0,2500.0,2390.5,2392.0,3545300
2024-03-28,2439.782470703125,2471.0,2542.0,2465.0,2466.5,3330300
2024-03-29,2439.782470703125,2471.0,2474.5,2442.0,2449.0,867100
2024-04-01,2432.870849609375,2464.0,2552.0,2464.0,2550.5,2295100
2024-04-02,2376.09716796875,2406.5,2449.0,2392.5,2439.0,2316000
2024-04-03,2443.731689453125,2475.0,2552.0,2441.0,2485.0,5988400
2024-04-04,2478.289794921875,2510.0,2529.5,2481.0,2486.5,2602700
2024-04-05,2484.2138671875,2516.0,2516.5,2472.0,2476.0,1952600
2024-04-08,2546.91162109375,2579.5,2594.0,2518.5,2530.0,3612100
2024-04-09,2536.050537109375,2568.5,2572.0,2500.5,2554.5,2751900
2024-04-10,2500.9990234375,2533.0,2594.0,2513.0,2568.5,2662100
2024-04-11,2529.13916015625,2561.5,2570.0,2514.0,2514.0,2599400
2024-04-12,2465.94775390625,2497.5,2582.5,2483.5,2540.0,5334300
2024-04-15,2369.185791015625,2399.5,2599.0,2384.0,2540.0,8586200
2024-04-16,2280.32275390625,2309.5,2392.0,2290.5,2351.0,4840500
2024-04-17,2307.968994140625,2337.5,2347.5,2247.0,2316.0,4753200
2024-04-18,2378.565673828125,2409.0,2421.0,2328.0,2349.0,3802700
2024-04-19,2407.69287109375,2438.5,2449.0,2362.0,2425.0,3248800
2024-04-22,2424.478271484375,2455.5,2475.5,2431.5,2456.0,2828700
2024-04-23,2488.656982421875,2520.5,2520.5,2446.5,2483.0,2757800
2024-04-24,2532.101318359375,2564.5,2597.5,2534.5,2550.0,3332800
2024-04-25,2463.479248046875,2495.0,2561.5,2494.5,2561.5,2372600
2024-04-26,2443.731689453125,2475.0,2496.0,2450.5,2474.5,5058900
2024-04-30,2523.21484375,2555.5,2564.5,2495.0,2505.5,3091900
2024-05-01,2479.770751953125,2511.5,2540.5,2474.5,2532.0,2716300
2024-05-02,2468.416015625,2500.0,2518.5,2485.5,2505.5,1487600
2024-05-07,2410.161376953125,2441.0,2497.5,2429.5,2465.0,2507000
2024-05-08,2427.933837890625,2459.0,2460.5,2425.5,2440.0,1554200
2024-05-09,2433.858154296875,2465.0,2519.0,2463.0,2465.5,1629600
2024-05-10,2509.3916015625,2541.5,2542.5,2455.5,2465.0,1608000
2024-05-13,2391.89501953125,2422.5,2514.5,2412.0,2491.5,2949600
2024-05-14,2391.89501953125,2422.5,2474.5,2406.0,2417.0,2226500
2024-05-15,2361.780517578125,2392.0,2443.5,2392.0,2424.5,1860100
2024-05-16,2352.89404296875,2383.0,2407.5,2362.0,2371.0,1351500
2024-05-17,2340.552001953125,2370.5,2389.0,2347.5,2379.0,1914300
2024-05-20,2330.184814453125,2360.0,2374.0,2334.0,2352.5,1577700
2024-05-21,2364.742431640625,2395.0,2395.0,2366.5,2370.0,1983200
2024-05-22,2377.08447265625,2407.5,2435.0,2399.0,2427.0,1892900
2024-05-23,2397.8193359375,2428.5,2450.0,2392.0,2450.0,1983500
2024-05-24,2353.881591796875,2384.0,2408.0,2372.5,2388.0,1523700
2024-05-27,2424.971923828125,2456.0,2468.5,2394.5,2400.0,2282000
2024-05-28,2430.40234375,2461.5,2481.5,2447.0,2460.5,1904400
2024-05-29,2486.682373046875,2518.5,2518.5,2469.0,2487.0,2129900
2024-05-30,2468.90966796875,2500.5,2551.0,2493.0,2500.0,1871300
2024-05-31,2549.873779296875,2582.5,2600.0,2509.0,2510.0,3135900
2024-06-03,2532.5947265625,2565.0,2598.0,2518.0,2547.0,2664800
2024-06-04,2486.682373046875,2518.5,2556.5,2500.0,2541.5,1886000
2024-06-05,2565.671630859375,2598.5,2607.5,2509.0,2517.0,2876200
2024-06-06,2567.152587890625,2600.0,2635.0,2587.0,2625.0,1997200
2024-06-07,2540.0,2572.5,2621.0,2557.0,2594.5,1767500
2024-06-10,2579.988525390625,2613.0,2641.5,2578.5,2620.0,1718300
2024-06-11,2687.11767578125,2721.5,2742.0,2660.0,2663.0,6582300
2024-06-12,2679.71240234375,2714.0,2741.0,2683.0,2731.5,2356500
2024-06-13,2694.52294921875,2729.0,2775.5,2695.0,2720.0,2662000
2024-06-14,2725.13134765625,2760.0,2783.5,2700.5,2727.0,2461300
2024-06-17,2669.8388671875,2704.0,2753.5,2678.0,2753.5,2420500
2024-06-18,2626.39453125,2660.0,2711.5,2640.5,2679.5,3401100
2024-06-19,2610.103271484375,2643.5,2688.0,2623.0,2674.0,2460900
2024-06-20,2610.596923828125,2644.0,2644.0,2570.0,2600.0,2374200
2024-06-21,2621.4580078125,2655.0,2669.0,2634.0,2660.0,1954800
2024-06-24,2623.4326171875,2657.0,2679.0,2630.0,2645.0,1748900
2024-06-25,2608.6220703125,2642.0,2703.5,2641.0,2653.0,1546600
2024-06-26,2653.053466796875,2687.0,2688.5,2572.0,2610.5,2338400
2024-06-27,2620.964111328125,2654.5,2697.5,2643.5,2690.0,1380600
2024-06-28,2640.2177734375,2674.0,2678.0,2641.0,2656.5,1650700
2024-07-01,2616.02734375,2649.5,2717.0,2649.5,2705.0,2076900
2024-07-02,2626.39453125,2660.0,2697.0,2648.0,2656.0,1634800
2024-07-03,2660.458984375,2694.5,2765.0,2669.0,2713.0,3925300
2024-07-04,2636.268310546875,2670.0,2716.5,2668.0,2695.0,1375300
2024-07-05,2669.344970703125,2703.5,2717.5,2665.0,2670.5,1544600
2024-07-08,2661.93994140625,2696.0,2707.5,2671.0,2703.5,1696600
2024-07-09,2652.559814453125,2686.5,2732.5,2673.0,2700.0,2728700
2024-07-10,2656.015625,2690.0,2736.5,2686.0,2695.5,2769400
2024-07-11,2677.737548828125,2712.0,2731.5,2694.5,2698.0,2450600
2024-07-12,2606.6474609375,2640.0,2729.0,2618.0,2716.5,5060900
2024-07-16,2696.991455078125,2731.5,2902.0,2728.5,2890.0,10564600
2024-07-17,2725.13134765625,2760.0,2775.5,2685.5,2731.5,5203300
2024-07-18,2643.673583984375,2677.5,2741.0,2677.5,2710.0,3718100
2024-07-19,2792.272216796875,2828.0,2836.0,2738.5,2758.5,6560200
2024-07-22,2802.14599609375,2838.0,2887.0,2810.0,2855.0,5048900
2024-07-23,2856.451171875,2893.0,2926.0,2854.0,2867.0,4536400
2024-07-24,2795.234130859375,2831.0,2893.0,2830.0,2880.0,3561300
2024-07-25,2772.52490234375,2808.0,2834.5,2748.5,2791.0,3005100
2024-07-26,2719.20703125,2754.0,2803.5,2724.5,2775.0,2754300
2024-07-29,2822.880615234375,2859.0,2859.0,2766.0,2781.5,2159600
2024-07-30,2763.638671875,2799.0,2868.0,2741.0,2868.0,3661700
2024-07-31,2805.601806640625,2841.5,2849.5,2758.0,2769.0,2966100
2024-08-01,2691.560791015625,2726.0,2842.0,2716.0,2837.0,3395500
2024-08-02,2506.429443359375,2538.5,2653.5,2526.0,2617.0,5836700
2024-08-05,2183.560791015625,2211.5,2426.0,2199.5,2271.5,6465700
2024-08-06,2420.03515625,2451.0,2506.0,2367.5,2392.0,6023500
2024-08-07,2422.50341796875,2453.5,2523.5,2346.0,2380.0,3504200
2024-08-08,2453.112060546875,2484.5,2538.0,2434.5,2450.0,2389000
2024-08-09,2542.468505859375,2575.0,2600.5,2533.0,2562.5,3456000
2024-08-13,2585.4189453125,2618.5,2619.0,2553.5,2599.0,2320700
2024-08-14,2556.785400390625,2589.5,2624.5,2557.0,2615.0,2966900
2024-08-15,2538.51904296875,2571.0,2625.5,2557.5,2600.0,2553100
2024-08-16,2613.065185546875,2646.5,2657.5,2593.5,2610.0,3379700
2024-08-19,2595.292724609375,2628.5,2644.0,2596.5,2630.5,1808300
2024-08-20,2649.597900390625,2683.5,2689.5,2611.0,2628.0,2424600
2024-08-21,2645.154541015625,2679.0,2705.0,2640.0,2690.0,2524900
2024-08-22,2675.76318359375,2710.0,2751.0,2686.0,2700.0,3591600
2024-08-23,2758.70166015625,2794.0,2794.0,2690.5,2691.5,2607700
2024-08-26,2731.055419921875,2766.0,2849.0,2739.0,2800.0,3615300
2024-08-27,2725.625,2760.5,2779.5,2736.0,2740.0,2224700
2024-08-28,2711.30810546875,2746.0,2762.0,2705.0,2751.0,3230900
2024-08-29,2704.345947265625,2719.0,2723.5,2671.5,2698.0,2413000
2024-08-30,2726.227294921875,2741.0,2747.0,2654.0,2690.0,3743200
2024-09-02,2692.41064453125,2707.0,2758.0,2658.5,2756.0,3453100
2024-09-03,2794.85546875,2810.0,2810.0,2700.0,2702.5,3876400
2024-09-04,2708.82177734375,2723.5,2771.0,2711.5,2760.0,5135500
2024-09-05,2604.387451171875,2618.5,2756.0,2612.5,2699.5,8360900
2024-09-06,2688.929443359375,2703.5,2738.0,2632.0,2665.0,6895900
2024-09-09,2667.048095703125,2681.5,2692.0,2601.0,2603.5,3976900
2024-09-10,2693.4052734375,2708.0,2740.0,2682.5,2740.0,3158100
2024-09-11,2521.8349609375,2535.5,2671.5,2508.0,2660.0,6540700
2024-09-12,2553.662353515625,2567.5,2617.5,2552.0,2584.5,4119300
2024-09-13,2524.321533203125,2538.0,2552.0,2510.5,2546.0,3537200
2024-09-17,2541.229736328125,2555.0,2555.0,2477.0,2507.0,3592700
2024-09-18,2568.084228515625,2582.0,2627.5,2552.0,2570.0,3110000
2024-09-19,2579.522216796875,2593.5,2634.5,2586.0,2601.0,2891800
2024-09-20,2604.387451171875,2618.5,2639.5,2576.0,2611.0,4336100
2024-09-24,2591.45751953125,2605.5,2641.5,2594.0,2637.0,2597200
2024-09-25,2633.231201171875,2647.5,2654.5,2563.5,2608.5,3683300
2024-09-26,2737.665283203125,2752.5,2752.5,2663.5,2670.0,4552700
2024-09-27,2767.00634765625,2782.0,2798.5,2728.0,2750.0,6299200
2024-09-30,2619.803955078125,2634.0,2749.0,2634.0,2690.0,24623400
2024-10-01,2614.8310546875,2629.0,2676.0,2606.0,2607.0,4199100
2024-10-02,2585.9873046875,2600.0,2640.0,2585.0,2607.0,3237800
2024-10-03,2660.5830078125,2675.0,2713.5,2653.5,2680.0,3467700
2024-10-04,2691.416015625,2706.0,2734.5,2691.5,2695.0,3150100
2024-10-07,2772.97412109375,2788.0,2793.0,2716.0,2749.0,4346500
2024-10-08,2726.227294921875,2741.0,2768.0,2721.0,2765.0,2784700
2024-10-09,2739.654541015625,2754.5,2774.5,2731.0,2760.0,2159400
2024-10-10,2707.8271484375,2722.5,2750.0,2697.0,2743.0,2344800
2024-10-11,2695.39453125,2710.0,2737.5,2694.0,2736.0,3209400
2024-10-15,2658.59375,2673.0,2783.0,2657.5,2689.5,7984800
2024-10-16,2585.9873046875,2600.0,2633.0,2581.0,2630.0,4613000
2024-10-17,2567.5869140625,2581.5,2619.0,2562.0,2610.0,2635200
2024-10-18,2529.29443359375,2543.0,2587.5,2533.5,2577.0,2981800
2024-10-21,2506.41845703125,2520.0,2543.0,2505.0,2542.5,2389100
2024-10-22,2441.768798828125,2455.0,2534.5,2420.0,2533.0,4938900
2024-10-23,2349.767333984375,2362.5,2443.5,2360.5,2432.0,4471000
2024-10-24,2341.31298828125,2354.0,2390.0,2324.0,2350.0,3791100
2024-10-25,2330.86962890625,2343.5,2364.5,2314.0,2350.0,2709700
2024-10-28,2363.194580078125,2376.0,2399.0,2325.5,2330.0,2687600
2024-10-29,2413.919677734375,2427.0,2451.0,2372.0,2382.5,3360200
2024-10-30,2453.7041015625,2467.0,2483.5,2441.0,2458.0,4005900
2024-10-31,2498.46142578125,2512.0,2513.5,2460.5,2480.0,3385800
2024-11-01,2454.69873046875,2468.0,2522.0,2465.0,2470.0,2705800
2024-11-05,2557.640869140625,2571.5,2571.5,2493.0,2499.0,3451600
2024-11-06,2619.803955078125,2634.0,2716.5,2610.0,2629.5,6348600
2024-11-07,2617.3173828125,2631.5,2677.0,2585.0,2653.0,2822400
2024-11-08,2664.064208984375,2678.5,2698.5,2653.0,2676.0,3277100
2024-11-11,2695.39453125,2710.0,2710.0,2669.5,2678.0,2382200
2024-11-12,2740.15185546875,2755.0,2794.0,2721.0,2740.0,4974900
2024-11-13,2784.909423828125,2800.0,2835.0,2767.5,2785.0,4069300
2024-11-14,2768.498291015625,2783.5,2805.5,2752.5,2795.0,3425000
2024-11-15,2769.990234375,2785.0,2804.0,2766.5,2774.5,2014100
2024-11-18,2922.16552734375,2938.0,2992.5,2799.0,2800.0,8533500
2024-11-19,2997.756103515625,3014.0,3027.0,2931.0,2971.5,3728900
2024-11-20,3006.70751953125,3023.0,3035.0,2982.5,2999.0,2334100
2024-11-21,2983.83154296875,3000.0,3012.0,2973.5,3001.0,2437300
2024-11-22,3008.69677734375,3025.0,3033.0,2982.0,3021.0,1764700
2024-11-25,3019.637451171875,3036.0,3067.0,3026.0,3050.0,1825000
2024-11-26,2996.761474609375,3013.0,3063.0,2990.0,3044.0,2038600
2024-11-27,3021.626708984375,3038.0,3042.0,2966.5,2996.5,2013300
2024-11-28,3025.605224609375,3042.0,3055.0,3018.0,3022.0,1565100
2024-11-29,3053.4541015625,3070.0,3111.0,3035.0,3039.0,2341700
2024-12-02,3102.190185546875,3119.0,3131.0,3033.0,3069.0,2059300
2024-12-03,3133.02294921875,3150.0,3176.0,3121.0,3130.0,2491100
2024-12-04,3354.8212890625,3373.0,3386.0,3292.0,3385.0,5774400
2024-12-05,3317.02587890625,3335.0,3384.0,3309.0,3370.0,2789100
2024-12-06,3300.11767578125,3318.0,3375.0,3301.0,3340.0,2123600
2024-12-09,3299.123046875,3317.0,3374.0,3291.0,3343.0,1677700
2024-12-10,3277.241455078125,3295.0,3335.0,3261.0,3320.0,1593500
2024-12-11,3400.5732421875,3419.0,3436.0,3348.0,3351.0,2753400
2024-12-12,3450.3037109375,3469.0,3534.0,3463.0,3487.0,3054200
2024-12-13,3434.39013671875,3453.0,3505.0,3421.0,3469.0,2127100
2024-12-16,3452.29296875,3471.0,3482.0,3431.0,3446.0,1399900
2024-12-17,3436.379150390625,3455.0,3475.0,3420.0,3450.0,1559900
2024-12-18,3391.621826171875,3410.0,3442.0,3399.0,3438.0,1544000
2024-12-19,3396.5947265625,3415.0,3436.0,3352.0,3367.0,1328700
2024-12-20,3427.427734375,3446.0,3475.0,3429.0,3475.0,1426300
2024-12-23,3418.476318359375,3437.0,3465.0,3416.0,3463.0,946800
2024-12-24,3430.41162109375,3449.0,3475.0,3426.0,3460.0,833100
2024-12-25,3455.27685546875,3474.0,3474.0,3433.0,3441.0,1085800
2024-12-26,3538.82421875,3558.0,3564.0,3452.0,3473.0,1953200
2024-12-27,3607.4521484375,3627.0,3636.0,3544.0,3565.0,2034500
2024-12-30,3578.608642578125,3598.0,3620.0,3573.0,3620.0,1703400
2025-01-06,3530.8671875,3550.0,3620.0,3542.0,3616.0,2202700
2025-01-07,3554.73779296875,3574.0,3592.0,3555.0,3558.0,1511400
2025-01-08,3546.781005859375,3566.0,3592.0,3538.0,3543.0,2322900
2025-01-09,3555.732421875,3575.0,3605.0,3546.0,3555.0,1975800
2025-01-10,3515.947998046875,3535.0,3560.0,3511.0,3560.0,3296900
2025-01-14,3680.058837890625,3700.0,3867.0,3671.0,3815.0,9459500
2025-01-15,3656.188232421875,3676.0,3781.0,3657.0,3673.0,3570500
2025-01-16,3666.13427734375,3686.0,3755.0,3679.0,3694.0,2431100
2025-01-17,3707.907958984375,3728.0,3741.0,3658.0,3690.0,2115200
2025-01-20,3684.037353515625,3704.0,3765.0,3697.0,3760.0,1689300
2025-01-21,3689.01025390625,3709.0,3769.0,3680.0,3733.0,1655400
2025-01-22,3739.7353515625,3760.0,3777.0,3691.0,3714.0,2294000
2025-01-23,3824.27734375,3845.0,3858.0,3773.0,3785.0,2237500
2025-01-24,3897.87841796875,3919.0,3945.0,3855.0,3855.0,3463300
2025-01-27,3938.657470703125,3960.0,3989.0,3923.0,3935.0,2800000
2025-01-28,3987.3935546875,4009.0,4045.0,3971.0,3971.0,2790900
2025-01-29,4058.0107421875,4080.0,4080.0,3999.0,4015.0,1763400
2025-01-30,4068.951416015625,4091.0,4114.0,4051.0,4055.0,1660500
2025-01-31,4099.78466796875,4122.0,4125.0,4071.0,4081.0,1964400
2025-02-03,4056.021484375,4078.0,4125.0,4032.0,4123.0,2536100
2025-02-04,3987.3935546875,4009.0,4098.0,3983.0,4085.0,2611600
2025-02-05,4007.28564453125,4029.0,4074.0,4007.0,4060.0,2190800
2025-02-06,3954.5712890625,3976.0,4044.0,3975.0,4035.0,1818800
2025-02-07,3893.900146484375,3915.0,4000.0,3915.0,3976.0,1689400
2025-02-10,3985.404296875,4007.0,4014.0,3896.0,3900.0,1287000
2025-02-12,3982.42041015625,4004.0,4066.0,3995.0,4042.0,2012500
2025-02-13,4053.037841796875,4075.0,4075.0,3981.0,4025.0,1751700
2025-02-14,3991.371826171875,4013.0,4091.0,4000.0,4080.0,1514500
2025-02-17,4008.2802734375,4030.0,4067.0,4014.0,4050.0,991800
2025-02-18,3960.5390625,3982.0,4044.0,3955.0,4044.0,1195000
2025-02-19,3897.87841796875,3919.0,3982.0,3912.0,3966.0,1703200
2025-02-20,3898.873046875,3920.0,3970.0,3802.0,3895.0,3077900
2025-02-21,4115.6982421875,4138.0,4180.0,3949.0,3960.0,4293500
2025-02-25,4080.88671875,4103.0,4130.0,4021.0,4090.0,2988200
2025-02-26,4060.0,4082.0,4129.0,4028.0,4122.0,2190600
2025-02-27,4117.0,4117.0,4130.0,4060.0,4082.0,1496900
2025-02-28,3953.0,3953.0,4123.0,3934.0,4102.0,2444800
2025-03-03,4044.0,4044.0,4075.0,3981.0,3989.0,2659500
2025-03-04,3900.0,3900.0,3989.0,3876.0,3980.0,2249400
2025-03-05,3887.0,3887.0,3935.0,3864.0,3901.0,2184300
2025-03-06,3900.0,3900.0,3918.0,3856.0,3890.0,1468200
2025-03-07,3823.0,3823.0,3949.0,3810.0,3878.0,2524100
2025-03-10,3507.0,3507.0,3798.0,3503.0,3792.0,6410700
2025-03-11,3565.0,3565.0,3565.0,3310.0,3326.0,6117200
2025-03-12,3711.0,3711.0,3790.0,3594.0,3597.0,4414600
2025-03-13,3747.0,3747.0,3869.0,3747.0,3818.0,3853100
2025-03-14,3900.0,3900.0,3911.0,3734.0,3784.0,3774200
2025-03-17,3900.0,3900.0,3933.0,3851.0,3900.0,2367800
2025-03-18,4006.0,4006.0,4022.0,3934.0,3956.0,2397100
2025-03-19,4012.0,4012.0,4036.0,3943.0,4020.0,2374300
2025-03-21,3954.0,3954.0,4044.0,3954.0,4012.0,2639600
2025-03-24,4121.0,4121.0,4133.0,3963.0,3977.0,2611900
2025-03-25,4173.0,4173.0,4285.0,4140.0,4185.0,3899100
2025-03-26,4211.0,4211.0,4211.0,4153.0,4174.0,2016100
2025-03-27,4149.0,4149.0,4189.0,4118.0,4169.0,2364400
2025-03-28,4134.0,4134.0,4210.0,4120.0,4200.0,2038200
2025-03-31,4061.0,4061.0,4104.0,3981.0,3994.0,3087400
2025-04-01,4097.0,4097.0,4135.0,4063.0,4100.0,2338400
2025-04-02,4107.0,4107.0,4127.0,4051.0,4117.0,2162300
2025-04-03,4273.0,4273.0,4283.0,3993.0,3996.0,5855900
2025-04-04,4179.0,4179.0,4303.0,4112.0,4203.0,3855600
2025-04-07,3974.0,3974.0,4040.0,3830.0,3830.0,4340400
2025-04-08,4233.0,4233.0,4254.0,4062.0,4090.0,3670700
2025-04-09,4168.0,4168.0,4260.0,4076.0,4226.0,4405600
2025-04-10,4484.0,4484.0,4495.0,4322.0,4350.0,5677900
2025-04-11,4414.0,4414.0,4414.0,4270.0,4344.0,5147300
2025-04-14,4322.0,4322.0,4453.0,4070.0,4134.0,11397300
2025-04-15,4525.0,4525.0,4534.0,4272.0,4309.0,7968600
2025-04-16,4614.0,4614.0,4674.0,4555.0,4610.0,7391100
2025-04-17,4680.0,4680.0,4707.0,4561.0,4640.0,5692500
2025-04-18,4910.0,4910.0,4945.0,4694.0,4705.0,7855400
2025-04-21,4942.0,4942.0,4972.0,4845.0,4875.0,6253700
2025-04-22,4824.0,4824.0,4934.0,4808.0,4913.0,5516700
2025-04-23,4790.0,4790.0,4877.0,4775.0,4830.0,4997400
2025-04-24,4570.0,4570.0,4809.0,4551.0,4799.0,5907700
2025-04-25,4626.0,4626.0,4660.0,4516.0,4560.0,4238300
2025-04-28,4930.0,4930.0,4943.0,4585.0,4607.0,8891800
2025-04-30,4850.0,4850.0,4948.0,4835.0,4940.0,5492100
2025-05-01,4663.0,4663.0,4910.0,4646.0,4908.0,4516100
2025-05-02,4769.0,4769.0,4784.0,4628.0,4640.0,4062100
2025-05-07,5031.0,5031.0,5171.0,4996.0,4996.0,8973600
2025-05-08,4900.0,4900.0,5053.0,4886.0,5033.0,3721200
2025-05-09,4920.0,4920.0,4965.0,4865.0,4931.0,3429800
2025-05-12,4889.0,4889.0,4947.0,4758.0,4937.0,3744900
2025-05-13,4925.0,4925.0,4936.0,4820.0,4889.0,3709300
2025-05-14,5126.0,5126.0,5163.0,4932.0,4952.0,5714500
2025-05-15,5193.0,5193.0,5211.0,5022.0,5081.0,3092200
2025-05-16,5214.0,5214.0,5250.0,5161.0,5238.0,3016400
2025-05-19,5265.0,5265.0,5276.0,5197.0,5264.0,2867900
2025-05-20,5188.0,5188.0,5263.0,5121.0,5238.0,3017600
2025-05-21,5237.0,5237.0,5298.0,5230.0,5270.0,2634700
2025-05-22,5263.0,5263.0,5325.0,5206.0,5245.0,2285200
2025-05-23,5290.0,5290.0,5303.0,5225.0,5250.0,1727700
2025-05-26,5346.0,5346.0,5508.0,5305.0,5358.0,3307200
2025-05-27,5424.0,5424.0,5459.0,5286.0,5325.0,2736000
2025-05-28,5384.0,5384.0,5462.0,5370.0,5425.0,1991600
2025-05-29,5405.0,5405.0,5449.0,5326.0,5365.0,2450100
2025-05-30,5540.0,5540.0,5540.0,5406.0,5426.0,4043700
2025-06-02,5540.0,5540.0,5559.0,5462.0,5521.0,2419300
2025-06-03,5669.0,5669.0,5669.0,5561.0,5588.0,3891600
2025-06-04,5928.0,5928.0,5937.0,5637.0,5684.0,6354100
2025-06-05,6034.0,6034.0,6052.0,5901.0,5915.0,4690800
2025-06-06,6155.0,6155.0,6165.0,5965.0,6030.0,5395500
2025-06-09,6145.0,6145.0,6194.0,6058.0,6180.0,5448400
2025-06-10,6117.0,6117.0,6199.0,6076.0,6095.0,4133000
2025-06-11,6300.0,6300.0,6309.0,6118.0,6189.0,7895500
2025-06-12,6317.0,6317.0,6344.0,6218.0,6242.0,4771400
2025-06-13,6257.0,6257.0,6420.0,6235.0,6380.0,5651400
2025-06-16,6495.0,6495.0,6495.0,6226.0,6235.0,4423600
2025-06-17,6407.0,6407.0,6490.0,6371.0,6451.0,4779700
2025-06-18,6500.0,6500.0,6639.0,6418.0,6475.0,5598300
2025-06-19,6683.0,6683.0,6683.0,6530.0,6550.0,4706800
2025-06-20,6604.0,6604.0,6761.0,6604.0,6700.0,6836000
2025-06-23,6715.0,6715.0,6729.0,6402.0,6564.0,5557900
2025-06-24,6828.0,6828.0,6930.0,6667.0,6680.0,6515600
2025-06-25,6791.0,6791.0,6848.0,6672.0,6802.0,6108300
2025-06-26,6875.0,6875.0,6885.0,6735.0,6812.0,5118900
2025-06-27,6951.0,6951.0,6954.0,6856.0,6911.0,4514300
2025-06-30,6925.0,6925.0,7095.0,6756.0,6871.0,8261300
2025-07-01,6987.0,6987.0,7174.0,6946.0,6998.0,8708700
2025-07-02,6932.0,6932.0,6998.0,6721.0,6835.0,8713400
2025-07-03,6674.0,6674.0,6910.0,6488.0,6882.0,19440900
2025-07-04,6920.0,6920.0,7007.0,6675.0,6695.0,17942100
2025-07-07,7197.0,7197.0,7257.0,6945.0,7020.0,17385700
2025-07-08,7238.0,7238.0,7273.0,7092.0,7250.0,11034000
2025-07-09,7128.0,7128.0,7320.0,7111.0,7220.0,10432900
2025-07-10,7046.0,7046.0,7218.0,7029.0,7128.0,10979800
2025-07-11,6979.0,6979.0,7136.0,6938.0,6969.0,7573400
2025-07-14,6920.0,6920.0,7198.0,6727.0,6987.0,29388600
2025-07-15,6665.0,6665.0,7002.0,6530.0,6900.0,22957800
2025-07-16,6738.0,6738.0,6738.0,6417.0,6590.0,16630500
2025-07-17,6629.0,6629.0,6881.0,6613.0,6775.0,13779100
2025-07-18,6800.0,6800.0,6835.0,6650.0,6729.0,10900500
2025-07-22,7102.0,7102.0,7138.0,6870.0,6900.0,11637200
2025-07-23,6800.0,6800.0,7130.0,6728.0,7080.0,15763900
2025-07-24,7194.0,7194.0,7223.0,6805.0,6850.0,17570200
2025-07-25,7163.0,7163.0,7309.0,7125.0,7288.0,11077500
2025-07-28,7030.0,7030.0,7280.0,7013.0,7265.0,10818900
2025-07-29,7334.0,7334.0,7334.0,6939.0,6995.0,13011300
2025-07-30,7130.0,7130.0,7370.0,7121.0,7360.0,11844800
2025-07-31,7170.0,7170.0,7240.0,6923.0,7075.0,14484700
2025-08-01,7391.0,7391.0,7436.0,7174.0,7208.0,11802700
2025-08-04,7430.0,7430.0,7535.0,7265.0,7284.0,12358300
2025-08-05,7177.0,7177.0,7572.0,7140.0,7520.0,14777000
2025-08-06,7222.0,7222.0,7383.0,7109.0,7155.0,11785200
2025-08-07,7350.0,7350.0,7432.0,7180.0,7210.0,9797700
2025-08-08,7217.0,7217.0,7415.0,7167.0,7364.0,8827700
2025-08-12,7369.0,7369.0,7390.0,7201.0,7235.0,8934700
2025-08-13,7410.0,7410.0,7569.0,7280.0,7457.0,9678700
2025-08-14,7150.0,7150.0,7370.0,7073.0,7360.0,7708500
2025-08-15,7200.0,7200.0,7327.0,7165.0,7227.0,7487400
2025-08-18,7175.0,7175.0,7255.0,7091.0,7171.0,5559500
2025-08-19,3572.041748046875,3595.5,3681.5,3581.5,3627.0,14036800
2025-08-20,3531.805908203125,3555.0,3607.0,3511.0,3542.5,10351400
2025-08-21,3498.051513671875,3509.5,3575.0,3478.5,3526.0,9978200
2025-08-22,3467.65087890625,3479.0,3527.5,3443.0,3515.0,10824600
2025-08-25,3374.954345703125,3386.0,3489.0,3333.0,3488.5,19419200
2025-08-26,3374.340087890625,3396.5,3459.0,3379.0,3390.5,42819000
2025-08-27,3350.0,3372.0,3492.0,3341.5,3459.5,16701200
2025-08-28,3290.0,3290.0,3369.0,3283.0,3369.0,6762200
2025-08-29,3188.0,3188.0,3324.0,3155.0,3310.0,13453700
2025-09-01,3196.0,3196.0,3268.0,3128.0,3169.0,8696200
2025-09-02,3115.0,3115.0,3175.0,3081.0,3150.0,9768700
2025-09-03,3017.0,3017.0,3115.0,3005.0,3114.0,12378100
2025-09-04,2972.5,2972.5,3070.0,2930.0,3050.0,15818300
2025-09-05,3104.0,3104.0,3142.0,2928.0,2973.0,28615900
2025-09-08,3066.0,3066.0,3143.0,3026.0,3100.0,10722600
2025-09-09,3076.0,3076.0,3138.0,3052.0,3119.0,6623200
2025-09-10,3088.0,3088.0,3137.0,3038.0,3119.0,9238000
2025-09-11,3212.0,3212.0,3240.0,3149.0,3200.0,10827400
2025-09-12,3243.0,3243.0,3254.0,3146.0,3250.0,9061800
2025-09-16,3145.0,3145.0,3268.0,3138.0,3240.0,8000600
2025-09-17,3159.0,3159.0,3169.0,3075.0,3098.0,6029400
2025-09-18,3122.0,3122.0,3168.0,3108.0,3158.0,4128700
2025-09-19,3052.0,3052.0,3124.0,3033.0,3098.0,7955100
2025-09-22,2978.0,2978.0,3086.0,2967.0,3082.0,9196200
2025-09-24,3071.0,3071.0,3084.0,2890.0,2900.0,8383100
2025-09-25,3018.0,3018.0,3076.0,2995.0,3050.0,5168600
2025-09-26,3013.0,3013.0,3070.0,3000.0,3018.0,5162900
2025-09-29,2997.0,2997.0,3044.0,2978.0,3033.0,4753100
2025-09-30,2945.0,2945.0,2981.5,2940.0,2961.5,5546300
2025-10-01,2900.5,2900.5,2930.5,2868.0,2910.0,6663400
2025-10-02,2903.5,2903.5,2929.0,2845.5,2910.0,5543100
2025-10-03,2690.0,2690.0,2752.5,2652.0,2700.5,18215000
2025-10-06,2675.5,2675.5,2730.0,2638.0,2716.5,13171200
2025-10-07,2656.5,2656.5,2676.5,2623.0,2675.0,7780800
2025-10-08,2702.5,2702.5,2702.5,2651.0,2659.0,7263300
2025-10-09,2727.0,2727.0,2731.5,2662.0,2672.0,8251600
2025-10-10,2788.0,2788.0,2842.0,2698.5,2709.5,19839000
2025-10-14,3162.0,3162.0,3209.0,3000.0,3038.0,28665900
2025-10-15,3139.0,3139.0,3164.0,3011.0,3092.0,13762400
2025-10-16,3151.0,3151.0,3235.0,3080.0,3170.0,9275700
2025-10-17,3131.0,3131.0,3175.0,3085.0,3151.0,6885600
2025-10-20,3053.0,3053.0,3114.0,2924.0,2941.0,19101300
2025-10-21,3070.0,3070.0,3108.0,2964.5,2998.0,11223900
2025-10-22,3139.0,3139.0,3207.0,3102.0,3114.0,9267400
2025-10-23,3161.0,3161.0,3199.0,3104.0,3155.0,7609800
2025-10-24,3096.0,3096.0,3180.0,3087.0,3148.0,5068000
2025-10-27,3028.0,3028.0,3109.0,3024.0,3080.0,6332300
2025-10-28,2912.5,2912.5,3046.0,2912.5,3033.0,6584400
2025-10-29,2870.0,2870.0,2944.0,2852.0,2915.0,5955300
2025-10-30,2900.0,2900.0,2935.0,2845.0,2915.0,6131600
2025-10-31,3169.0,3169.0,3169.0,2924.0,2928.0,13374100
2025-11-04,3191.0,3191.0,3209.0,2936.0,2965.0,12759100
2025-11-05,3242.0,3242.0,3275.0,3120.0,3250.0,7894100
2025-11-06,3245.0,3245.0,3338.0,3150.0,3300.0,8919200
2025-11-07,3403.0,3403.0,3456.0,3266.0,3305.0,17739600
2025-11-10,3442.0,3442.0,3445.0,3325.0,3398.0,7969100
2025-11-11,3398.0,3398.0,3451.0,3348.0,3450.0,6608300
2025-11-12,3340.0,3340.0,3419.0,3317.0,3388.0,6451700
2025-11-13,3305.0,3305.0,3325.0,3232.0,3300.0,4996100
2025-11-14,3248.0,3248.0,3344.0,3237.0,3334.0,5336600
2025-11-17,2943.0,2943.0,3027.0,2870.0,2967.0,15921100
2025-11-18,2938.5,2938.5,3018.0,2905.0,2993.0,10460600
2025-11-19,2971.5,2971.5,3094.0,2931.0,2939.0,10034800
2025-11-20,3002.0,3002.0,3071.0,2970.0,2975.0,7695400
2025-11-21,3051.0,3051.0,3051.0,2940.0,2961.0,8229700
2025-11-25,3032.0,3032.0,3077.0,2975.0,3062.0,9508200
2025-11-26,3144.0,3144.0,3183.0,3050.0,3062.0,6941000
2025-11-27,3163.0,3163.0,3233.0,3126.0,3129.0,5920100
2025-11-28,3099.0,3099.0,3172.0,3071.0,3140.0,4752000
2025-12-01,3139.0,3139.0,3139.0,3038.0,3051.0,5002500
2025-12-02,3020.0,3020.0,3157.0,3018.0,3138.0,4255100
2025-12-03,2951.0,2951.0,2982.0,2889.0,2960.0,8919000
2025-12-04,3060.0,3060.0,3060.0,2969.0,2992.0,5019900
2025-12-05,2922.5,2922.5,3065.0,2922.5,3060.0,5116900
2025-12-08,2941.5,2941.5,2978.5,2908.0,2940.0,4555400
2025-12-09,2987.5,2987.5,3021.0,2962.5,2970.0,5619000
2025-12-10,2988.5,2988.5,3098.0,2970.5,3050.0,6829000
2025-12-11,3041.0,3041.0,3145.0,3020.0,3028.0,7332700
2025-12-12,3035.0,3035.0,3071.0,3014.0,3033.0,4857600
2025-12-15,3028.0,3028.0,3063.0,3001.0,3025.0,3955400
2025-12-16,2966.0,2966.0,3054.0,2966.0,3051.0,4445700
2025-12-17,2985.5,2985.5,3002.0,2969.0,2986.0,2926800
2025-12-18,2973.5,2973.5,2993.0,2957.0,2972.0,4101900
2025-12-19,3027.0,3027.0,3050.0,2977.0,2980.0,3966100
2025-12-22,3000.0,3000.0,3040.0,2968.0,3037.0,3570100
2025-12-23,2981.5,2981.5,3007.0,2967.0,2985.0,2912500
2025-12-24,2956.0,2956.0,2994.5,2956.0,2981.0,2841200
2025-12-25,2837.0,2837.0,2944.5,2822.0,2940.0,10089300
2025-12-26,2865.0,2865.0,2867.5,2810.5,2832.0,7731500
2025-12-29,2808.5,2808.5,2873.0,2803.5,2870.5,6371900
2025-12-30,2782.0,2782.0,2815.0,2772.0,2800.0,5441900
2026-01-05,2850.0,2850.0,2865.0,2804.5,2804.5,7788800
2026-01-06,2925.5,2925.5,2933.0,2825.0,2875.0,7021100
2026-01-07,2805.0,2805.0,2840.0,2775.5,2787.0,10324600
2026-01-08,2776.5,2776.5,2810.5,2770.0,2807.5,4602400
2026-01-09,2824.5,2824.5,2843.5,2778.0,2794.5,5675700
2026-01-13,2816.5,2816.5,2868.0,2781.0,2860.0,7690300
2026-01-14,2893.5,2893.5,2893.5,2791.0,2808.0,8223800
2026-01-15,3234.0,3234.0,3262.0,3125.0,3200.0,19560900
2026-01-16,3170.0,3170.0,3236.0,3106.0,3230.0,7001300
2026-01-19,3135.0,3135.0,3174.0,3043.0,3126.0,7382400
2026-01-20,3230.0,3230.0,3259.0,3172.0,3200.0,6956900
2026-01-21,3134.0,3134.0,3258.0,3101.0,3199.0,4868600
2026-01-22,3051.0,3051.0,3149.0,3051.0,3146.0,4369200
2026-01-23,3034.0,3034.0,3099.0,3024.0,3061.0,3216100
2026-01-26,3037.0,3037.0,3113.0,3034.0,3055.0,3758600
2026-01-27,3066.0,3066.0,3158.0,3042.0,3116.0,5212900
2026-01-28,3035.0,3035.0,3046.0,2995.0,3039.0,3220500
2026-01-29,2998.5,2998.5,3010.0,2950.5,3002.0,4464300
2026-01-30,3081.0,3081.0,3081.0,2987.0,3002.0,3907600
2026-02-02,3198.0,3198.0,3205.0,3077.0,3096.0,5206900
2026-02-03,3253.0,3253.0,3265.0,3175.0,3195.0,4671200
2026-02-04,3146.0,3146.0,3234.0,3120.0,3168.0,6217500
2026-02-05,3279.0,3279.0,3314.0,3180.0,3181.0,5635900
2026-02-06,3270.0,3270.0,3372.0,3265.0,3309.0,4111700
2026-02-09,3245.0,3245.0,3363.0,3216.0,3300.0,6741100
2026-02-10,3409.0,3409.0,3417.0,3300.0,3307.0,6014200
2026-02-12,3527.0,3527.0,3527.0,3422.0,3457.0,6719500
2026-02-13,3500.0,3500.0,3574.0,3471.0,3553.0,6310400
2026-02-16,3500.0,3500.0,3572.0,3500.0,3516.0,3687100
2026-02-17,3516.257080078125,3530.0,3531.0,3474.0,3526.0,2628600
2026-02-18,3588.972900390625,3603.0,3673.0,3553.0,3567.0,4504700
2026-02-19,3635.789794921875,3650.0,3672.0,3570.0,3615.0,3623800
2026-02-20,3605.90673828125,3620.0,3672.0,3614.0,3653.0,3947000
2026-02-24,3518.249267578125,3532.0,3603.0,3453.0,3602.0,5006900
2026-02-25,3582.0,3596.0,3615.0,3494.0,3500.0,3570600
2026-02-26,3522.0,3522.0,3648.0,3518.0,3603.0,4108800
2026-02-27,3597.0,3597.0,3627.0,3559.0,3580.0,5420600
2026-03-02,3635.0,3635.0,3635.0,3445.0,3457.0,3825100
2026-03-03,3444.0,3444.0,3626.0,3406.0,3626.0,4376400
2026-03-04,3484.0,3484.0,3549.0,3403.0,3443.0,5950400
2026-03-05,3473.0,3473.0,3575.0,3470.0,3554.0,3581300
2026-03-06,3585.0,3585.0,3614.0,3504.0,3575.0,3215200
2026-03-09,3571.0,3571.0,3580.0,3427.0,3517.0,4920800
2026-03-10,3576.0,3576.0,3664.0,3542.0,3576.0,3302200
2026-03-11,3767.0,3767.0,3894.0,3712.0,3732.0,8702800
2026-03-12,3684.0,3684.0,3767.0,3660.0,3700.0,3649200
2026-03-13,3757.0,3757.0,3773.0,3606.0,3623.0,3508800
2026-03-16,3646.0,3646.0,3754.0,3606.0,3750.0,2878200
2026-03-17,3667.0,3667.0,3723.0,3639.0,3660.0,1996900
2026-03-18,3649.0,3649.0,3676.0,3612.0,3657.0,3161800
2026-03-19,3516.0,3516.0,3582.0,3498.0,3579.0,4513200
2026-03-23,3391.0,3391.0,3477.0,3369.0,3410.0,4868200
2026-03-24,3370.0,3370.0,3526.0,3340.0,3526.0,3735600
2026-03-25,3485.0,3485.0,3514.0,3457.0,3510.0,4136600
2026-03-26,3407.0,3407.0,3520.0,3376.0,3520.0,2696200
2026-03-27,3440.0,3440.0,3473.0,3377.0,3430.0,3000800
2026-03-30,3312.0,3312.0,3312.0,3193.0,3250.0,5179300
2026-03-31,3334.0,3334.0,3350.0,3229.0,3290.0,3940100
2026-04-01,3497.0,3497.0,3497.0,3373.0,3441.0,3502900
2026-04-02,3333.0,3333.0,3538.0,3330.0,3500.0,4030300
2026-04-03,3471.0,3471.0,3504.0,3389.0,3399.0,4401600
2026-04-06,3583.0,3583.0,3603.0,3445.0,3471.0,3893400
2026-04-07,3532.0,3532.0,3607.0,3528.0,3587.0,2947300
2026-04-08,3639.0,3639.0,3687.0,3565.0,3687.0,4871700
2026-04-09,3604.0,3604.0,3765.0,3597.0,3638.0,5376300
2026-04-10,3750.0,3750.0,3762.0,3597.0,3609.0,6730500
2026-04-13,3804.0,3804.0,3922.0,3730.0,3869.0,10710800
2026-04-14,3776.0,3776.0,3855.0,3663.0,3770.0,6541400
2026-04-15,3910.0,3910.0,3911.0,3753.0,3870.0,4928100
2026-04-16,4016.0,4016.0,4048.0,3901.0,3948.0,5427400
2026-04-17,3942.0,3942.0,4105.0,3893.0,4037.0,4601700
2026-04-20,3856.0,3856.0,3907.0,3788.0,3888.0,4125900
2026-04-21,3785.0,3785.0,3865.0,3760.0,3863.0,2766300
2026-04-22,3752.0,3752.0,3805.0,3651.0,3715.0,3440800
2026-04-23,3779.0,3779.0,3779.0,3647.0,3651.0,3598900
2026-04-24,3702.0,3702.0,3825.0,3688.0,3798.0,2611300
2026-04-27,3617.0,3617.0,3733.0,3617.0,3711.0,4154800
2026-04-28,3695.0,3695.0,3755.0,3660.0,3692.0,2845500
2026-04-30,3617.0,3617.0,3753.0,3599.0,3704.0,4307600
2026-05-01,3635.0,3635.0,3723.0,3542.0,3570.0,2918600
2026-05-07,3654.0,3654.0,3678.0,3601.0,3635.0,5333200
2026-05-08,3650.0,3650.0,3666.0,3554.0,3654.0,4848700
2026-05-11,3643.0,3643.0,3691.0,3626.0,3685.0,3981100
2026-05-12,3440.0,3440.0,3610.0,3408.0,3585.0,5830600
2026-05-13,3492.0,3492.0,3551.0,3482.0,3510.0,2934200
2026-05-14,3427.0,3427.0,3474.0,3395.0,3450.0,2730700
2026-05-15,3360.0,3360.0,3433.0,3358.0,3389.0,3530700
2026-05-18,3293.0,3293.0,3393.0,3265.0,3390.0,3225300
2026-05-19,3386.0,3386.0,3406.0,3301.0,3320.0,3231700
2026-05-20,3504.0,3504.0,3550.0,3449.0,3520.0,4415900
2026-05-21,3453.0,3453.0,3525.0,3437.0,3520.0,2944300
2026-05-22,3616.0,3616.0,3637.0,3462.0,3475.0,3955500
2026-05-25,3660.0,3660.0,3712.0,3589.0,3616.0,3137700
2026-05-26,3624.0,3624.0,3682.0,3566.0,3659.0,2803200
2026-05-27,3688.0,3688.0,3719.0,3610.0,3612.0,2845200
2026-05-28,3738.0,3738.0,3783.0,3674.0,3700.0,3521600
2026-05-29,3883.0,3883.0,3926.0,3715.0,3721.0,6845900
2026-06-01,3676.0,3676.0,3780.0,3632.0,3780.0,4148700
2026-06-02,3691.0,3691.0,3724.0,3586.0,3659.0,3331100
2026-06-03,3679.0,3679.0,3733.0,3563.0,3650.0,4337400
2026-06-04,3563.0,3563.0,3686.0,3561.0,3686.0,2659500
2026-06-05,3507.0,3507.0,3568.0,3501.0,3513.0,2427600
2026-06-08,3555.0,3555.0,3656.0,3525.0,3542.0,3558100
2026-06-09,3553.0,3553.0,3627.0,3487.0,3625.0,3177500
2026-06-10,3647.0,3647.0,3677.0,3554.0,3585.0,4055800
2026-06-11,3720.0,3720.0,3819.0,3656.0,3715.0,4486000
2026-06-12,3716.0,3716.0,3765.0,3635.0,3720.0,4422300
2026-06-15,3629.0,3629.0,3761.0,3597.0,3696.0,3252900
2026-06-16,3568.0,3568.0,3578.0,3466.0,3567.0,3957400
2026-06-17,3605.0,3605.0,3622.0,3549.0,3568.0,2898300
2026-06-18,3562.0,3562.0,3607.0,3502.0,3607.0,3287400
2026-06-19,3496.0,3496.0,3560.0,3452.0,3533.0,4419700
2026-06-22,3500.0,3500.0,3507.0,3466.0,3496.0,2613400
2026-06-23,3452.0,3452.0,3514.0,3420.0,3470.0,3142000
2026-06-24,3431.0,3431.0,3484.0,3378.0,3465.0,2930600
2026-06-25,3527.0,3527.0,3572.0,3434.0,3500.0,4206900
2026-06-26,3502.0,3502.0,3647.0,3442.0,3520.0,3254100
2026-06-29,3594.0,3594.0,3638.0,3505.0,3520.0,3672600
2026-06-30,3539.0,3539.0,3672.0,3520.0,3600.0,4132200
2026-07-01,3472.0,3472.0,3566.0,3466.0,3515.0,3962500
2026-07-02,3510.0,3510.0,3568.0,3498.0,3508.0,4326800
2026-07-03,3615.0,3615.0,3729.0,3600.0,3610.0,6416200
2026-07-06,3670.0,3670.0,3670.0,3584.0,3629.0,3702900
2026-07-07,3811.0,3811.0,3856.0,3631.0,3677.0,6982100
2026-07-08,3812.0,3812.0,3885.0,3769.0,3850.0,5667700
2026-07-09,3752.0,3752.0,3810.0,3720.0,3770.0,4249200
2026-07-10,3623.0,3623.0,3714.0,3614.0,3695.0,5949200
2026-07-13,4233.0,4233.0,4311.0,4026.0,4056.0,16883700
2026-07-14,4310.0,4310.0,4589.0,4278.0,4583.0,10512800
2026-07-15,4166.0,4166.0,4350.0,4109.0,4348.0,6851000
2026-07-16,4370.0,4370.0,4429.0,4285.0,4300.0,6377800
2026-07-17,4259.0,4259.0,4450.0,4243.0,4390.0,6081600
2026-07-21,4244.0,4244.0,4357.0,4228.0,4258.0,3788800
2026-07-22,4161.0,4161.0,4239.0,4135.0,4174.0,4360700
2026-07-23,4224.0,4224.0,4310.0,4114.0,4135.0,3790400
2026-07-24,4202.0,4202.0,4238.0,4121.0,4154.0,3123400
2026-07-27,4313.0,4313.0,4336.0,4221.0,4250.0,3012600
2026-07-28,4305.0,4305.0,4387.0,4237.0,4377.0,3248200
2026-07-29,4414.0,4414.0,4450.0,4320.0,4334.0,4419800
2026-07-30,4224.0,4224.0,4357.0,4162.0,4321.0,4147000
2026-07-31,4177.0,4177.0,4215.0,4040.0,4062.0,3785400
2026-08-03,4217.0,4217.0,4219.0,4060.0,4178.0,4229900
2026-08-04,4212.0,4212.0,4242.0,4154.0,4229.0,2288600
2026-08-05,4260.0,4260.0,4305.0,4208.0,4243.0,3328000
2026-08-06,4395.0,4395.0,4439.0,4360.0,4425.0,3435000
2026-08-07,4412.0,4412.0,4467.0,4374.0,4390.0,2589700
2026-08-10,4526.0,4526.0,4539.0,4394.0,4413.0,2564600
2026-08-12,4495.0,4495.0,4625.0,4437.0,4593.0,2963800
2026-08-13,4480.0,4480.0,4509.0,4445.0,4451.0,2265700
2026-08-14,4499.0,4499.0,4517.0,4401.0,4445.0,2875100
2026-08-17,4345.0,4345.0,4463.0,4345.0,4460.0,2595200
2026-08-18,4303.0,4303.0,4329.0,4262.0,4280.0,2247700
2026-08-19,4225.20849609375,4241.0,4325.0,4169.0,4322.0,3204100
2026-08-20,4362.69482421875,4379.0,4399.0,4314.0,4341.0,2533300
2026-08-21,4221.2236328125,4237.0,4350.0,4201.0,4309.0,2678000
2026-08-24,4225.20849609375,4241.0,4284.0,4201.0,4235.0,1806900
2026-08-25,4273.02978515625,4289.0,4317.0,4216.0,4294.0,2249500
2026-08-26,4281.0,4297.0,4354.0,4276.0,4314.0,1985000
2026-08-27,4281.0,4297.0,4339.0,4265.0,4293.0,2179400
2026-08-28,4375.0,4375.0,4387.0,4234.0,4250.0,2143900
2026-08-31,4328.0,4328.0,4369.0,4273.0,4347.0,2466600
2026-09-01,4350.0,4350.0,4361.0,4291.0,4300.0,2460200
2026-09-02,4250.0,4250.0,4283.0,4208.0,4227.0,3244100
2026-09-03,4165.0,4165.0,4328.0,4143.0,4325.0,3924200
2026-09-04,4238.0,4238.0,4264.0,4099.0,4130.0,2968300
2026-09-07,4223.0,4223.0,4252.0,4173.0,4221.0,2038200
2026-09-08,4136.0,4136.0,4274.0,4131.0,4209.0,2456900
2026-09-09,4085.0,4085.0,4120.0,4015.0,4070.0,2926900
2026-09-10,3972.0,3972.0,4044.0,3912.0,4025.0,3712200
2026-09-11,4005.0,4005.0,4047.0,3913.0,3914.0,3970000
2026-09-14,4055.0,4055.0,4086.0,4008.0,4018.0,2325900
2026-09-15,4003.0,4003.0,4117.0,3991.0,4109.0,1962700
2026-09-16,3951.0,3951.0,4006.0,3933.0,3991.0,2082400
2026-09-17,3962.0,3962.0,3986.0,3924.0,3960.0,1804500
2026-09-18,3945.0,3945.0,3975.0,3903.0,3952.0,2847800
2026-09-24,3943.0,3943.0,3948.0,3861.0,3863.0,2369500
2026-09-25,4050.0,4050.0,4069.0,3950.0,3952.0,3156500
2026-09-28,4033.0,4033.0,4112.0,4016.0,4065.0,3203100
2026-09-29,4057.0,4057.0,4068.0,4002.0,4060.0,2646800
2026-09-30,4192.0,4192.0,4218.0,4039.0,4058.0,3322000
2026-10-01,4254.0,4254.0,4287.0,4153.0,4190.0,2657000
